 
------------------------------------------
CANTIDAD DE EJECUCIONES: 100
HEURÍSTICA DE CONSTRUCCIÓN: CMT
COSTO TOTAL: 1270.35
TOTAL DE RUTAS: 3
TIEMPO DE EJECUCIÓN: 859 milisegundos
 
R1[62, 19, 47, 36, 48, 7, 88, 31, 82, 70, 65, 20, 51, 71, 46, 10, 32, 30, 66, 90, 63, 11, 49, 64, 8, 35, 9, 18, 52]
R2[53, 28, 26, 33, 50, 68, 3, 77, 80, 12, 24, 29, 76, 79, 78, 34, 81, 1, 69, 27, 54, 21, 58, 40, 4, 55, 25, 39, 67, 72, 56, 73, 75, 74, 23, 22, 89, 13, 41, 2]
R3[98, 87, 57, 15, 43, 42, 14, 38, 44, 86, 16, 45, 17, 84, 83, 61, 100, 91, 95, 6, 94, 97, 92, 96, 37, 85, 59, 99, 60, 5, 93]
------------------------------------------
