 
------------------------------------------
CANTIDAD DE EJECUCIONES: 100
HEURÍSTICA DE CONSTRUCCIÓN: SaveSequential
COSTO TOTAL: 662.86
TOTAL DE RUTAS: 3
 
R1[72, 39, 9, 32, 50, 25, 55, 18, 24, 49, 23, 56, 43, 41, 42, 64, 22, 61, 69, 71, 60, 70, 20, 37, 36, 47, 21, 28, 62, 1, 73]
R2[2, 74, 30, 48, 5, 15, 57, 13, 54, 59, 66, 65, 11, 38, 10, 31, 58, 53, 14, 19, 35, 8, 7]
R3[67, 26, 17, 12, 40, 44, 3, 16, 63, 33, 6, 51, 68, 29, 45, 27, 52, 46, 34, 4, 75]
------------------------------------------
