 
------------------------------------------
CANTIDAD DE EJECUCIONES: 100
HEURÍSTICA DE CONSTRUCCIÓN: SaveSequential
COSTO TOTAL: 658.41
TOTAL DE RUTAS: 3
 
R1[73, 1, 62, 28, 21, 47, 36, 37, 20, 70, 60, 71, 69, 61, 22, 64, 42, 41, 43, 56, 23, 49, 24, 18, 55, 25, 50, 32, 9, 39, 72]
R2[45, 29, 30, 74, 48, 5, 15, 57, 13, 54, 59, 66, 65, 11, 38, 10, 31, 58, 53, 14, 19, 35, 8, 7]
R3[26, 67, 46, 34, 52, 27, 4, 2, 33, 63, 16, 3, 44, 40, 12, 17, 51, 6, 68, 75]
------------------------------------------
