 
------------------------------------------
CANTIDAD DE EJECUCIONES: 100
HEURÍSTICA DE CONSTRUCCIÓN: SaveSequential
COSTO TOTAL: 664.52
TOTAL DE RUTAS: 3
 
R1[73, 1, 62, 28, 21, 47, 36, 37, 20, 70, 60, 71, 69, 61, 22, 64, 42, 41, 43, 56, 23, 49, 24, 18, 55, 25, 50, 32, 9, 39, 72]
R2[68, 75, 74, 48, 5, 15, 57, 13, 54, 59, 66, 65, 11, 38, 10, 31, 58, 53, 14, 19, 35, 8, 7, 46]
R3[6, 51, 17, 12, 40, 44, 3, 16, 63, 33, 2, 30, 29, 45, 27, 52, 34, 4, 67, 26]
------------------------------------------
