 
------------------------------------------
CANTIDAD DE EJECUCIONES: 100
HEURÍSTICA DE CONSTRUCCIÓN: NearestNeighborWithRLC
COSTO TOTAL: 1960.36
TOTAL DE RUTAS: 3
TIEMPO DE EJECUCIÓN: 274 milisegundos
 
R1[99, 98, 100, 1, 97, 96, 94, 2, 4, 95, 93, 91, 87, 89, 6, 60, 83, 5, 92, 88, 82, 7, 90, 70, 81, 33, 80, 79, 3, 77, 9, 10, 76, 50, 69, 62, 11, 84, 85, 86, 8, 61, 59, 37, 75, 73]
R2[12, 74, 58, 53, 72, 13, 15, 14, 44, 43, 16, 57, 54, 78, 18, 52, 48, 47, 17, 49, 36, 64, 71, 66, 68, 56, 67, 55, 39, 51, 19, 65, 35, 63, 46, 45, 40, 42, 38, 41, 23, 22]
R3[21, 34, 32, 30, 31, 28, 27, 26, 25, 24, 29, 20]
------------------------------------------
