 
------------------------------------------
CANTIDAD DE EJECUCIONES: 100
HEURÍSTICA DE CONSTRUCCIÓN: NearestNeighborWithRLC
COSTO TOTAL: 1965.06
TOTAL DE RUTAS: 3
TIEMPO DE EJECUCIÓN: 248 milisegundos
 
R1[99, 1, 96, 2, 4, 80, 94, 98, 97, 93, 92, 95, 91, 85, 61, 16, 86, 100, 5, 84, 83, 90, 88, 82, 89, 87, 76, 77, 6, 75, 81, 3, 79, 68, 69, 7, 70, 31, 10, 66, 71, 78]
R2[34, 35, 65, 63, 32, 30, 62, 64, 11, 9, 58, 74, 73, 72, 57, 43, 59, 8, 53, 60, 52, 50, 54, 13, 40, 42, 37, 44, 38, 15, 41, 67, 14, 45, 17, 18, 47, 48, 51, 33, 29, 24, 55, 39, 56, 26]
R3[28, 27, 21, 22, 12, 23, 19, 49, 36, 25, 20, 46]
------------------------------------------
