 
------------------------------------------
CANTIDAD DE EJECUCIONES: 100
HEURÍSTICA DE CONSTRUCCIÓN: HeuristicType.CMT
COSTO TOTAL: 926.42
TOTAL DE RUTAS: 3
TIEMPO DE EJECUCIÓN: 1.833491325378418 milisegundos
 
R1[1, 16, 63, 23, 17, 44, 2, 68, 26, 75, 6, 3, 62, 51, 23, 56, 42, 41, 42, 42, 64, 43, 33, 73, 28]
R2[47, 21, 69, 36, 71, 60, 37, 60, 70, 20, 57, 5, 48, 15, 29, 74, 30, 45, 27, 13, 4, 52, 54, 34, 46, 67, 8, 19, 35]
R3[11, 59, 53, 59, 14, 14, 66, 38, 7, 65, 31, 55, 18, 32, 9, 40, 10, 39, 58, 12, 72]
------------------------------------------
