 
------------------------------------------
CANTIDAD DE EJECUCIONES: 100
HEURÍSTICA DE CONSTRUCCIÓN: HeuristicType.CMT
COSTO TOTAL: 956.51
TOTAL DE RUTAS: 3
TIEMPO DE EJECUCIÓN: 1.8828113079071045 milisegundos
 
R1[49, 3, 44, 16, 63, 51, 73, 62, 6, 56, 23, 63, 16, 56, 56, 56, 56, 32, 55, 56, 23, 56, 56, 56]
R2[7, 10, 38, 65, 65, 38, 38, 38, 39, 72, 11, 59, 53, 14, 54, 52, 34, 17, 67, 46, 26, 8, 19, 40, 12, 75, 4, 27, 68, 13, 45]
R3[36, 69, 70, 60, 69, 21, 74, 5, 28, 22, 61, 57, 20, 60, 37, 15, 29, 30, 47, 48]
------------------------------------------
