 
------------------------------------------
CANTIDAD DE EJECUCIONES: 100
HEURÍSTICA DE CONSTRUCCIÓN: HeuristicType.KilbyAlgorithm
COSTO TOTAL: 31860.28
TOTAL DE RUTAS: 5
TIEMPO DE EJECUCIÓN: 65.42631435394287 milisegundos
 
R1[1, 10, 12, 9, 18, 300, 218, 255, 253, 248, 263, 261, 294, 289, 209, 292, 210, 271, 269, 256, 279, 277, 286, 284, 202, 281, 201, 311, 314, 236, 303, 20, 17, 26, 28, 34, 36, 25, 239, 317, 33, 231, 309, 238, 315, 230, 307, 223, 301, 280, 222, 299, 215, 293, 214, 291, 296, 272, 206, 283, 207, 285, 288, 204, 282, 264, 212, 290, 287, 220, 298, 295, 228, 306, 303, 297, 302, 245, 247, 226, 308, 243, 246, 225, 305, 310]
R2[3, 13, 11, 21, 19, 29, 37, 27, 156, 35, 148, 153, 240, 145, 232, 140, 198, 137, 224, 157, 184, 177, 132, 129, 216, 134, 190, 121, 208, 124, 126, 122, 205, 182, 130, 213, 127, 138, 221, 135, 146, 229, 143, 154, 237, 151, 123, 203, 125, 128, 196, 199, 174, 188, 191, 133, 131, 211, 136, 180, 183, 166, 172, 175, 141, 139, 219, 144, 164, 167, 149, 161, 168, 147, 227, 169, 176, 152, 177, 162, 165, 185, 192, 155, 235, 163]
R3[4, 6, 7, 15, 14, 23, 22, 31, 39, 30, 74, 38, 66, 320, 73, 312, 65, 58, 304, 355, 57, 50, 49, 347, 41, 42, 339, 44, 52, 60, 68, 319, 76, 46, 47, 354, 357, 331, 346, 349, 333, 330, 323, 341, 338, 54, 55, 63, 62, 322, 325, 71, 321, 328, 254, 329, 70, 316, 336, 262, 337, 344, 244, 324, 327, 79, 270, 345, 313, 318, 352, 278, 353, 326, 78, 252, 332, 335, 360, 260, 340, 343, 334, 268, 348, 351, 276, 356, 359, 342, 350, 358]
R4[2, 251, 259, 242, 267, 233, 193, 275, 241, 170, 194, 266, 186, 249, 171, 258, 178, 179, 274, 250, 257, 187, 265, 195, 273]
R5[5, 8, 16, 24, 32, 40, 158, 75, 150, 67, 142, 113, 59, 51, 105, 43, 97, 45, 53, 61, 69, 159, 77, 48, 114, 116, 89, 106, 108, 56, 98, 100, 81, 90, 92, 64, 82, 84, 83, 86, 91, 72, 94, 99, 102, 85, 87, 120, 112, 104, 119, 197, 117, 111, 189, 109, 96, 103, 181, 101, 118, 95, 173, 93, 80, 88, 200, 115, 110, 160, 107]
------------------------------------------
