 
------------------------------------------
CANTIDAD DE EJECUCIONES: 100
HEURÍSTICA DE CONSTRUCCIÓN: HeuristicType.KilbyAlgorithm
COSTO TOTAL: 32383.42
TOTAL DE RUTAS: 5
TIEMPO DE EJECUCIÓN: 64.87767338752747 milisegundos
 
R1[1, 10, 12, 9, 18, 20, 17, 26, 28, 34, 36, 25, 239, 317, 33, 231, 309, 238, 315, 230, 307, 223, 301, 280, 222, 299, 215, 293, 214, 291, 296, 272, 206, 283, 207, 285, 288, 204, 282, 264, 212, 290, 287, 220, 298, 295, 228, 306, 303, 236, 314, 311, 201, 281, 202, 284, 286, 277, 279, 256, 269, 271, 210, 292, 209, 289, 294, 261, 263, 248, 253, 255, 218, 300, 217, 297, 302, 245, 247, 226, 308, 243, 246, 225, 305, 310]
R2[3, 13, 11, 21, 19, 29, 37, 27, 156, 35, 148, 153, 240, 145, 232, 140, 198, 137, 224, 132, 129, 216, 134, 154, 143, 229, 146, 135, 221, 138, 127, 213, 130, 182, 205, 122, 126, 124, 208, 121, 190, 237, 151, 123, 203, 125, 128, 196, 199, 174, 188, 191, 133, 131, 211, 136, 180, 183, 166, 172, 175, 141, 139, 219, 144, 164, 167, 149, 161, 168, 147, 227, 169, 176, 152, 177, 184, 157, 234, 162, 165, 185, 192, 155, 235, 163]
R3[4, 6, 7, 15, 14, 23, 22, 31, 39, 30, 74, 38, 66, 320, 73, 312, 65, 58, 304, 355, 57, 50, 49, 347, 41, 42, 339, 44, 52, 60, 68, 319, 76, 46, 47, 354, 357, 331, 346, 349, 55, 54, 338, 341, 323, 330, 333, 63, 62, 322, 325, 71, 321, 328, 254, 329, 70, 316, 336, 262, 337, 344, 244, 324, 327, 79, 270, 345, 313, 318, 352, 278, 353, 326, 78, 252, 332, 335, 360, 260, 340, 343, 334, 268, 348, 351, 276, 356, 359, 342, 350, 358]
R4[2, 251, 259, 242, 267, 233, 193, 275, 241, 170, 250, 178, 258, 171, 179, 274, 194, 266, 186, 249, 257, 187, 265, 195, 273]
R5[5, 8, 16, 24, 32, 40, 158, 75, 115, 110, 160, 107, 87, 85, 102, 99, 94, 72, 91, 86, 150, 67, 142, 113, 59, 51, 105, 43, 97, 45, 53, 61, 69, 159, 77, 48, 114, 116, 89, 106, 108, 56, 98, 100, 81, 90, 92, 64, 82, 84, 83, 86, 88, 80, 93, 173, 95, 118, 101, 181, 103, 96, 109, 189, 111, 117, 197, 119, 104, 112, 120]
------------------------------------------
