 
------------------------------------------
CANTIDAD DE EJECUCIONES: 100
HEURÍSTICA DE CONSTRUCCIÓN: NearestNeighborWithRLC
COSTO TOTAL: 1577.7
TOTAL DE RUTAS: 10
TIEMPO DE EJECUCIÓN: 211 milisegundos
 
R1[75, 3, 7, 10, 11, 6, 9, 4, 2, 1, 8, 5, 99, 100, 97]
R2[12, 15, 19, 17, 18, 16, 14, 13, 28, 27, 26, 29]
R3[25, 24, 20, 22, 30, 23, 21, 32]
R4[34, 36, 39, 38, 33, 35, 31, 37, 51, 52, 49, 47, 46, 50]
R5[44, 45, 42, 41, 43, 74, 72, 40, 68, 67]
R6[48, 64, 69, 91, 96, 98, 93, 95]
R7[92, 89, 88, 94, 87, 85, 84, 86]
R8[82, 83, 81, 90, 79, 78, 80, 77, 71, 73, 76, 70, 63, 65]
R9[61, 66, 62, 59, 60, 56, 53, 55]
R10[58, 54, 57]
------------------------------------------
