 
------------------------------------------
CANTIDAD DE EJECUCIONES: 100
HEURÍSTICA DE CONSTRUCCIÓN: MoleJameson
COSTO TOTAL: 1646.98
TOTAL DE RUTAS: 8
TIEMPO DE EJECUCIÓN: 2475 milisegundos
 
R1[40, 43, 48, 45, 52, 65, 61, 62, 64, 66, 63, 60, 59, 58, 57, 56, 55, 54, 53, 79]
R2[111, 86, 89, 85, 84, 18, 118, 108, 114, 90, 91, 92, 87]
R3[105, 102, 101, 99, 100, 104, 107, 103, 116, 98, 110, 115, 109, 97, 94, 93, 96, 95]
R4[106, 120, 119, 82, 81, 117, 83, 6, 10, 11, 9, 7, 113, 112, 88]
R5[73, 71, 74, 75, 72, 78, 80, 77, 76, 68, 39]
R6[21, 20, 23, 25, 22, 24, 28, 32, 35, 31, 27, 30, 33, 34, 36, 29, 37, 42, 47, 51, 50, 49, 46, 44, 41, 38]
R7[3, 4, 15, 14, 13, 12, 8, 67, 70, 69]
R8[2, 1, 5, 16, 19, 26, 17]
------------------------------------------
