 
------------------------------------------
CANTIDAD DE EJECUCIONES: 100
HEURÍSTICA DE CONSTRUCCIÓN: HeuristicType.MoleJameson
COSTO TOTAL: 722.36
TOTAL DE RUTAS: 3
TIEMPO DE EJECUCIÓN: 16.259044408798218 milisegundos
 
R1[45, 29, 48, 5, 15, 57, 37, 20, 70, 71, 36, 69, 47, 21, 61, 22, 28, 62, 42, 41, 56, 23, 43, 1, 73, 63, 49, 16, 33, 55, 72]
R2[68, 6, 51, 32, 44, 3, 44, 24, 18, 50, 9, 31, 10, 65, 66, 11, 38, 58, 39, 12, 40, 17]
R3[2, 74, 30, 27, 13, 54, 19, 59, 14, 53, 7, 35, 8, 52, 34, 46, 67, 26, 4, 75]
------------------------------------------
