 
------------------------------------------
CANTIDAD DE EJECUCIONES: 100
HEURÍSTICA DE CONSTRUCCIÓN: HeuristicType.MoleJameson
COSTO TOTAL: 680.31
TOTAL DE RUTAS: 3
TIEMPO DE EJECUCIÓN: 16.891316413879395 milisegundos
 
R1[29, 5, 15, 57, 37, 20, 70, 60, 71, 69, 36, 47, 21, 61, 64, 41, 56, 23, 24, 18, 49, 16, 63, 33, 73, 1, 43, 42, 22, 62, 28, 74]
R2[68, 6, 51, 3, 44, 50, 55, 25, 31, 10, 65, 66, 59, 14, 53, 11, 38, 58, 72, 39, 9, 32, 17]
R3[40, 12, 26, 67, 34, 46, 8, 7, 35, 19, 54, 13, 27, 52, 4, 45, 48, 30, 2, 75]
------------------------------------------
