 
------------------------------------------
HEURÍSTICA DE CONSTRUCCIÓN: Sweep
COSTO TOTAL: 14802.71
TOTAL DE RUTAS: 19
TIEMPO DE EJECUCIÓN: 13.02196979522705
 
R1[85, 176, 5, 125, 196, 88, 192, 149, 121, 3]
R2[144, 44, 52, 160, 180, 105, 110, 23]
R3[43, 145, 55, 17, 30, 171, 113, 166, 199, 126, 167]
R4[177, 38, 62, 59, 82, 158, 11, 111, 165, 99, 18, 13]
R5[75, 46, 94, 33, 65, 83, 29, 14, 56, 28]
R6[179, 63, 47, 119, 133, 41, 122, 100, 146, 188]
R7[8, 74, 98, 86, 195, 1, 40, 50, 45, 104, 6]
R8[31, 81, 191, 200, 198, 130, 154, 155, 115, 24, 79, 183]
R9[132, 169, 36, 114, 95, 164, 21, 139, 73]
R10[135, 9, 76, 39, 117, 172, 93, 91, 103, 184]
R11[168, 97, 15, 162, 64, 112, 96, 19, 27, 67]
R12[189, 148, 48, 116, 190, 186, 89, 156, 137, 84, 71, 138]
R13[175, 187, 58, 101, 193, 140, 61, 4, 70, 129, 25, 120, 78]
R14[182, 12, 35, 16, 142, 131, 152, 174, 141, 77, 106]
R15[161, 150, 90, 136, 34, 108, 53, 128, 123, 170, 54, 173, 178, 147, 124, 10]
R16[118, 197, 32, 72, 159, 153, 163, 22, 42, 68]
R17[2, 109, 143, 157, 37, 20, 134, 92, 66, 127, 181]
R18[185, 51, 194, 26, 80, 102, 69, 107, 60, 49, 151]
R19[87, 7, 57]
------------------------------------------
