 
------------------------------------------
HEURÍSTICA DE CONSTRUCCIÓN: Sweep
COSTO TOTAL: 14854.15
TOTAL DE RUTAS: 18
TIEMPO DE EJECUCIÓN: 13.062096118927002
 
R1[24, 30, 58, 167, 50, 61, 169, 197, 187, 60, 161]
R2[72, 98, 94, 79, 170, 91, 18, 166, 121, 6, 27]
R3[45, 181, 17, 21, 137, 46, 13, 49, 177, 80, 199, 190, 75]
R4[106, 198, 89, 141, 135, 22, 74, 131, 52, 124, 118, 171]
R5[81, 185, 172, 2, 176, 111, 151, 100, 145, 163, 148]
R6[120, 95, 62, 125, 182, 109, 99, 126, 39, 55, 200]
R7[48, 53, 138, 122, 51, 108, 114, 82, 160, 26, 70, 113]
R8[93, 107, 149, 195, 20, 147, 150, 64, 183, 36]
R9[180, 85, 139, 29, 129, 32, 69, 23, 3, 92]
R10[178, 164, 38, 152, 133, 116, 88, 189, 136, 84, 96, 35]
R11[31, 159, 68, 112, 86, 115, 66, 63, 14, 15, 140]
R12[97, 156, 4, 193, 191, 158, 146, 56, 33, 184]
R13[34, 174, 110, 16, 155, 144, 11, 188, 173, 192, 67]
R14[54, 65, 179, 28, 105, 102, 9, 83, 10, 7, 1]
R15[130, 196, 143, 40, 175, 37, 8, 186, 5, 117, 42]
R16[78, 25, 73, 47, 12, 157, 142, 154, 101, 132, 127, 153]
R17[103, 128, 44, 43, 123, 87, 76, 104, 41, 168, 77]
R18[165, 134, 71, 19, 119, 57, 194, 59, 90, 162]
------------------------------------------
