 
------------------------------------------
HEURÍSTICA DE CONSTRUCCIÓN: Sweep
COSTO TOTAL: 15059.91
TOTAL DE RUTAS: 19
TIEMPO DE EJECUCIÓN: 13.522228717803955
 
R1[18, 165, 110, 198, 178, 102, 71, 45, 29, 148, 77, 50, 133]
R2[135, 27, 73, 136, 33, 82, 46, 108, 123, 41, 86]
R3[19, 159, 13, 132, 1, 131, 15, 139, 87, 95]
R4[58, 146, 111, 126, 185, 55, 116, 156, 66]
R5[145, 150, 171, 81, 52, 34, 43, 186, 78, 180]
R6[184, 194, 109, 105, 6, 161, 151, 14, 25, 85, 143, 122, 67]
R7[70, 129, 137, 38, 158, 154, 190, 72, 17, 2]
R8[36, 54, 120, 169, 4, 168, 195, 68, 32, 173, 88]
R9[152, 61, 183, 166, 96, 65, 57, 130, 59, 138, 23]
R10[157, 10, 113, 182, 188, 176, 63, 114, 112, 28, 107, 44]
R11[164, 179, 100, 9, 181, 48, 92, 40, 24, 91, 98]
R12[104, 12, 75, 193, 191, 35, 79, 90, 30, 22, 16, 167]
R13[187, 101, 3, 8, 115, 189, 97, 170, 118, 74]
R14[140, 60, 192, 84, 56, 134, 197, 124, 26, 199, 153]
R15[121, 175, 142, 83, 89, 37, 11, 117, 76, 42, 64]
R16[103, 94, 149, 177, 53, 93, 69, 119, 49, 141, 196, 144]
R17[106, 200, 160, 127, 172, 155, 5, 47, 128, 21]
R18[39, 7, 62, 20, 80, 174, 99, 31, 147, 162, 51]
R19[125, 163]
------------------------------------------
