 
------------------------------------------
CANTIDAD DE EJECUCIONES: 100
HEURÍSTICA DE CONSTRUCCIÓN: RandomMethod
COSTO TOTAL: 6383.6
TOTAL DE RUTAS: 8
TIEMPO DE EJECUCIÓN: 71 milisegundos
 
R1[98, 74, 13, 53, 40, 22, 38, 99, 88, 102, 18, 3, 89, 31, 101, 77, 11, 107, 111, 94, 27]
R2[96, 119, 76, 51, 47, 26, 43, 70, 117, 7, 28, 73]
R3[41, 2, 66, 23, 24, 35, 52, 69, 1, 55, 56, 71, 64, 68, 80, 106, 14, 17, 90, 120]
R4[118, 20, 59, 78, 5, 82, 108, 100, 86, 105, 109, 62, 84, 50, 110]
R5[8, 33, 48, 42, 21, 93, 85, 61, 91, 29, 30, 72, 115, 114, 113, 15, 36, 95, 54, 44, 58, 12]
R6[9, 92, 4, 6, 104, 57, 63, 81, 103, 60, 65, 83, 45, 116, 112]
R7[10, 97, 75, 46, 19, 32, 16, 37, 87]
R8[39, 25, 49, 79, 67, 34]
------------------------------------------
