 
------------------------------------------
CANTIDAD DE EJECUCIONES: 100
HEURÍSTICA DE CONSTRUCCIÓN: RandomMethod
COSTO TOTAL: 6420.28
TOTAL DE RUTAS: 9
TIEMPO DE EJECUCIÓN: 54 milisegundos
 
R1[11, 72, 120, 27, 96, 64, 112, 10, 3, 4, 52, 59]
R2[73, 79, 35, 31, 19, 80, 46, 15, 12, 37, 30, 36, 106, 117]
R3[7, 65, 85, 78, 119, 22, 9, 100, 23, 58, 111, 29, 95]
R4[94, 105, 41, 113, 71, 1, 20, 66, 61, 69, 101]
R5[38, 103, 109, 108, 114, 118, 51, 70, 14, 87, 98]
R6[76, 39, 47, 24, 62, 40, 25, 57, 56, 42, 67, 104, 86, 99]
R7[102, 44, 16, 63, 77, 116, 74, 28, 60, 88, 6, 53, 83, 26, 8, 107, 91, 45, 89, 68, 5, 81]
R8[54, 55, 48, 13, 32, 21, 2, 43, 18, 34, 33, 82, 92, 110]
R9[84, 49, 17, 115, 90, 93, 97, 50, 75]
------------------------------------------
