 
------------------------------------------
CANTIDAD DE EJECUCIONES: 100
HEURÍSTICA DE CONSTRUCCIÓN: RandomMethod
COSTO TOTAL: 6177.28
TOTAL DE RUTAS: 8
TIEMPO DE EJECUCIÓN: 67 milisegundos
 
R1[76, 37, 44, 45, 49, 64, 28, 24, 63, 108, 103, 113, 42, 73]
R2[5, 116, 35, 69, 50, 55, 43, 81, 11, 18, 83, 118, 56, 36, 111]
R3[22, 102, 16, 27, 61, 74, 53, 109, 100, 40, 66]
R4[119, 58, 86, 95, 65, 72, 59, 60, 3, 26, 13, 4, 97, 30, 34, 12, 23, 25, 20, 68]
R5[32, 112, 82, 89, 107, 1, 19, 62, 39, 48, 21, 33, 101, 57]
R6[115, 41, 9, 104, 70, 96, 105, 114, 85, 92, 6, 17, 15, 88, 120, 38, 31, 47, 79, 94, 78, 87]
R7[10, 14, 54, 71, 8, 2, 90, 46, 75, 110]
R8[99, 29, 51, 7, 93, 67, 84, 106, 77, 91, 80, 52, 117, 98]
------------------------------------------
