 
------------------------------------------
CANTIDAD DE EJECUCIONES: 100
HEURÍSTICA DE CONSTRUCCIÓN: HeuristicType.NearestNeighborWithRLC
COSTO TOTAL: 20577.08
TOTAL DE RUTAS: 3
TIEMPO DE EJECUCIÓN: 16.02426314353943 milisegundos
 
R1[7, 2, 3, 4, 6, 5, 8, 15, 1, 13, 12, 10, 11, 14, 31, 9, 29, 18, 16, 20, 21, 28, 26, 19, 22, 17, 23, 24, 39, 36, 34, 30, 37, 25, 27, 317, 239, 231, 156, 309, 74, 32, 66, 38, 40, 35, 148, 355, 320, 315, 312, 33, 307, 42, 41, 347, 304, 301, 43, 339, 311, 306, 299, 303, 293, 291, 296, 288, 298, 295, 285, 290, 287, 283, 284, 282, 272, 280, 240, 238, 264, 44, 45, 47, 232, 224, 229, 230, 223, 228, 222, 220, 221, 216]
R2[214, 213, 215, 208, 198, 212, 158, 206, 207, 204, 202, 205, 190, 153, 151, 145, 142, 140, 150, 146, 137, 182, 143, 132, 113, 138, 134, 135, 75, 73, 129, 130, 127, 67, 125, 65, 126, 59, 122, 58, 57, 121, 50, 105, 97, 124, 68, 49, 51, 61, 69, 60, 53, 48, 357, 354, 52, 349, 346, 319, 314, 46, 292, 55, 286, 281, 341, 338, 333, 54, 56, 330, 323, 294, 300, 289, 63, 279, 331, 277, 269, 263]
R3[325, 261, 256, 322, 255, 308, 271, 302, 253, 297, 248, 236, 237, 211, 210, 247, 245, 218, 226, 209, 201, 219, 203, 196, 217, 199, 188, 191, 183, 180, 174, 175, 166, 172, 167, 159, 141, 164, 62, 144, 64, 149, 154, 71, 128, 123, 139, 133, 131, 116, 136, 114, 106, 76, 77, 352, 100, 345, 98, 92, 344, 108, 89, 84, 337, 82, 81, 336, 329, 72, 90, 328, 321, 310, 327, 70, 305, 324, 254, 316, 251]
------------------------------------------
