 
------------------------------------------
HEURÍSTICA DE CONSTRUCCIÓN: MoleJameson
COSTO TOTAL: 814.31
TOTAL DE RUTAS: 6
TIEMPO DE EJECUCIÓN: 8.577612161636353
 
R1[29, 5, 37, 20, 70, 71, 36, 69, 47, 28, 22, 21, 61, 22]
R2[27, 52, 34, 13, 57, 54, 19, 59, 14, 35, 8, 46, 67]
R3[30, 48, 74, 62, 42, 41, 56, 23, 24, 49, 63, 43, 1, 73, 2, 68]
R4[9, 25, 55, 18, 50, 32, 44, 3, 40, 39, 58, 12, 17]
R5[4, 7, 53, 10, 38, 11, 66, 65, 38, 26]
R6[33, 16, 51, 6, 15, 45, 75]
------------------------------------------
