 
------------------------------------------
HEURÍSTICA DE CONSTRUCCIÓN: MoleJameson
COSTO TOTAL: 808.02
TOTAL DE RUTAS: 6
TIEMPO DE EJECUCIÓN: 9.358447313308716
 
R1[29, 5, 37, 20, 70, 71, 36, 69, 47, 21, 28, 22, 61, 22]
R2[27, 15, 57, 13, 54, 19, 14, 35, 7, 8, 52, 34, 46, 67]
R3[40, 39, 9, 10, 65, 31, 25, 55, 18, 50, 32, 44, 3]
R4[30, 48, 74, 62, 63, 49, 24, 23, 56, 41, 42, 43, 1, 73, 2, 68]
R5[75, 6, 33, 16, 51, 17, 12, 58, 38, 11, 26]
R6[53, 66, 59, 45, 4]
------------------------------------------
