 
------------------------------------------
HEURÍSTICA DE CONSTRUCCIÓN: MoleJameson
COSTO TOTAL: 816.14
TOTAL DE RUTAS: 6
TIEMPO DE EJECUCIÓN: 8.465406656265259
 
R1[29, 5, 37, 20, 70, 71, 36, 69, 47, 21, 61, 22, 28, 72]
R2[27, 52, 34, 15, 57, 13, 54, 19, 14, 35, 7, 8, 46, 67]
R3[18, 55, 25, 9, 39, 50, 32, 24, 49, 56, 23, 73, 16, 3, 44]
R4[6, 33, 2, 30, 48, 74, 62, 1, 43, 42, 41, 63, 51, 17]
R5[53, 59, 66, 11, 38, 65, 31, 10, 58, 12]
R6[75, 68, 26, 4, 45, 4]
------------------------------------------
