 
------------------------------------------
HEURÍSTICA DE CONSTRUCCIÓN: NearestNeighborWithRLC
COSTO TOTAL: 13993.62
TOTAL DE RUTAS: 19
TIEMPO DE EJECUCIÓN: 5.364076852798462
 
R1[175, 200, 155, 179, 199, 198, 178, 197, 113, 173, 162, 154, 149]
R2[196, 109, 107, 146, 139, 78, 67, 45, 39, 17]
R3[131, 2, 122, 120, 110, 193, 195, 194, 102, 101]
R4[190, 188, 187, 100, 192, 184, 191, 99, 189, 90, 76, 74, 185]
R5[73, 181, 183, 182, 176, 172, 180, 170, 169, 168]
R6[167, 177, 165, 166, 161, 68, 160, 164, 163, 159, 158, 157]
R7[64, 153, 62, 61, 44, 152, 156, 150, 151, 43, 30]
R8[27, 24, 148, 20, 144, 13, 11, 147, 143, 145, 141]
R9[140, 138, 142, 135, 137, 136, 6, 1, 133, 130, 126, 123, 129]
R10[134, 121, 119, 132, 118, 116, 124, 108, 105, 128, 125, 117]
R11[114, 111, 112, 97, 103, 95, 96, 106, 91, 93, 104]
R12[98, 92, 87, 89, 85, 83, 80, 84, 82, 81, 71, 77, 72]
R13[66, 70, 69, 79, 63, 60, 75, 59]
R14[55, 53, 57, 58, 56, 52, 50, 49, 47, 48]
R15[46, 41, 42, 40, 38, 54, 37, 35, 36]
R16[31, 28, 33, 26, 25, 34, 29, 19, 22, 32, 23]
R17[21, 16, 14, 12, 9, 15, 10, 5, 18, 3]
R18[8, 174, 7, 171, 4, 127, 186, 88, 94]
R19[51, 86, 115, 65]
------------------------------------------
