 
------------------------------------------
HEURÍSTICA DE CONSTRUCCIÓN: NearestNeighborWithRLC
COSTO TOTAL: 14133.21
TOTAL DE RUTAS: 19
TIEMPO DE EJECUCIÓN: 4.9891133308410645
 
R1[179, 178, 175, 155, 113, 200, 173, 199, 198, 109, 107, 78]
R2[197, 196, 67, 195, 45, 39, 194, 162, 154, 149]
R3[146, 139, 193, 17, 2, 192, 131, 190, 188, 122, 191, 120]
R4[189, 187, 184, 185, 183, 181, 176, 110, 102, 101, 182]
R5[100, 180, 172, 99, 177, 169, 90, 168, 170, 76, 74, 167]
R6[165, 166, 161, 164, 163, 159, 160, 73, 68, 158, 156]
R7[64, 153, 152, 62, 151, 157, 61, 150, 147, 148, 144, 143]
R8[44, 142, 141, 145, 138, 137, 140, 136, 134, 135, 43, 130]
R9[129, 128, 30, 27, 24, 20, 126, 133, 124, 123, 132, 13]
R10[121, 11, 125, 6, 118, 1, 116, 108, 117, 105, 97]
R11[119, 114, 111, 106, 112, 104, 96, 103, 95, 93, 98, 92]
R12[85, 89, 91, 81, 83, 80, 79, 71, 87, 84, 82, 77]
R13[75, 70, 66, 59, 72, 57, 55, 53]
R14[69, 63, 48, 58, 60, 52, 47, 56, 41, 40]
R15[54, 37, 36, 35, 50, 34, 46, 42, 33]
R16[49, 31, 38, 28, 32, 25, 19, 26, 15, 14, 29, 23]
R17[12, 21, 22, 16, 10, 5, 4, 18, 3, 9, 7, 174]
R18[171, 127, 8, 186, 88, 94, 65, 115]
R19[51, 86]
------------------------------------------
