 
------------------------------------------
HEURÍSTICA DE CONSTRUCCIÓN: NearestNeighborWithRLC
COSTO TOTAL: 13773.89
TOTAL DE RUTAS: 18
TIEMPO DE EJECUCIÓN: 4.986078262329102
 
R1[200, 175, 155, 199, 179, 113, 178, 198, 173, 162, 154, 149, 146]
R2[109, 139, 197, 196, 107, 195, 131, 78, 194]
R3[193, 67, 122, 120, 45, 192, 110, 102, 39, 17, 191, 101]
R4[190, 189, 2, 187, 188, 184, 185, 181, 176, 100, 172]
R5[183, 182, 180, 170, 177, 169, 167, 166, 165, 164, 168, 99]
R6[161, 163, 159, 90, 160, 156, 76, 74, 158, 153, 157]
R7[152, 151, 150, 73, 68, 147, 144, 148, 145, 64, 143, 142]
R8[141, 140, 62, 138, 135, 137, 134, 133, 61, 44, 130, 43]
R9[129, 136, 30, 27, 24, 20, 128, 126, 13, 124, 11, 6]
R10[1, 123, 119, 118, 116, 121, 132, 125, 117, 108, 114]
R11[111, 112, 105, 97, 106, 103, 104, 96, 93, 98, 95]
R12[89, 92, 85, 83, 81, 87, 77, 80, 71, 70, 66, 91]
R13[79, 84, 82, 75, 59, 69, 72, 63, 58, 60]
R14[56, 55, 53, 52, 57, 54, 49, 50, 48, 41]
R15[47, 40, 42, 37, 46, 35, 36, 33, 38]
R16[28, 31, 29, 25, 34, 32, 26, 22, 19, 23, 16, 15, 14]
R17[21, 9, 12, 5, 18, 10, 4, 7, 8, 3, 51]
R18[186, 174, 171, 88, 127, 86, 115, 94, 65]
------------------------------------------
