 
------------------------------------------
HEURÍSTICA DE CONSTRUCCIÓN: NearestNeighborWithRLC
COSTO TOTAL: 14083.69
TOTAL DE RUTAS: 19
TIEMPO DE EJECUCIÓN: 4.759869337081909
 
R1[175, 200, 155, 179, 178, 173, 113, 162, 199, 154, 109, 107]
R2[149, 146, 78, 139, 67, 131, 122, 198, 197, 45, 196]
R3[195, 39, 17, 2, 194, 120, 193, 190, 188, 192, 110]
R4[102, 187, 101, 191, 184, 183, 189, 100, 185, 181, 182, 176]
R5[180, 99, 177, 170, 169, 168, 172, 90, 166, 165, 76, 167]
R6[164, 161, 160, 159, 158, 74, 73, 68, 64, 156, 153]
R7[163, 62, 61, 152, 44, 151, 150, 43, 30, 157, 27]
R8[147, 24, 144, 20, 148, 13, 145, 142, 11, 141, 6, 143]
R9[1, 137, 135, 133, 130, 138, 134, 129, 140, 126, 123, 136]
R10[132, 121, 128, 125, 119, 124, 118, 108, 105, 117, 97]
R11[116, 112, 114, 106, 103, 96, 95, 91, 89, 111, 85]
R12[93, 104, 98, 83, 92, 80, 77, 87, 84, 82, 71, 81, 79]
R13[72, 66, 59, 70, 57, 75, 63, 69, 58]
R14[56, 55, 53, 48, 52, 60, 47, 50, 41]
R15[49, 40, 46, 42, 54, 36, 35, 34, 38, 37]
R16[33, 32, 28, 31, 25, 26, 29, 23, 19, 21]
R17[15, 14, 16, 12, 10, 5, 4, 22, 18, 7, 9, 174]
R18[171, 3, 51, 127, 88, 186, 8, 65]
R19[94, 86, 115]
------------------------------------------
