 
------------------------------------------
HEURÍSTICA DE CONSTRUCCIÓN: NearestNeighborWithRLC
COSTO TOTAL: 14089.56
TOTAL DE RUTAS: 18
TIEMPO DE EJECUCIÓN: 5.034236669540405
 
R1[175, 155, 113, 179, 178, 109, 200, 107, 78, 199, 173, 198, 67]
R2[197, 196, 195, 194, 162, 193, 154, 149, 45, 192]
R3[39, 146, 139, 17, 131, 2, 191, 122, 190, 120, 110]
R4[102, 101, 189, 100, 188, 184, 187, 99, 185, 183, 182, 176, 90]
R5[76, 74, 73, 68, 181, 172, 180, 177, 169, 64, 168, 170]
R6[166, 165, 62, 61, 167, 44, 161, 160, 164, 43]
R7[163, 159, 158, 157, 156, 152, 151, 30, 153, 148, 150]
R8[27, 147, 145, 143, 144, 24, 141, 20, 140, 138, 137]
R9[13, 11, 135, 142, 134, 136, 130, 129, 128, 6, 1, 126, 124, 133]
R10[132, 121, 125, 123, 119, 117, 116, 114, 118, 108, 111]
R11[105, 97, 112, 96, 95, 93, 106, 103, 92, 91, 89, 87]
R12[85, 83, 81, 77, 80, 71, 70, 104, 79, 98, 72]
R13[84, 69, 59, 82, 57, 75, 66, 60, 55, 58]
R14[63, 53, 52, 56, 48, 50, 49, 54, 46, 41]
R15[47, 42, 38, 37, 36, 34, 35, 40, 28, 26]
R16[33, 31, 25, 32, 19, 15, 29, 23, 22, 21, 16, 12]
R17[18, 10, 9, 4, 14, 3, 5, 8, 174, 51]
R18[171, 7, 127, 88, 186, 86, 115, 94, 65]
------------------------------------------
