 
------------------------------------------
HEURÍSTICA DE CONSTRUCCIÓN: NearestNeighborWithRLC
COSTO TOTAL: 13590.27
TOTAL DE RUTAS: 18
TIEMPO DE EJECUCIÓN: 5.00686502456665
 
R1[200, 179, 175, 178, 199, 155, 198, 113, 109, 107, 78, 173]
R2[197, 162, 67, 154, 196, 45, 149, 146, 39, 195]
R3[194, 139, 193, 131, 17, 122, 120, 2, 190, 188, 187, 184]
R4[110, 102, 192, 101, 183, 100, 181, 99, 176, 172, 191]
R5[170, 189, 169, 168, 90, 167, 76, 166, 185, 182, 165, 180]
R6[74, 73, 164, 177, 161, 163, 159, 158, 160, 157, 68, 64]
R7[156, 153, 152, 62, 150, 148, 147, 144, 143, 142, 141]
R8[140, 138, 137, 61, 151, 135, 44, 145, 134, 136, 130, 43]
R9[133, 129, 132, 30, 27, 24, 126, 128, 124, 123, 125, 121]
R10[118, 20, 119, 116, 114, 112, 13, 111, 117, 108, 106]
R11[11, 103, 105, 104, 98, 96, 95, 6, 97, 92, 1, 89]
R12[91, 87, 83, 81, 93, 85, 84, 82, 80, 77, 79, 75]
R13[72, 71, 70, 66, 59, 69, 57, 55]
R14[60, 63, 56, 58, 53, 54, 48, 47, 41, 50]
R15[40, 37, 36, 35, 34, 33, 31, 49, 28, 46]
R16[26, 52, 25, 19, 15, 42, 29, 38, 14, 22, 32, 12, 9]
R17[5, 4, 21, 3, 23, 10, 7, 16, 8, 18]
R18[174, 186, 51, 65, 171, 94, 88, 86, 115]
------------------------------------------
