 
------------------------------------------
HEURÍSTICA DE CONSTRUCCIÓN: NearestNeighborWithRLC
COSTO TOTAL: 14139.13
TOTAL DE RUTAS: 18
TIEMPO DE EJECUCIÓN: 4.893608570098877
 
R1[175, 179, 200, 155, 178, 173, 113, 109, 107, 162, 154, 78]
R2[67, 45, 149, 199, 146, 198, 139, 131, 197, 39, 122]
R3[120, 196, 195, 17, 110, 102, 194, 2, 193, 190, 101]
R4[192, 188, 100, 191, 99, 187, 90, 76, 74, 184, 183, 181]
R5[176, 189, 172, 73, 185, 170, 182, 169, 68, 64, 180, 177]
R6[167, 166, 165, 62, 164, 161, 168, 160, 163, 159, 158]
R7[61, 157, 153, 156, 151, 152, 44, 148, 43, 150, 144]
R8[143, 30, 147, 27, 145, 141, 140, 24, 142, 20]
R9[138, 13, 137, 11, 136, 134, 133, 135, 132, 130, 6, 1, 126]
R10[123, 129, 128, 125, 119, 124, 118, 121, 108, 117, 105, 97, 96]
R11[114, 112, 95, 116, 106, 103, 111, 91, 93, 104, 92]
R12[85, 89, 87, 83, 80, 77, 98, 71, 81, 70, 79, 84]
R13[72, 66, 69, 82, 63, 75, 60, 57, 58, 56]
R14[53, 59, 48, 55, 54, 47, 50, 41, 52]
R15[40, 49, 46, 42, 38, 35, 36, 34, 37, 28]
R16[33, 31, 32, 25, 19, 29, 22, 26, 21, 23, 15]
R17[18, 14, 9, 5, 16, 10, 7, 3, 12, 174]
R18[8, 4, 51, 186, 88, 127, 94, 171, 65, 86]
------------------------------------------
