 
------------------------------------------
HEURÍSTICA DE CONSTRUCCIÓN: NearestNeighborWithRLC
COSTO TOTAL: 14016.83
TOTAL DE RUTAS: 19
TIEMPO DE EJECUCIÓN: 4.775079965591431
 
R1[175, 200, 155, 199, 179, 178, 113, 198, 197, 173, 162, 109]
R2[107, 154, 196, 195, 194, 149, 146, 78, 139, 67, 45]
R3[39, 131, 122, 193, 192, 120, 110, 102, 17, 2, 101]
R4[100, 190, 191, 189, 99, 188, 90, 184, 183, 181, 187, 185]
R5[76, 74, 182, 73, 176, 172, 170, 68, 180, 177, 64]
R6[62, 61, 169, 167, 44, 43, 168, 166, 165, 161, 160]
R7[159, 158, 164, 156, 153, 30, 163, 152, 27, 24]
R8[157, 20, 150, 151, 13, 11, 148, 6, 1, 143, 138, 137, 147]
R9[145, 142, 144, 141, 140, 136, 133, 130, 135, 126, 134, 129]
R10[132, 128, 123, 121, 124, 119, 118, 125, 117, 108, 116, 105]
R11[112, 114, 111, 106, 97, 104, 103, 98, 95, 96, 92, 93]
R12[89, 91, 87, 81, 83, 85, 84, 77, 71, 80, 79]
R13[72, 70, 69, 59, 57, 55, 66, 53, 48]
R14[82, 75, 63, 60, 56, 58, 54, 50, 49, 52]
R15[46, 47, 40, 42, 41, 38, 36, 35]
R16[33, 34, 28, 31, 37, 32, 26, 19, 15, 14, 29, 25]
R17[23, 21, 22, 18, 16, 9, 12, 5, 10, 7, 3]
R18[174, 4, 51, 171, 127, 8, 88, 186, 65]
R19[86, 94, 115]
------------------------------------------
