 
------------------------------------------
CANTIDAD DE EJECUCIONES: 100
HEURÍSTICA DE CONSTRUCCIÓN: NearestNeighborWithRLC
COSTO TOTAL: 1915.31
TOTAL DE RUTAS: 3
TIEMPO DE EJECUCIÓN: 245 milisegundos
 
R1[99, 98, 100, 97, 96, 94, 1, 77, 81, 90, 2, 4, 95, 59, 92, 93, 85, 91, 61, 16, 86, 84, 5, 83, 6, 87, 82, 48, 89, 88, 76, 80, 7, 70, 79, 3, 71, 66, 65, 63]
R2[32, 64, 62, 10, 69, 9, 78, 68, 75, 74, 73, 8, 60, 52, 53, 58, 40, 26, 72, 57, 67, 56, 55, 39, 12, 11, 51, 50, 54, 43, 42, 37, 13, 44, 38, 14, 15, 41, 28, 34, 49, 47, 36, 46, 17, 18]
R3[31, 30, 19, 45, 21, 22, 27, 33, 20, 24, 35, 23, 29, 25]
------------------------------------------
