 
------------------------------------------
CANTIDAD DE EJECUCIONES: 100
HEURÍSTICA DE CONSTRUCCIÓN: NearestNeighborWithRLC
COSTO TOTAL: 2002.81
TOTAL DE RUTAS: 3
TIEMPO DE EJECUCIÓN: 220 milisegundos
 
R1[1, 96, 99, 98, 97, 100, 94, 95, 2, 4, 80, 93, 91, 85, 61, 16, 92, 59, 6, 89, 88, 90, 83, 84, 87, 82, 62, 70, 69, 77, 3, 81, 78, 76, 74, 75, 7, 52, 60, 5, 86, 73, 79, 68, 71]
R2[72, 58, 57, 56, 55, 67, 53, 54, 51, 66, 65, 63, 32, 10, 31, 50, 33, 9, 35, 34, 29, 48, 8, 47, 64, 11, 12, 42, 37, 14, 43, 44, 15, 41, 13, 46, 45, 17, 18, 40, 21, 39, 30, 20]
R3[28, 26, 22, 27, 19, 49, 24, 25, 23, 36, 38]
------------------------------------------
