 
------------------------------------------
CANTIDAD DE EJECUCIONES: 100
HEURÍSTICA DE CONSTRUCCIÓN: CMT
COSTO TOTAL: 1442.96
TOTAL DE RUTAS: 11
TIEMPO DE EJECUCIÓN: 447 milisegundos
 
R1[77, 3, 33, 81, 51, 9, 71, 35, 76, 50, 1]
R2[75, 56, 23, 22, 41, 74, 67, 73, 72]
R3[7, 82, 8, 18, 83, 45, 46, 48, 47, 36, 52, 60]
R4[54, 39, 4, 25, 55]
R5[42, 15, 43, 14, 44, 38, 86, 100, 91, 16, 92, 17]
R6[10, 62, 32, 90, 63, 11, 64, 49, 19, 70, 69]
R7[68, 80, 24, 29, 34, 78, 79, 65, 66, 20]
R8[53, 30, 88, 57, 85, 61, 84, 5, 98]
R9[97, 95, 59, 99, 93, 37, 87, 96, 6, 2]
R10[12, 31, 89, 13, 94, 58, 21, 40]
R11[28, 26, 27]
------------------------------------------
