 
------------------------------------------
CANTIDAD DE EJECUCIONES: 100
HEURÍSTICA DE CONSTRUCCIÓN: CMT
COSTO TOTAL: 1845.29
TOTAL DE RUTAS: 11
TIEMPO DE EJECUCIÓN: 493 milisegundos
 
R1[22, 24, 33, 34, 31, 27, 30, 16, 25, 19, 28, 17, 35, 20, 23, 32]
R2[65, 61, 66, 62, 64]
R3[71, 75, 78, 79, 80, 77, 74, 73, 72, 76, 68]
R4[98, 110, 115, 97, 116, 100, 99, 96, 102, 101, 104, 95, 93, 94, 105]
R5[54, 55, 56, 57, 58, 60, 59, 53, 63, 52]
R6[3, 2, 1, 4, 15, 11, 6, 5, 10, 9, 7, 14, 118]
R7[49, 51, 50, 48, 47, 42, 41, 46, 44, 29, 36, 37, 38]
R8[69, 40, 45, 43, 39, 26, 21, 12, 8, 13, 83]
R9[113, 84, 117, 18, 108, 109, 114, 90, 91, 112, 89, 92, 85]
R10[119, 120, 106, 107, 103, 70, 67, 87, 86, 111, 81, 82]
R11[88]
------------------------------------------
