 
------------------------------------------
CANTIDAD DE EJECUCIONES: 100
HEURÍSTICA DE CONSTRUCCIÓN: CMT
COSTO TOTAL: 1828.36
TOTAL DE RUTAS: 11
TIEMPO DE EJECUCIÓN: 524 milisegundos
 
R1[22, 24, 27, 33, 30, 34, 31, 35, 28, 32, 29, 36, 25, 19, 23, 26, 20]
R2[99, 104, 107, 120, 105, 106, 101, 102]
R3[62, 64, 61, 65, 66, 63, 59, 60, 58, 57, 54, 50]
R4[15, 14, 13, 9, 10, 11, 4, 3, 1, 2, 5, 6]
R5[109, 8, 12, 16, 17, 21, 46, 44, 47, 49, 37, 39]
R6[96, 92, 93, 91, 90, 83, 113, 84, 117, 112, 85, 89, 81, 86, 111]
R7[100, 55, 56, 53, 52, 41, 51, 48, 45, 43, 42]
R8[74, 78, 80, 79, 77, 71, 72, 75, 76, 73, 68]
R9[7]
R10[18, 38, 40, 67, 69, 70, 103, 116, 98, 110, 115, 118, 88]
R11[119, 108, 114, 97, 94, 95, 87, 82]
------------------------------------------
