 
------------------------------------------
CANTIDAD DE EJECUCIONES: 100
HEURÍSTICA DE CONSTRUCCIÓN: CMT
COSTO TOTAL: 1873.16
TOTAL DE RUTAS: 11
TIEMPO DE EJECUCIÓN: 507 milisegundos
 
R1[26, 21, 20, 17, 16, 23, 29, 32, 19]
R2[43, 40, 39, 38, 37, 42, 41]
R3[45, 48, 50, 49, 46, 44, 47, 51]
R4[9, 10, 13, 14, 15, 11, 4, 3, 7, 6, 5, 2]
R5[27, 33, 30, 31, 34, 36, 22, 25, 24, 28, 35, 12, 8]
R6[52, 61, 62, 64, 66, 63, 59, 60, 58, 57, 56, 54]
R7[92, 65, 55, 53, 79, 80, 78, 72, 75, 74, 76, 71]
R8[116, 98, 110, 100, 104, 103, 115, 120, 97, 99, 101, 107, 106, 105, 102]
R9[70, 69, 67, 73, 77, 68]
R10[18, 119, 81, 109, 108, 1, 83, 113, 117, 94, 96, 118, 93]
R11[95, 91, 90, 114, 89, 85, 84, 112, 86, 82, 111, 88, 87]
------------------------------------------
