 
------------------------------------------
CANTIDAD DE EJECUCIONES: 100
HEURÍSTICA DE CONSTRUCCIÓN: HeuristicType.CMT
COSTO TOTAL: 19965.12
TOTAL DE RUTAS: 4
TIEMPO DE EJECUCIÓN: 27.60123896598816 milisegundos
 
R1[122, 161, 178, 194, 182, 181, 189, 192, 200, 155, 155, 155, 131, 139, 154, 147, 141, 131, 160, 169, 164, 162, 187, 195, 199, 125, 155, 139, 166, 167, 172, 163, 174, 171, 163, 129, 128, 137, 198, 143, 153, 107, 136, 144, 191, 131, 138, 130, 123, 133, 164, 173, 179, 187, 183, 176, 168, 188, 177, 135, 126, 132, 115, 190, 124, 127, 180, 167, 170, 183, 168, 99, 151, 140, 117, 196]
R2[273, 265, 249, 270, 270, 262, 241, 282, 262, 262, 252, 287, 283, 353, 290, 263, 250, 258, 255, 284, 318, 291, 303, 348, 288, 313, 313, 281, 242, 345, 314, 279, 313, 278, 278, 300, 281, 297, 270, 270, 305, 260, 306, 279, 298, 271, 262, 270, 292, 284, 294, 310, 284, 274, 245, 356, 340, 251, 256, 253, 311, 288, 285, 295, 243, 293, 329, 358, 319, 299, 350]
R3[216, 208, 205, 213, 235, 237, 239, 224, 269, 277, 202, 204, 202, 209, 202, 204, 201, 212, 275, 233, 267, 259, 261, 210, 240, 315, 26, 25, 220, 214, 231, 223, 206, 206, 207, 218, 226, 234, 221, 211, 218, 217, 202, 228, 227, 218, 193, 218, 272, 238, 34, 280, 33, 264, 230, 261, 307, 27, 17, 18]
R4[8, 322, 327, 335, 351, 342, 334, 321, 326, 343, 344, 341, 324, 325, 323, 349, 46, 76, 72, 62, 62, 67, 150, 309, 50, 355, 134, 51, 110, 142, 65, 57, 328, 336, 49, 304, 354, 54, 56, 55, 60, 44, 61, 81, 92, 90, 90, 112, 112, 85, 87, 94, 87, 111, 119, 118, 64, 52, 69, 58, 336, 357, 70, 59, 73, 45, 347, 296, 41, 44, 80, 360, 78, 95, 112, 120, 112, 101, 93, 89, 100, 331, 338, 333, 330, 68, 48, 47, 116, 114, 97, 53, 42, 43, 105, 64, 91, 88, 85, 86, 83, 104, 96, 79, 63, 352, 71, 77, 159, 82, 106, 98, 57, 312, 320, 38, 40, 317, 66, 148, 75, 158, 30, 156, 74, 36, 32, 39, 37, 28, 19, 22, 31, 29, 20, 24, 9, 14, 11, 23, 21, 10, 12, 16, 1, 15, 13, 3, 6, 2, 4, 7, 5]
------------------------------------------
