 
------------------------------------------
CANTIDAD DE EJECUCIONES: 100
HEURÍSTICA DE CONSTRUCCIÓN: SaveSequential
COSTO TOTAL: 1030.31
TOTAL DE RUTAS: 2
TIEMPO DE EJECUCIÓN: 274 milisegundos
 
R1[27, 57, 20, 70, 60, 71, 69, 36]
R2[30, 48, 74, 28, 22, 61, 21, 47, 5, 37, 13, 54, 19, 53, 11, 14, 59, 66, 10, 31, 50, 25, 55, 18, 24, 49, 23, 56, 33, 41, 42, 64, 43, 16, 63, 1, 73, 62, 2, 29, 15, 45, 52, 8, 35, 65, 38, 58, 72, 39, 9, 32, 44, 3, 40, 12, 17, 51, 6, 68, 4, 34, 46, 7, 26, 67, 75]
------------------------------------------
