 
------------------------------------------
CANTIDAD DE EJECUCIONES: 100
HEURÍSTICA DE CONSTRUCCIÓN: SaveSequential
COSTO TOTAL: 1044.65
TOTAL DE RUTAS: 1
TIEMPO DE EJECUCIÓN: 208 milisegundos
 
R1[2, 30, 74, 48, 5, 47, 21, 28, 22, 61, 69, 36, 37, 20, 13, 54, 19, 53, 11, 14, 59, 66, 10, 31, 50, 25, 55, 18, 24, 49, 23, 56, 33, 41, 42, 64, 43, 16, 63, 1, 73, 62, 71, 60, 70, 15, 57, 29, 45, 27, 52, 8, 35, 65, 38, 58, 72, 39, 9, 32, 44, 3, 40, 12, 17, 51, 6, 68, 4, 34, 46, 7, 26, 67, 75]
------------------------------------------
