 
------------------------------------------
CANTIDAD DE EJECUCIONES: 100
HEURÍSTICA DE CONSTRUCCIÓN: RandomMethod
COSTO TOTAL: 3209.33
TOTAL DE RUTAS: 3
TIEMPO DE EJECUCIÓN: 39 milisegundos
 
R1[24, 14, 49, 66, 12, 43, 6, 26, 29, 30, 77, 67, 4, 70, 48, 52, 91, 46, 7, 79, 55, 20, 83, 36, 61, 88, 73, 35, 62, 63, 3, 41, 59, 65, 9, 85, 27, 89, 32, 17, 2, 50, 54, 87, 69, 21]
R2[19, 47, 56, 74, 93, 13, 71, 42, 68, 44, 38, 8, 82, 94, 11, 64, 34, 95, 60, 31, 25, 100, 81, 92, 96, 99, 76, 80, 10, 90, 23, 72, 75, 53, 45, 37, 84, 33, 28, 98, 86, 57]
R3[5, 16, 22, 78, 97, 15, 18, 40, 1, 51, 58, 39]
------------------------------------------
