 
------------------------------------------
CANTIDAD DE EJECUCIONES: 100
HEURÍSTICA DE CONSTRUCCIÓN: RandomMethod
COSTO TOTAL: 3068.72
TOTAL DE RUTAS: 3
TIEMPO DE EJECUCIÓN: 38 milisegundos
 
R1[96, 4, 17, 85, 16, 61, 70, 1, 14, 62, 47, 20, 75, 73, 67, 24, 27, 88, 22, 56, 26, 82, 84, 48, 53, 80, 2, 37, 50, 34, 33, 6, 55, 86, 92, 49, 3, 5, 15, 35, 12, 68, 58, 46]
R2[44, 7, 59, 28, 97, 72, 25, 71, 65, 63, 40, 39, 54, 64, 98, 94, 9, 77, 23, 51, 79, 43, 41, 69, 29, 74, 13, 10, 11, 45, 42, 19, 21, 30, 32, 95, 60, 18, 38, 91, 31, 90, 100, 57]
R3[66, 76, 99, 89, 36, 8, 93, 81, 52, 78, 87, 83]
------------------------------------------
