 
------------------------------------------
CANTIDAD DE EJECUCIONES: 100
HEURÍSTICA DE CONSTRUCCIÓN: RandomMethod
COSTO TOTAL: 3031.04
TOTAL DE RUTAS: 3
TIEMPO DE EJECUCIÓN: 41 milisegundos
 
R1[61, 12, 3, 59, 44, 33, 68, 31, 45, 22, 14, 75, 83, 86, 16, 73, 64, 65, 76, 30, 53, 37, 54, 95, 6, 36, 80, 52, 26, 41, 74, 5, 21, 25, 55, 4, 87, 99, 98, 43, 51, 77, 24, 28]
R2[38, 82, 60, 97, 63, 71, 81, 13, 39, 8, 7, 58, 100, 69, 27, 49, 48, 17, 66, 20, 94, 42, 10, 91, 96, 93, 85, 57, 32, 50, 40, 35, 84, 18, 62, 46, 90, 1, 67, 78, 70, 11, 19, 72]
R3[89, 56, 29, 15, 23, 88, 47, 92, 79, 34, 2, 9]
------------------------------------------
