 
------------------------------------------
HEURÍSTICA DE CONSTRUCCIÓN: SaveSequential
COSTO TOTAL: 6261.55
TOTAL DE RUTAS: 4
 
R1[206, 204, 201, 234, 226, 218, 210, 217, 225, 233, 275, 267, 274, 273, 265, 257, 249, 276, 268, 260, 252, 241, 250, 258, 266, 242, 244, 246, 254, 262, 270, 278, 313, 305, 297, 316, 308, 300, 292, 302, 310, 318, 353, 345, 356, 358, 350, 342, 334, 359, 351, 343, 335, 326, 332, 340, 348, 324, 327, 328, 336, 344, 352, 360, 78, 70, 62, 79, 71, 63, 55, 64, 72, 80, 118, 110, 119, 120, 112, 104, 96, 117, 109, 101, 93, 88, 95, 103, 111, 87, 85, 83, 91, 99, 107, 115, 160, 152, 144, 157, 149, 141, 133, 139, 147, 155, 200, 192, 197, 195, 187, 179, 171, 194, 186]
R2[68, 76, 357, 349, 341, 333, 325, 322, 321, 329, 337, 294, 286, 285, 284, 281, 289, 290, 298, 306, 314, 279, 271, 263, 255, 247, 245, 243, 251, 259, 253, 248, 261, 269, 277, 236, 228, 220, 209, 202, 203, 211, 219, 227, 235, 193, 185, 177, 178, 170, 163, 173, 181, 189, 165, 162, 161, 169, 164, 167, 168, 176, 184, 175, 166, 172, 180, 188, 196, 237, 229, 221, 213, 205, 208]
R3[29, 37, 156, 148, 140, 132, 158, 150, 142, 134, 126, 127, 124, 121, 122, 129, 137, 145, 153, 198, 190, 182, 174, 183, 191, 199, 154, 146, 138, 130, 131, 123, 125, 128, 136, 135, 143, 151, 159, 114, 106, 98, 90, 82, 84, 86, 94, 102, 92, 81, 100, 108, 116, 77, 69, 61, 56, 48, 47, 46, 54, 52, 60, 44, 41, 42, 45, 53, 43, 51, 59, 67, 89, 97, 105, 113, 75, 40, 32, 24, 50, 49, 57, 65]
R4[7, 4, 12, 6, 14, 15, 23, 31, 39, 74, 66, 58, 22, 30, 38, 20, 28, 36, 317, 309, 301, 293, 288, 296, 304, 312, 320, 73, 355, 347, 339, 331, 323, 330, 338, 346, 354, 319, 311, 303, 295, 287, 283, 282, 291, 299, 307, 315, 33, 256, 264, 272, 280, 238, 230, 222, 212, 207, 215, 214, 223, 216, 224, 232, 240, 35, 27, 19, 231, 239, 34, 26, 18, 25, 17, 9, 1, 10, 11, 21, 13, 16, 8, 5, 3, 2]
------------------------------------------
