 
------------------------------------------
HEURÍSTICA DE CONSTRUCCIÓN: NearestNeighborWithRLC
COSTO TOTAL: 13876.13
TOTAL DE RUTAS: 18
TIEMPO DE EJECUCIÓN: 4.854874849319458
 
R1[175, 200, 199, 155, 113, 179, 109, 107, 198, 197, 196, 195]
R2[194, 78, 67, 178, 173, 45, 39, 162, 193, 17, 192, 154]
R3[191, 2, 149, 188, 187, 146, 139, 131, 122, 190, 189, 185]
R4[120, 110, 183, 181, 184, 176, 102, 182, 172, 170]
R5[180, 169, 101, 100, 177, 99, 90, 76, 167, 166, 168, 74]
R6[73, 164, 68, 64, 161, 160, 159, 62, 61, 44]
R7[43, 30, 27, 24, 20, 165, 158, 13, 163, 11, 157, 6]
R8[153, 156, 152, 150, 151, 148, 144, 1, 147, 138, 137, 145]
R9[143, 141, 140, 135, 133, 142, 130, 136, 126, 134, 123, 132]
R10[121, 129, 119, 128, 118, 116, 108, 105, 97, 96, 124, 95]
R11[117, 125, 112, 114, 93, 111, 106, 103, 91, 104, 98, 92]
R12[87, 89, 85, 81, 83, 80, 79, 77, 72, 84, 82, 71]
R13[70, 69, 75, 59, 63, 57, 55, 60, 53]
R14[48, 58, 66, 47, 52, 41, 50, 40, 49, 56, 37]
R15[46, 36, 42, 54, 35, 33, 34, 31]
R16[28, 26, 25, 29, 19, 38, 22, 21, 32, 16, 14, 15, 9]
R17[23, 5, 4, 12, 18, 10, 3, 7, 8]
R18[174, 186, 65, 88, 127, 171, 94, 51, 86]
------------------------------------------
