 
------------------------------------------
HEURÍSTICA DE CONSTRUCCIÓN: NearestNeighborWithRLC
COSTO TOTAL: 14088.09
TOTAL DE RUTAS: 19
TIEMPO DE EJECUCIÓN: 4.898981809616089
 
R1[175, 155, 113, 179, 200, 109, 107, 199, 178, 78, 67, 173, 198]
R2[45, 162, 39, 17, 197, 196, 154, 195, 2, 193, 194]
R3[190, 192, 191, 189, 188, 149, 187, 185, 184, 146, 181, 176]
R4[172, 183, 182, 170, 169, 168, 167, 139, 180, 177, 165]
R5[164, 161, 166, 131, 163, 122, 120, 110, 102, 159, 101]
R6[160, 156, 100, 99, 90, 158, 153, 157, 152, 151, 150]
R7[76, 147, 74, 148, 145, 143, 73, 68, 64, 142, 62]
R8[144, 140, 138, 137, 141, 61, 135, 134, 133, 130, 129, 44]
R9[128, 126, 136, 124, 123, 121, 43, 30, 27, 24, 20, 13]
R10[132, 119, 125, 11, 6, 118, 117, 116, 112, 1, 114]
R11[111, 106, 97, 96, 95, 108, 93, 91, 105, 104, 89]
R12[85, 83, 81, 103, 98, 92, 87, 80, 77, 71, 79, 84, 82]
R13[75, 72, 70, 66, 59, 69, 57, 63, 58]
R14[55, 56, 60, 54, 48, 52, 50, 53, 49]
R15[46, 47, 41, 37, 36, 35, 42, 40, 38, 34]
R16[33, 28, 32, 31, 29, 26, 25, 23, 22, 21, 19]
R17[16, 15, 18, 14, 10, 9, 12, 5, 4, 8, 7]
R18[174, 171, 51, 186, 127, 3, 88, 94]
R19[115, 86, 65]
------------------------------------------
