 
------------------------------------------
HEURÍSTICA DE CONSTRUCCIÓN: NearestNeighborWithRLC
COSTO TOTAL: 2835.78
TOTAL DE RUTAS: 4
TIEMPO DE EJECUCIÓN: 0.8451311588287354
 
R1[1, 3, 100, 99, 2, 96, 83, 89, 60, 5, 84, 95, 45, 18, 8, 98, 94, 97, 92, 6, 4, 93, 88, 85, 87, 91, 82, 61]
R2[86, 69, 90, 62, 59, 58, 52, 57, 17, 53, 7, 10, 81, 80, 76, 48, 47, 46, 79, 73, 77, 44, 75, 42, 70, 50]
R3[49, 43, 40, 38, 74, 72, 11, 16, 37, 68, 36, 64, 13, 31, 27, 63, 28, 26, 21, 56, 54, 51, 14, 19, 12, 41]
R4[32, 15, 33, 20, 30, 9, 22, 78, 29, 55, 23, 66, 24, 39, 71, 34, 25, 35, 65, 67]
------------------------------------------
