 
------------------------------------------
HEURÍSTICA DE CONSTRUCCIÓN: NearestNeighborWithRLC
COSTO TOTAL: 2095.49
TOTAL DE RUTAS: 4
 
R1[100, 98, 97, 99, 1, 95, 94, 96, 2, 92, 93, 91, 85, 88, 3, 90, 89, 60, 87, 73, 80, 4, 84, 86, 61, 16, 6, 59]
R2[83, 18, 7, 5, 45, 8, 82, 81, 33, 10, 79, 9, 78, 77, 68, 76, 70, 12, 72, 75, 13, 58, 74, 57, 43, 15, 69]
R3[66, 11, 71, 65, 63, 32, 64, 52, 53, 14, 62, 19, 48, 51, 20, 56, 39, 55, 67, 25, 54, 50, 40, 44, 41]
R4[23, 22, 42, 47, 21, 26, 37, 46, 49, 36, 31, 27, 30, 34, 29, 35, 24, 28, 17, 38]
------------------------------------------
