 
------------------------------------------
HEURÍSTICA DE CONSTRUCCIÓN: NearestNeighborWithRLC
COSTO TOTAL: 2800.05
TOTAL DE RUTAS: 4
TIEMPO DE EJECUCIÓN: 0.8804459571838379
 
R1[99, 98, 97, 1, 2, 3, 83, 96, 100, 89, 84, 95, 5, 94, 60, 45, 92, 18, 93, 85, 8, 6, 4, 88, 87, 82]
R2[86, 61, 59, 69, 91, 52, 62, 17, 90, 7, 58, 57, 53, 48, 81, 10, 47, 80, 79, 76, 73, 70, 50, 49, 11, 77]
R3[75, 74, 72, 37, 16, 68, 46, 64, 63, 56, 13, 42, 44, 31, 27, 54, 14, 43, 51, 40, 36, 38, 28, 26, 21, 41, 15, 12]
R4[32, 30, 33, 22, 20, 78, 55, 29, 19, 23, 9, 66, 24, 39, 25, 71, 34, 35, 65, 67]
------------------------------------------
