 
------------------------------------------
HEURÍSTICA DE CONSTRUCCIÓN: NearestNeighborWithRLC
COSTO TOTAL: 1964.46
TOTAL DE RUTAS: 4
 
R1[1, 99, 98, 100, 2, 4, 97, 94, 6, 5, 96, 95, 92, 93, 91, 89, 88, 31, 83, 90, 82, 7, 62, 70, 69, 81, 33, 79, 87]
R2[85, 86, 84, 3, 9, 10, 63, 32, 66, 78, 80, 77, 68, 12, 76, 58, 53, 40, 8, 61, 60, 59, 44, 57]
R3[75, 73, 72, 56, 67, 55, 54, 74, 41, 13, 37, 43, 42, 15, 14, 52, 51, 71, 65, 11, 49, 48, 47, 45, 18, 46, 17, 64, 36]
R4[16, 38, 50, 30, 20, 35, 39, 34, 28, 21, 29, 27, 22, 23, 24, 26, 19, 25]
------------------------------------------
