 
------------------------------------------
HEURÍSTICA DE CONSTRUCCIÓN: NearestNeighborWithRLC
COSTO TOTAL: 2050.4
TOTAL DE RUTAS: 4
 
R1[100, 99, 98, 97, 95, 1, 77, 3, 94, 93, 92, 96, 59, 2, 91, 87, 85, 89, 6, 60, 84, 90, 70, 69, 76, 4, 7, 88, 5]
R2[86, 8, 83, 82, 62, 10, 81, 33, 9, 11, 79, 13, 73, 74, 75, 80, 78, 71, 12, 15, 16, 61, 44, 57, 58, 54]
R3[14, 72, 67, 68, 65, 63, 66, 53, 52, 50, 51, 64, 49, 36, 47, 19, 46, 17, 48, 18, 42, 43, 56, 55, 21, 45]
R4[22, 23, 41, 37, 40, 28, 30, 24, 29, 34, 20, 31, 35, 32, 26, 27, 39, 25, 38]
------------------------------------------
