 
------------------------------------------
CANTIDAD DE EJECUCIONES: 100
HEURÍSTICA DE CONSTRUCCIÓN: CMT
COSTO TOTAL: 1401.76
TOTAL DE RUTAS: 15
TIEMPO DE EJECUCIÓN: 237 milisegundos
 
R1[32, 50, 18, 25, 55, 3]
R2[51, 44, 40, 17, 12]
R3[35, 53, 8, 19, 54, 52]
R4[5, 37, 20, 70, 60, 71, 36]
R5[63, 49, 24, 16, 23, 33]
R6[10, 31, 39, 72, 9]
R7[6, 68, 2, 30, 74, 73]
R8[42, 64, 41, 43, 56]
R9[59, 66, 14]
R10[7, 69, 61, 22, 1, 21]
R11[47, 28, 48]
R12[75, 26, 67, 4]
R13[11, 65, 38, 58]
R14[29, 62, 15, 57, 13, 46]
R15[34, 45, 27]
------------------------------------------
