 
------------------------------------------
CANTIDAD DE EJECUCIONES: 20
HEURÍSTICA DE CONSTRUCCIÓN: HeuristicType.MatchingBasedSavingAlgorithm
COSTO TOTAL: 1133.9
TOTAL DE RUTAS: 3
TIEMPO DE EJECUCIÓN: 7.102259635925293 milisegundos
 
R1[29, 35, 46, 27, 52, 4, 2, 45, 54, 8, 13, 19, 34, 73, 41, 43, 68, 75, 7, 26, 6, 11, 6, 6, 26, 67]
R2[17, 9, 32, 44, 3, 16, 63, 49, 49, 49, 24, 18, 25, 44, 39, 40, 33, 22, 22, 58, 51, 10, 12, 10, 72, 38, 65]
R3[1, 14, 30, 15, 57, 74, 62, 56, 23, 28, 48, 5, 21, 37, 36, 71, 69, 60, 70, 20, 47, 5]
------------------------------------------
