 
------------------------------------------
CANTIDAD DE EJECUCIONES: 20
HEURÍSTICA DE CONSTRUCCIÓN: HeuristicType.MatchingBasedSavingAlgorithm
COSTO TOTAL: 1145.11
TOTAL DE RUTAS: 3
TIEMPO DE EJECUCIÓN: 7.089134931564331 milisegundos
 
R1[39, 17, 38, 34, 4, 4, 45, 46, 68, 41, 43, 41, 30, 29, 8, 52, 13, 27, 35, 27, 57, 19, 8, 58, 51, 10, 12, 10, 72]
R2[9, 32, 3, 25, 55, 18, 16, 49, 50, 49, 63, 49, 49, 44, 15, 60, 69, 71, 69, 36, 28, 21, 48, 74, 62, 56, 62, 47, 20, 37, 74]
R3[1, 31, 11, 7, 14, 6, 6, 6, 6, 6, 33, 6, 6, 75, 40]
------------------------------------------
