 
------------------------------------------
CANTIDAD DE EJECUCIONES: 20
HEURÍSTICA DE CONSTRUCCIÓN: HeuristicType.MatchingBasedSavingAlgorithm
COSTO TOTAL: 1165.14
TOTAL DE RUTAS: 3
TIEMPO DE EJECUCIÓN: 7.254424571990967 milisegundos
 
R1[9, 22, 16, 3, 49, 63, 49, 24, 18, 55, 50, 25, 44, 32, 21, 71, 36, 60, 69, 28, 23, 48, 5, 47, 37, 20, 20, 70, 74, 62]
R2[40, 33, 12, 10, 72, 17, 58, 72, 51, 14, 6, 6, 26, 67, 26, 26, 7, 11, 67, 75]
R3[1, 31, 39, 38, 35, 8, 34, 52, 34, 52, 52, 46, 4, 2, 27, 46, 4, 43, 41, 73, 30, 29, 15, 57, 65]
------------------------------------------
