 
------------------------------------------
HEURÍSTICA DE CONSTRUCCIÓN: RandomMethod
COSTO TOTAL: 4799.09
TOTAL DE RUTAS: 13
TIEMPO DE EJECUCIÓN: 0.09900021553039551
 
R1[143, 132, 116, 101, 40, 4, 26, 45, 112, 131, 103]
R2[77, 120, 97, 58, 47, 31, 128, 65]
R3[125, 127, 98, 13, 75, 3, 110, 85, 149, 27]
R4[8, 83, 139, 9, 50, 115, 89, 137, 64, 34, 22, 61, 55, 53]
R5[92, 105, 82, 46, 2, 14, 35, 107, 141, 100]
R6[32, 78, 135, 62, 81, 123, 41, 28, 54, 134, 108, 122, 20, 71, 30]
R7[5, 87, 29, 73, 68, 146, 51, 117, 119, 57]
R8[118, 43, 49, 136, 42, 148, 102, 113, 111, 72, 130]
R9[59, 38, 33, 63, 74, 84, 93, 15, 10, 86, 52, 1, 145, 67, 21]
R10[6, 19, 44, 144, 7, 23, 133, 138, 24, 60, 140, 56, 16, 17, 124, 76]
R11[126, 90, 70, 94, 142, 12, 79, 95, 39, 25, 106, 96, 18]
R12[37, 129, 48, 99, 80, 109, 91, 121, 66, 11, 104]
R13[147, 88, 150, 114, 36, 69]
------------------------------------------
