 
------------------------------------------
HEURÍSTICA DE CONSTRUCCIÓN: Sweep
COSTO TOTAL: 4935.75
TOTAL DE RUTAS: 12
TIEMPO DE EJECUCIÓN: 5.437784910202026
 
R1[70, 101, 44, 79, 9, 51, 150, 1, 40, 127]
R2[125, 103, 96, 46, 131, 27, 97, 7, 54, 58, 73, 50]
R3[129, 121, 146, 80, 28, 140, 112, 23, 128, 113, 30, 93, 64, 100, 16]
R4[133, 137, 104, 147, 4, 75, 18, 119, 85, 136, 47, 5]
R5[60, 86, 116, 88, 61, 67, 42, 117, 123, 106, 109, 148, 21, 143, 144, 87, 20]
R6[69, 76, 81, 49, 126, 134, 25, 114, 122, 78, 12, 33, 41, 24]
R7[99, 84, 56, 95, 6, 66, 62, 120, 55, 124, 82, 141, 105]
R8[59, 110, 71, 17, 91, 37, 35, 52, 8, 19, 145, 43, 108, 57, 53, 130]
R9[32, 89, 132, 38, 14, 13, 26, 2, 139, 111, 72]
R10[22, 138, 36, 98, 63, 118, 48, 142, 34, 74]
R11[45, 92, 115, 11, 90, 39, 10, 102, 31, 107, 15, 135, 65, 149, 83]
R12[29, 77, 3, 68, 94]
------------------------------------------
