 
------------------------------------------
HEURÍSTICA DE CONSTRUCCIÓN: CMT
COSTO TOTAL: 1742.75
TOTAL DE RUTAS: 16
TIEMPO DE EJECUCIÓN: 4.58561110496521
 
R1[106, 7, 88, 127, 88, 148, 88, 88, 127, 7, 123, 6]
R2[14, 38, 140, 86, 44, 141, 119, 119, 91, 92, 17]
R3[30, 32, 131, 128, 70, 108, 90, 108, 63, 126, 122, 20]
R4[116, 77, 76, 111, 76, 129, 3, 68, 150]
R5[25, 55, 134, 130, 54, 130, 109, 12, 80]
R6[46, 45, 125, 45, 45, 45, 47, 36, 114, 83, 60, 117]
R7[110, 149, 4, 56, 26, 26, 40, 53, 105, 112]
R8[23, 75, 145, 22, 133, 75, 22, 41, 22, 57]
R9[34, 64, 143, 49, 113, 16, 100, 42, 61, 84]
R10[102, 33, 81, 120, 120, 78, 9, 35, 51]
R11[147, 89, 18, 132, 132, 69, 138, 50, 28, 50, 132, 101]
R12[19, 11, 48, 66, 103, 71, 65, 71]
R13[59, 74, 72, 39, 139, 74, 73, 2]
R14[115, 144, 58, 137, 87]
R15[96, 5, 118, 98, 37, 85, 98]
R16[13, 99, 104, 93, 95, 94]
------------------------------------------
