 
------------------------------------------
HEURÍSTICA DE CONSTRUCCIÓN: SaveParallel
COSTO TOTAL: 971.27
TOTAL DE RUTAS: 8
TIEMPO DE EJECUCIÓN: 7.83954119682312
 
R1[7, 48, 123, 19, 107, 11, 64, 49, 143, 36, 47, 124, 46, 45, 125, 8, 114]
R2[113, 17, 84, 5, 91, 100, 37, 42, 142, 15, 43, 14, 119, 44, 38, 140, 86, 141, 16, 61, 85, 98, 117]
R3[1, 122, 30, 20, 128, 66, 71, 65, 136, 35, 135, 34, 78, 129, 79, 3, 77, 116, 76, 111]
R4[58, 137, 2, 115, 40, 105, 26, 149, 109, 54, 130, 134, 24, 29, 121, 68, 80, 150, 12, 138]
R5[28, 51, 103, 9, 120, 81, 33, 102, 50, 132]
R6[52, 18, 82, 106, 83, 60, 118, 147, 89, 94, 95, 97, 92, 59, 93, 99, 104, 96, 6, 112]
R7[27, 69, 101, 70, 32, 131, 90, 63, 126, 108, 10, 62, 148, 88, 31, 127, 146]
R8[13, 87, 144, 57, 145, 41, 22, 133, 74, 73, 110, 4, 25, 55, 139, 39, 67, 23, 56, 75, 72, 21, 53]
------------------------------------------
