 
------------------------------------------
HEURÍSTICA DE CONSTRUCCIÓN: RandomMethod
COSTO TOTAL: 5037.19
TOTAL DE RUTAS: 12
TIEMPO DE EJECUCIÓN: 0.08777713775634766
 
R1[6, 94, 126, 49, 43, 52, 100, 12, 84, 30, 61, 86, 21, 85, 17]
R2[9, 29, 140, 125, 91, 10, 127, 70, 16, 112, 64, 39]
R3[45, 90, 22, 75, 55, 150, 105, 47, 117, 115, 24, 40, 136, 83, 56, 72]
R4[54, 129, 121, 42, 7, 148, 95, 128, 4, 124]
R5[68, 71, 11, 13, 59, 88, 137, 2, 149]
R6[38, 98, 106, 58, 92, 119, 14, 36, 93, 53, 74, 28, 48]
R7[8, 44, 19, 80, 102, 104, 146, 1, 35, 46, 32, 77, 97, 144]
R8[69, 101, 20, 113, 76, 79, 31, 109, 51, 34]
R9[99, 41, 133, 3, 145, 107, 147, 103, 78, 96, 66, 81, 135, 108, 50]
R10[134, 23, 60, 118, 25, 123, 142, 114, 111, 18, 122, 57]
R11[37, 73, 62, 15, 65, 110, 26, 33, 132, 120, 67, 87]
R12[131, 82, 130, 5, 27, 143, 116, 139, 63, 138, 89, 141]
------------------------------------------
--
