 
------------------------------------------
HEURÍSTICA DE CONSTRUCCIÓN: Sweep
COSTO TOTAL: 4975.31
TOTAL DE RUTAS: 12
TIEMPO DE EJECUCIÓN: 5.734358310699463
 
R1[5, 133, 116, 58, 117, 60, 41, 95, 130, 145, 119, 14, 82, 13]
R2[129, 102, 83, 2, 65, 70, 135, 43, 33, 42, 27, 85, 49]
R3[118, 23, 48, 38, 109, 100, 74, 106, 148, 144, 149, 138]
R4[67, 132, 28, 11, 55, 77, 26, 50, 72, 110, 137, 61, 94, 21, 19, 113]
R5[31, 122, 146, 91, 16, 15, 56, 99, 93, 34, 12, 111, 64, 105]
R6[45, 69, 1, 127, 140, 80, 39, 107, 62, 131]
R7[147, 29, 89, 120, 136, 24, 9, 18, 143, 32]
R8[79, 63, 30, 128, 54, 121, 96, 124, 8, 22, 114]
R9[125, 10, 68, 139, 25, 87, 51, 103, 97, 81, 73]
R10[104, 101, 75, 7, 134, 53, 6, 71, 3, 142, 35, 112, 17, 78]
R11[37, 44, 90, 150, 47, 57, 40, 98, 59, 66, 20]
R12[115, 84, 52, 4, 141, 92, 86, 123, 126, 36, 88, 76, 108, 46]
------------------------------------------
