 
------------------------------------------
HEURÍSTICA DE CONSTRUCCIÓN: RandomMethod
COSTO TOTAL: 4871.2
TOTAL DE RUTAS: 12
TIEMPO DE EJECUCIÓN: 0.08219218254089355
 
R1[96, 146, 107, 34, 38, 148, 68, 82, 105, 90, 106, 139, 24, 55, 136]
R2[60, 43, 26, 9, 77, 145, 131, 29, 37, 100, 120, 2, 42]
R3[104, 115, 71, 35, 69, 75, 7, 128, 1, 51, 62, 113, 17, 16, 119, 21, 52]
R4[63, 99, 3, 5, 76, 31, 87, 61]
R5[45, 49, 130, 80, 135, 67, 85]
R6[32, 150, 19, 143, 95, 93, 13, 144, 53, 138]
R7[44, 140, 123, 103, 8, 83, 125, 117, 124, 74, 70, 56, 72, 65, 4, 89, 25]
R8[133, 36, 126, 22, 92, 86, 79, 41, 147, 137, 127, 73, 50, 23, 39]
R9[14, 15, 6, 27, 91, 108, 118, 116, 18, 47, 64, 94, 12]
R10[54, 78, 132, 112, 97, 28, 40, 88, 129, 134, 110, 81]
R11[98, 142, 59, 111, 20, 109, 48, 84, 11, 149, 101, 102, 141]
R12[10, 121, 122, 58, 57, 46, 33, 114, 66, 30]
------------------------------------------
