 
------------------------------------------
HEURÍSTICA DE CONSTRUCCIÓN: Sweep
COSTO TOTAL: 4921.35
TOTAL DE RUTAS: 12
TIEMPO DE EJECUCIÓN: 5.713285446166992
 
R1[85, 16, 3, 150, 19, 47, 88, 93, 73]
R2[54, 10, 68, 38, 29, 23, 91, 25, 138, 101, 134, 28, 142, 105]
R3[79, 7, 94, 53, 12, 11, 71, 98, 44]
R4[125, 72, 132, 13, 35, 33, 8, 112, 17, 78, 24, 50, 34, 52]
R5[59, 139, 40, 21, 111, 39, 57, 6, 137, 148, 76, 123, 62, 127]
R6[118, 58, 100, 2, 95, 43, 140, 89, 63, 37]
R7[121, 74, 5, 97, 32, 45, 61, 146, 106, 126, 67, 41, 113, 86, 66]
R8[143, 14, 147, 1, 99, 36, 84, 18, 51, 107, 31]
R9[129, 145, 69, 75, 9, 128, 70, 42, 114, 77, 80, 26, 141]
R10[131, 122, 130, 108, 120, 109, 149, 90, 15, 115, 46, 27]
R11[92, 136, 124, 133, 20, 30, 144, 22, 64, 117, 104, 110, 116, 102, 55, 96, 56, 81, 103]
R12[87, 83, 48, 49, 65, 60, 135, 4, 82, 119]
------------------------------------------
