 
------------------------------------------
HEURÍSTICA DE CONSTRUCCIÓN: CMT
COSTO TOTAL: 1708.83
TOTAL DE RUTAS: 16
TIEMPO DE EJECUCIÓN: 4.7253944873809814
 
R1[3, 3, 77, 129, 79, 129, 68, 116, 76, 150, 78]
R2[147, 96, 17, 60, 84, 118, 5, 60, 60, 104, 99, 104, 91]
R3[123, 47, 46, 124, 124, 48, 46, 143, 19, 82]
R4[139, 39, 25, 55, 25, 130, 24, 134, 54, 80]
R5[20, 103, 120, 9, 135, 35, 136, 71, 135, 34]
R6[133, 22, 75, 56, 75, 74, 75, 72]
R7[43, 15, 41, 110, 73, 115, 2, 144, 41, 145, 145, 144, 137, 87, 40, 117]
R8[32, 131, 128, 131, 90, 126, 63, 108, 10, 122, 70, 7]
R9[38, 49, 64, 11, 107, 11, 51, 33, 50]
R10[95, 53, 53, 109, 105, 138, 28, 28, 28]
R11[14, 140, 142, 44, 119, 44, 141]
R12[88, 31, 62, 148, 127, 101, 30, 1, 106, 69]
R13[45, 125, 114, 113, 37, 102, 149]
R14[61, 16, 85, 100, 98, 93, 59]
R15[52, 94, 58, 97, 58, 58, 13, 58, 132]
R16[89, 27]
------------------------------------------
