 
------------------------------------------
HEURÍSTICA DE CONSTRUCCIÓN: RandomMethod
COSTO TOTAL: 5038.42
TOTAL DE RUTAS: 13
TIEMPO DE EJECUCIÓN: 0.09344291687011719
 
R1[129, 106, 45, 91, 90, 122, 23, 109, 120, 11, 96, 36, 144, 148, 53, 12, 1, 145, 28]
R2[7, 111, 68, 48, 44, 116, 70]
R3[54, 9, 3, 135, 41, 13, 33, 132, 50, 40, 117, 138, 94]
R4[59, 123, 97, 58, 86, 143, 38, 99, 101, 95, 55, 74, 88, 134, 89, 61]
R5[56, 6, 39, 81, 108, 75, 121, 103, 150, 51, 93]
R6[69, 15, 85, 113, 5, 142, 18, 100]
R7[79, 77, 78, 52, 14, 141, 43, 30, 110, 25, 21, 66]
R8[8, 92, 46, 20, 130, 107, 119, 24, 72, 140, 2, 34, 31, 57, 67]
R9[133, 82, 80, 49, 16, 149, 114, 104, 19, 26, 124]
R10[118, 76, 65, 62, 137, 35, 112, 27, 146]
R11[29, 37, 17, 126, 105, 125, 47, 83, 115, 22, 127, 128, 4]
R12[147, 102, 63, 71, 10, 42, 84, 60, 139, 98, 136]
R13[131, 73, 87, 64, 32]
------------------------------------------
