 
------------------------------------------
HEURÍSTICA DE CONSTRUCCIÓN: NearestNeighborWithRLC
COSTO TOTAL: 4583.95
TOTAL DE RUTAS: 12
TIEMPO DE EJECUCIÓN: 2.4253604412078857
 
R1[150, 2, 3, 1, 147, 138, 112, 146, 149, 111, 148, 144]
R2[132, 127, 105, 89, 118, 137, 130, 122, 117, 58, 116, 109, 53]
R3[115, 28, 106, 104, 114, 27, 6, 110, 101, 99, 97, 5, 145, 134, 96, 4, 102]
R4[95, 100, 94, 98, 93, 7, 88, 87, 142, 85]
R5[92, 141, 139, 133, 129, 91, 84, 82, 83, 80, 77, 79, 74, 73, 72]
R6[125, 70, 76, 69, 68, 124, 62, 123, 61]
R7[121, 60, 59, 54, 120, 57, 50, 52, 42, 37, 119, 113, 108, 33, 40, 31, 30]
R8[21, 81, 26, 78, 13, 75, 12, 56, 18, 8, 55, 51]
R9[10, 45, 128, 107, 90, 44, 41, 29, 48, 9, 16, 24, 15, 17]
R10[22, 20, 11, 19, 131, 126, 103, 25, 39, 86]
R11[63, 14, 32, 47, 43, 135, 71, 66, 23, 46]
R12[35, 34, 143, 38, 49, 64, 36, 140, 136, 65, 67]
------------------------------------------
