 
------------------------------------------
HEURÍSTICA DE CONSTRUCCIÓN: RandomMethod
COSTO TOTAL: 4876.7
TOTAL DE RUTAS: 12
TIEMPO DE EJECUCIÓN: 0.08923482894897461
 
R1[116, 43, 140, 100, 49, 8, 4, 98, 141, 129, 12]
R2[59, 117, 14, 57, 79, 13, 80, 138, 92, 35, 127]
R3[69, 115, 144, 36, 104, 75, 37, 9, 95, 25, 62, 30, 128, 136]
R4[150, 81, 24, 22, 137, 83, 5, 142, 143, 17, 102]
R5[68, 72, 55, 45, 121, 133, 122, 114, 42]
R6[118, 132, 93, 23, 34, 119, 65, 31, 94, 7, 148]
R7[44, 61, 26, 134, 110, 96, 60, 109, 51, 123, 106, 101, 135, 47, 71, 1]
R8[126, 3, 53, 19, 113, 77, 58, 63, 27, 146, 29, 73, 85]
R9[99, 89, 111, 70, 33, 46, 41, 2, 145, 91, 48, 108, 67, 139]
R10[32, 120, 125, 38, 16, 64, 131, 88, 18, 56, 78, 87, 107, 90, 66, 50]
R11[149, 124, 15, 21, 76, 6, 105, 20, 82, 97, 84, 39, 11, 112, 40]
R12[10, 54, 130, 52, 86, 103, 74, 147, 28]
------------------------------------------
