 
------------------------------------------
HEURÍSTICA DE CONSTRUCCIÓN: Sweep
COSTO TOTAL: 4994.39
TOTAL DE RUTAS: 12
TIEMPO DE EJECUCIÓN: 5.640353202819824
 
R1[23, 131, 29, 25, 78, 32, 83, 86, 98]
R2[59, 82, 138, 106, 41, 26, 46, 122, 53, 134, 21, 15, 124, 113]
R3[132, 80, 148, 43, 36, 35, 34, 116, 103, 126, 140, 54, 13, 9, 51, 42, 49, 14]
R4[4, 70, 72, 133, 2, 114, 128, 10, 146, 130, 127]
R5[44, 145, 129, 1, 125, 61, 18, 90, 37, 104, 119, 40, 39]
R6[22, 48, 50, 150, 71, 28, 11, 123, 47, 105, 111, 141, 7]
R7[66, 74, 60, 84, 97, 87, 3, 102, 8, 101, 92, 96, 75, 24, 91, 89, 149]
R8[63, 77, 73, 115, 137, 67, 118, 85, 144, 5, 19, 58, 64]
R9[147, 20, 143, 17, 68, 52, 121, 100, 31]
R10[38, 117, 30, 94, 93, 108, 65, 12, 81, 55, 33, 16, 27]
R11[99, 45, 136, 6, 56, 57, 79, 95, 88, 142, 107, 76, 109, 139, 120, 110, 112, 135]
R12[69, 62]
------------------------------------------
