 
------------------------------------------
HEURÍSTICA DE CONSTRUCCIÓN: NearestNeighborWithRLC
COSTO TOTAL: 4538.12
TOTAL DE RUTAS: 13
TIEMPO DE EJECUCIÓN: 2.3810603618621826
 
R1[1, 150, 149, 147, 148, 146, 3, 138, 2, 137, 132, 127]
R2[118, 117, 112, 144, 116, 111, 130]
R3[115, 105, 109, 122, 89, 58, 114, 110, 106, 53, 104, 28, 102, 101, 27]
R4[6, 5, 100, 145, 134, 99, 98, 96, 95, 97, 4, 94, 93, 142, 7]
R5[141, 139, 88, 87, 92, 91, 133, 129, 84, 125, 124, 85, 82, 123]
R6[80, 121, 83, 77, 76, 74, 73, 72, 120, 119, 113, 70]
R7[79, 69, 68, 108, 81, 62, 78, 75]
R8[60, 59, 8, 128, 57, 107, 54, 61, 90, 9, 40, 26, 56, 55]
R9[10, 12, 51, 13, 50, 48, 45]
R10[44, 41, 37, 52, 42, 31, 30, 29, 33, 24, 21, 22, 18, 16, 15, 14, 19, 11, 20, 17]
R11[131, 103, 39, 32, 25, 135, 126, 23, 35, 143, 86]
R12[63, 47, 71, 66, 34, 46, 140, 36, 67, 43]
R13[38, 49, 64, 136, 65]
------------------------------------------
