 
------------------------------------------
HEURÍSTICA DE CONSTRUCCIÓN: RandomMethod
COSTO TOTAL: 5037.68
TOTAL DE RUTAS: 13
TIEMPO DE EJECUCIÓN: 0.09556722640991211
 
R1[87, 30, 11, 106, 88, 123, 66, 124, 90, 18, 41, 48]
R2[54, 143, 141, 86, 76, 80, 65, 45]
R3[98, 130, 26, 53, 42, 34, 118, 99, 28, 12, 91, 5, 21, 149]
R4[60, 74, 121, 147, 105, 2, 59, 49, 131, 103]
R5[104, 46, 137, 61, 145, 102, 57, 19, 116, 134, 82, 40, 4, 62]
R6[133, 70, 39, 37, 25, 36, 15, 96, 78, 31, 142]
R7[32, 148, 114, 10, 138, 132, 94, 27, 23, 56, 13]
R8[140, 84, 7, 51, 122, 126, 89, 77, 129, 73, 79, 117, 115, 100, 8, 52, 97, 17, 20]
R9[38, 146, 119, 9, 47, 68, 64, 71, 92, 150, 127]
R10[69, 29, 136, 72, 128, 108, 112, 22, 58, 110, 135, 67]
R11[44, 50, 95, 63, 109, 43, 120, 81, 93, 144, 3, 75, 55, 14, 24, 33]
R12[85, 125, 16, 139, 1, 111, 101, 35, 107]
R13[6, 83, 113]
------------------------------------------
