 
------------------------------------------
HEURÍSTICA DE CONSTRUCCIÓN: CMT
COSTO TOTAL: 1736.49
TOTAL DE RUTAS: 16
TIEMPO DE EJECUCIÓN: 4.492685556411743
 
R1[30, 20, 128, 51, 128, 122, 70, 32, 131, 90, 10, 101]
R2[1, 69, 132, 76, 77, 116, 50, 111, 27, 28, 27, 52]
R3[124, 48, 47, 36, 47, 82, 114, 106]
R4[113, 86, 44, 140, 38, 140, 119, 91, 61]
R5[139, 25, 39, 67, 23, 55, 56]
R6[46, 45, 125, 45, 8, 84, 17, 5, 83, 60, 93]
R7[19, 107, 107, 123, 49, 143, 107, 11, 62, 88]
R8[110, 21, 73, 145, 41, 22, 133, 75, 74, 22, 133, 43, 117]
R9[35, 85, 142, 142, 14, 14, 42, 98, 37, 144, 92, 6]
R10[135, 136, 120, 9, 103, 66, 71, 65, 71]
R11[53, 105, 4, 138, 149, 26, 40, 58, 40]
R12[118, 99, 104, 96, 59, 96, 95, 137, 2]
R13[79, 63, 148, 115, 87, 94, 87, 13]
R14[81, 78, 33, 129, 102, 3, 29, 121, 3, 68]
R15[89, 80, 150, 54, 130, 134, 109, 12, 147]
R16[31, 112]
------------------------------------------
