 
------------------------------------------
HEURÍSTICA DE CONSTRUCCIÓN: NearestNeighborWithRLC
COSTO TOTAL: 4534.71
TOTAL DE RUTAS: 14
TIEMPO DE EJECUCIÓN: 2.4519503116607666
 
R1[150, 2, 3, 147, 146, 138, 149, 1, 148, 112, 137, 144, 111]
R2[132, 105, 89, 58, 53, 28, 127, 27]
R3[118, 6, 117, 5, 130, 145, 134, 116]
R4[115, 4, 142, 141, 122, 139, 109, 114, 133, 110]
R5[129, 7, 125, 124, 123, 106, 102, 121, 120]
R6[104, 101, 119, 100, 99, 98, 113, 97, 95, 108, 96]
R7[8, 93, 128, 107, 9, 69, 52, 94, 40, 26]
R8[10, 92, 13, 91, 90, 88, 85, 87, 83, 84, 81, 12, 82]
R9[77, 80, 78, 79, 76, 75, 72, 70, 74, 62, 61, 73]
R10[59, 60, 68, 57, 54, 55, 50, 51, 56, 45]
R11[44, 42, 41, 48, 31, 30, 33, 24, 29, 37]
R12[22, 18, 20, 21, 16, 17, 19, 14, 11, 131, 15, 25]
R13[126, 39, 86, 103, 63, 32, 47, 46, 34, 135, 43]
R14[35, 23, 38, 143, 71, 49, 140, 136, 64, 66, 65, 67, 36]
------------------------------------------
