 
------------------------------------------
HEURÍSTICA DE CONSTRUCCIÓN: CMT
COSTO TOTAL: 1646.61
TOTAL DE RUTAS: 17
TIEMPO DE EJECUCIÓN: 4.561904430389404
 
R1[54, 80, 150, 24, 25, 130, 55, 134, 109, 12, 109, 76]
R2[35, 65, 136, 71, 135, 103, 9]
R3[41, 22, 133, 75, 67, 23, 74, 145, 56, 145]
R4[78, 34, 29, 121, 79, 129, 81, 33, 3, 120]
R5[86, 61, 113, 17, 125, 45, 125, 125, 84, 91]
R6[32, 63, 126, 63, 90, 131, 66, 128, 20, 108, 11]
R7[140, 38, 119, 141, 44, 141, 44]
R8[42, 87, 144, 57, 144, 2, 137, 137, 137, 97, 115, 117, 98, 92, 6]
R9[53, 36, 143, 49, 143, 107, 19, 124, 123]
R10[110, 73, 72, 21, 4, 39, 139, 4, 149]
R11[1, 69, 30, 101, 70, 101, 122, 51, 27, 31, 127, 50]
R12[148, 62, 148, 10, 88, 82, 7, 48, 106]
R13[68, 77, 102, 138, 111, 26, 28]
R14[95, 5, 114, 60, 114, 83, 18, 52, 146]
R15[58, 105, 13, 112, 94]
R16[59, 93, 99, 104, 118, 96, 147]
R17[89]
------------------------------------------
