 
------------------------------------------
HEURÍSTICA DE CONSTRUCCIÓN: NearestNeighborWithRLC
COSTO TOTAL: 4652.37
TOTAL DE RUTAS: 12
TIEMPO DE EJECUCIÓN: 2.445244073867798
 
R1[1, 150, 2, 3, 146, 147, 138, 112, 149, 111, 137, 105]
R2[132, 127, 89, 118, 148, 58, 144, 130, 122, 116, 117]
R3[115, 53, 114, 28, 109, 106, 104, 110, 102, 99, 97, 27, 101, 100, 96, 95]
R4[6, 98, 93, 94, 5, 88, 92, 145, 83, 134, 91, 87]
R5[80, 77, 4, 85, 76, 73, 142, 141, 84, 139, 82]
R6[133, 79, 74, 72, 129, 125, 124, 7, 70, 69, 123]
R7[121, 60, 68, 62, 120, 61, 119, 57, 113]
R8[54, 59, 52, 50, 42, 40, 108, 37, 81, 31, 26, 78, 33, 21, 75, 30]
R9[13, 56, 18, 55, 12, 51, 48, 10, 8, 128]
R10[45, 44, 41, 24, 107, 90, 29, 20, 22, 17, 16, 14, 19, 15]
R11[131, 11, 126, 25, 103, 39, 32, 63, 86, 46, 47, 34, 135, 43, 23]
R12[9, 35, 71, 66, 38, 143, 36, 64, 140, 136, 49, 67, 65]
------------------------------------------
