 
------------------------------------------
HEURÍSTICA DE CONSTRUCCIÓN: MoleJameson
COSTO TOTAL: 1307.05
TOTAL DE RUTAS: 9
TIEMPO DE EJECUCIÓN: 71.53202199935913
 
R1[33, 81, 9, 120, 78, 34, 135, 35, 136, 65, 71, 66, 131, 63, 126, 90, 128, 20, 103, 51, 46]
R2[6, 116, 77, 3, 68, 150, 80, 121, 134, 55, 139, 25, 24, 29, 129, 79, 102, 50, 76]
R3[85, 16, 17, 113, 86, 141, 44, 119, 140, 38, 14, 42, 91, 100, 37, 92]
R4[53, 58, 40, 73, 74, 22, 41, 133, 75, 23, 39, 56, 72, 110, 21, 105]
R5[82, 48, 47, 19, 64, 49, 143, 36, 124, 114, 8, 45, 125, 83, 60]
R6[94, 95, 117, 97, 96, 5, 104, 99, 59, 93, 98, 61, 84, 118, 18]
R7[146, 28, 1, 122, 70, 101, 69, 132, 111, 138, 12, 109, 54, 130, 67, 4, 149, 26]
R8[148, 88, 31, 127, 62, 10, 108, 30, 32, 11, 107, 123, 7, 106, 52]
R9[27, 112, 89, 147, 13, 87, 144, 142, 43, 15, 57, 145, 115, 2, 137]
------------------------------------------
