 
------------------------------------------
HEURÍSTICA DE CONSTRUCCIÓN: RandomMethod
COSTO TOTAL: 4880.35
TOTAL DE RUTAS: 13
TIEMPO DE EJECUCIÓN: 0.09938526153564453
 
R1[114, 25, 150, 18, 50, 109, 69, 19, 133, 21]
R2[118, 119, 27, 90, 42, 86, 4, 53, 105, 96, 120, 112]
R3[104, 16, 74, 64, 88, 73, 127, 45, 56, 80, 68, 113]
R4[63, 2, 24, 76, 72, 124, 111, 26, 38, 92, 82, 8, 20, 141, 66, 135, 7]
R5[31, 67, 54, 84, 61, 71, 85]
R6[129, 65, 79, 36, 131, 62, 132, 81, 107, 55, 39]
R7[10, 44, 102, 77, 117, 91, 97, 6, 123, 60, 41, 108, 70, 144, 78, 110, 34, 33, 139, 43, 146]
R8[32, 121, 101, 17, 14, 1, 93, 48, 83, 116]
R9[140, 3, 134, 149, 28, 57, 136, 52, 106, 122, 137, 99]
R10[115, 147, 100, 126, 12, 143, 11, 49, 148, 40]
R11[59, 47, 145, 98, 5, 87, 130, 75]
R12[29, 35, 30, 9, 89, 103, 128, 46, 15, 13]
R13[125, 51, 142, 37, 23, 95, 22, 58, 138, 94]
------------------------------------------
