 
------------------------------------------
HEURÍSTICA DE CONSTRUCCIÓN: NearestNeighborWithRLC
COSTO TOTAL: 4567.1
TOTAL DE RUTAS: 12
TIEMPO DE EJECUCIÓN: 2.4365768432617188
 
R1[1, 3, 150, 147, 149, 148, 2, 112, 111, 138, 105, 89, 146, 137, 144, 58]
R2[53, 132, 127, 118, 28, 27, 6, 130, 117, 5, 145, 116]
R3[115, 109, 134, 122, 106, 114, 4, 110, 104, 142, 102, 141, 7, 100]
R4[99, 139, 133, 101, 129, 97, 96, 95, 98, 125, 93]
R5[92, 124, 88, 94, 91, 123, 121, 85, 120, 119, 87, 84, 83, 113, 82]
R6[77, 80, 108, 81, 79, 76, 78, 75, 74, 73, 70]
R7[8, 72, 68, 60, 59, 57, 69, 62, 128, 107, 90, 9, 61, 56]
R8[54, 40, 26, 13, 12, 10, 52, 51, 50, 55, 42, 48]
R9[45, 41, 44, 31, 30, 33, 37, 24, 29, 22, 21, 20, 19, 18, 17, 15, 16, 11, 25]
R10[126, 103, 14, 131, 63, 39, 47, 86]
R11[32, 46, 135, 71, 43, 34, 35, 66, 23, 143]
R12[140, 67, 49, 36, 64, 38, 65, 136]
------------------------------------------
