 
------------------------------------------
HEURÍSTICA DE CONSTRUCCIÓN: NearestNeighborWithRLC
COSTO TOTAL: 4427.43
TOTAL DE RUTAS: 12
TIEMPO DE EJECUCIÓN: 2.4323770999908447
 
R1[150, 2, 1, 3, 147, 146, 112, 138, 111, 137]
R2[132, 127, 105, 118, 117, 116, 149, 148]
R3[115, 144, 89, 130, 109, 106, 104, 102, 101, 122, 99, 114, 110, 58, 100, 53, 28]
R4[97, 96, 98, 27, 95, 6, 93, 94, 92, 5, 87, 145, 88, 134, 83, 91]
R5[80, 85, 77, 4, 84, 82, 142, 76]
R6[79, 73, 74, 70, 72, 7, 68, 141, 69, 60, 62]
R7[59, 139, 61, 133, 57, 54, 129, 50, 52]
R8[125, 124, 40, 42, 37, 33, 26, 31, 30, 21, 123]
R9[121, 13, 120, 12, 119, 10, 113, 18, 8, 128, 108, 81, 75, 56, 78, 55]
R10[107, 90, 48, 45, 44, 9, 51, 29, 24, 22, 16, 15, 17, 20, 19]
R11[131, 126, 103, 14, 86, 41, 25, 39, 63, 47, 11, 46, 34, 135, 43, 23]
R12[35, 71, 32, 143, 66, 140, 38, 36, 67, 136, 65, 64, 49]
------------------------------------------
