 
------------------------------------------
CANTIDAD DE EJECUCIONES: 100
HEURÍSTICA DE CONSTRUCCIÓN: RandomMethod
COSTO TOTAL: 6233.42
TOTAL DE RUTAS: 8
TIEMPO DE EJECUCIÓN: 56 milisegundos
 
R1[57, 62, 31, 60, 37, 40, 73, 35, 61, 63, 27, 92, 106]
R2[22, 39, 51, 95, 93, 70, 84, 55, 54, 52]
R3[77, 15, 86, 71, 65, 58, 56, 42, 50, 112, 107, 114, 115, 118, 99, 103, 41, 49, 98, 76, 72]
R4[90, 45, 105, 102, 109, 96, 18, 97, 108, 104, 43, 78]
R5[25, 38, 87, 75, 101, 5, 13, 4, 21, 32, 116]
R6[29, 28, 46, 117, 67, 26, 3, 113, 82, 7, 91, 47, 94, 11, 1, 88, 85, 110, 10, 119, 23, 74]
R7[36, 34, 24, 14, 64, 8, 68, 69, 48, 44, 66, 16, 2, 6]
R8[33, 81, 111, 79, 80, 19, 9, 89, 20, 100, 83, 53, 30, 12, 120, 17, 59]
------------------------------------------
