 
------------------------------------------
CANTIDAD DE EJECUCIONES: 100
HEURÍSTICA DE CONSTRUCCIÓN: RandomMethod
COSTO TOTAL: 6363.81
TOTAL DE RUTAS: 7
TIEMPO DE EJECUCIÓN: 57 milisegundos
 
R1[94, 72, 63, 55, 53, 61, 67, 115, 84, 76, 117, 64]
R2[33, 36, 52, 8, 7, 25, 59, 97, 75, 42, 15, 99, 88, 118, 2, 34, 21, 110, 18, 98]
R3[23, 113, 50, 29, 26, 14, 92, 104, 86, 81, 45, 103, 35, 85, 68, 91, 90, 38, 101, 48, 41, 10]
R4[39, 46, 102, 73, 22, 20, 77, 16, 60, 37, 30, 24]
R5[116, 9, 13, 44, 43, 96, 74, 120, 69, 40, 56, 71, 32, 105, 11, 4, 78, 31, 82, 3, 79, 58, 19]
R6[28, 109, 107, 70, 108, 6, 51, 47, 54, 95, 87, 1, 62, 111, 112, 83, 89, 106, 12, 27, 17]
R7[114, 49, 65, 80, 5, 57, 66, 100, 119, 93]
------------------------------------------
