 
------------------------------------------
CANTIDAD DE EJECUCIONES: 100
HEURÍSTICA DE CONSTRUCCIÓN: RandomMethod
COSTO TOTAL: 6430.17
TOTAL DE RUTAS: 8
TIEMPO DE EJECUCIÓN: 53 milisegundos
 
R1[110, 89, 91, 27, 74, 73, 72, 100, 16, 26, 30, 54, 49, 111, 65, 37, 101, 88, 118, 67, 87, 70]
R2[114, 112, 103, 28, 11, 2, 93, 18, 33, 57, 81, 95, 78, 52, 97]
R3[1, 119, 20, 102, 107, 75, 32, 83, 80, 6, 104, 29, 9]
R4[84, 8, 109, 31, 56, 50, 58, 59, 34, 17, 90, 36, 105, 63, 41, 79, 47, 40, 108, 71, 45, 4]
R5[86, 106, 46, 62, 15, 13, 53, 115, 21, 14, 25, 99, 120]
R6[98, 68, 117, 12, 92, 7, 35, 19, 39, 42, 60, 116, 69, 24, 64, 66, 43, 10, 82, 23]
R7[61, 96, 55, 94, 77, 38, 48, 22, 5, 113]
R8[85, 76, 44, 51, 3]
------------------------------------------
