 
------------------------------------------
CANTIDAD DE EJECUCIONES: 100
HEURÍSTICA DE CONSTRUCCIÓN: RandomMethod
COSTO TOTAL: 6347.02
TOTAL DE RUTAS: 9
TIEMPO DE EJECUCIÓN: 91 milisegundos
 
R1[75, 65, 80, 37, 25, 39, 62, 48, 90]
R2[89, 81, 33, 11, 31, 41, 115, 12, 96, 67, 74, 117]
R3[35, 107, 1, 100, 5, 20, 84, 83, 28, 114, 42, 69, 108, 98]
R4[55, 63, 13, 56, 92, 43, 3, 8, 49, 88, 112, 36, 27, 50]
R5[46, 78, 73, 14, 32, 22, 10, 58, 95, 82, 119, 113, 4]
R6[57, 19, 47, 45, 21, 85, 94, 91, 105, 26, 97, 17, 68, 93]
R7[101, 102, 59, 99, 79, 51, 109, 86, 77, 16, 24, 111, 120, 103, 44, 87, 106, 29, 66]
R8[38, 54, 104, 60, 64, 70, 53, 34, 23, 9, 18, 118, 72, 15]
R9[6, 2, 40, 52, 71, 76, 7, 61, 116, 30, 110]
------------------------------------------
