 
------------------------------------------
CANTIDAD DE EJECUCIONES: 100
HEURÍSTICA DE CONSTRUCCIÓN: RandomMethod
COSTO TOTAL: 6469.91
TOTAL DE RUTAS: 7
TIEMPO DE EJECUCIÓN: 66 milisegundos
 
R1[106, 8, 70, 5, 45, 102, 50, 89, 39, 32, 65, 88, 13]
R2[99, 14, 111, 18, 64, 4, 30, 119, 53, 21, 28, 40, 72, 95, 113, 68, 83, 100, 118, 116, 98]
R3[77, 109, 42, 12, 52, 97, 31, 29, 86, 54, 66, 56, 9, 44, 73, 55, 48, 63, 58]
R4[2, 94, 75, 112, 85, 20, 38, 51, 47, 26, 92]
R5[81, 110, 105, 96, 114, 79, 71, 49, 43, 23, 17, 19, 11, 24, 22, 90, 93, 91, 3, 67, 25, 80]
R6[103, 108, 74, 10, 1, 57, 46, 115, 37, 15, 82, 69, 60, 34, 76, 35, 27, 104, 33, 107, 117, 7, 78, 16]
R7[87, 62, 101, 36, 84, 6, 120, 59, 61, 41]
------------------------------------------
