 
------------------------------------------
HEURÍSTICA DE CONSTRUCCIÓN: NearestNeighborWithRLC
COSTO TOTAL: 2219.46
TOTAL DE RUTAS: 3
TIEMPO DE EJECUCIÓN: 0.4556875228881836
 
R1[2, 75, 68, 67, 74, 73, 26, 4, 52, 72, 62, 63, 53, 58, 51, 46, 45, 44, 48, 39, 3, 35, 34, 17, 6, 40]
R2[33, 12, 7, 32, 30, 8, 27, 28, 19, 16, 29, 5, 9, 13, 1, 54, 57, 49, 10, 38, 21, 47, 14, 15]
R3[11, 65, 66, 50, 18, 23, 43, 61, 37, 36, 42, 24, 41, 25, 31, 22, 20, 56, 55, 70, 71, 69, 64, 59, 60]
------------------------------------------
