 
------------------------------------------
HEURÍSTICA DE CONSTRUCCIÓN: NearestNeighborWithRLC
COSTO TOTAL: 2128.12
TOTAL DE RUTAS: 3
TIEMPO DE EJECUCIÓN: 0.44533252716064453
 
R1[75, 2, 67, 74, 73, 68, 52, 72, 26, 51, 46, 4, 45, 62, 40, 63, 35, 53, 34, 33, 58, 30, 48, 44, 32]
R2[29, 28, 39, 19, 27, 16, 17, 12, 8, 7, 9, 6, 3, 5, 57, 13, 54, 49, 1, 38, 10, 15, 47, 14, 21]
R3[11, 66, 65, 18, 50, 61, 23, 22, 43, 24, 20, 37, 25, 41, 42, 71, 36, 31, 69, 56, 55, 64, 70, 60, 59]
------------------------------------------
