 
------------------------------------------
HEURÍSTICA DE CONSTRUCCIÓN: NearestNeighborWithRLC
COSTO TOTAL: 2304.21
TOTAL DE RUTAS: 3
TIEMPO DE EJECUCIÓN: 0.42511773109436035
 
R1[2, 68, 26, 67, 52, 51, 75, 74, 4, 46, 73, 63, 45, 62, 72, 58, 53, 48, 3, 17, 40, 6, 39, 35, 44, 12, 7]
R2[33, 34, 32, 8, 29, 28, 30, 16, 19, 13, 5, 9, 27, 1, 57, 47, 10, 38, 54, 15, 65, 61, 21, 49]
R3[11, 14, 50, 43, 22, 66, 23, 36, 37, 24, 18, 42, 41, 20, 71, 70, 69, 59, 56, 55, 64, 25, 60, 31]
------------------------------------------
