 
------------------------------------------
CANTIDAD DE EJECUCIONES: 100
HEURÍSTICA DE CONSTRUCCIÓN: RandomMethod
COSTO TOTAL: 3145.94
TOTAL DE RUTAS: 3
TIEMPO DE EJECUCIÓN: 38 milisegundos
 
R1[55, 4, 98, 57, 99, 32, 40, 13, 47, 15, 74, 50, 92, 23, 22, 54, 31, 21, 51, 80, 68, 77, 93, 6, 44, 45, 82, 87, 70, 36, 85, 89, 72, 56, 5, 38, 95, 90, 10, 1, 24, 17]
R2[59, 16, 97, 43, 66, 3, 62, 63, 83, 84, 81, 88, 64, 37, 35, 34, 12, 26, 8, 41, 30, 49, 75, 71, 96, 20, 53, 61, 14, 2, 58, 25, 73, 91, 86, 48, 78, 100, 28, 79, 33, 76, 29, 60, 52]
R3[67, 46, 19, 18, 65, 27, 39, 11, 69, 42, 94, 9, 7]
------------------------------------------
