Antes de iniciar JVM
Antes de llamar a Controller
Antes de apagar la JVM
FIN
 
------------------------------------------
HEURÍSTICA DE CONSTRUCCIÓN: NearestNeighborWithRLC
COSTO TOTAL: 8322.0
TOTAL DE RUTAS: 16
TIEMPO DE EJECUCIÓN: 0.8731858730316162
 
R1[4, 2, 1, 7, 6]
R2[8, 3, 12, 13, 5, 10]
R3[15, 11, 9, 16, 18, 21, 20, 23, 26, 28, 14]
R4[17, 31, 22, 29, 24, 34, 19, 39, 37, 25, 30, 27, 33, 36, 38, 40, 32, 35]
R5[44, 47, 45, 43, 42]
R6[41, 48, 50, 52, 46, 49]
R7[55, 53, 51, 56, 58, 54, 60, 61, 63, 69, 66]
R8[71, 59, 57, 62, 68, 74, 76, 64, 79, 77, 67, 72, 70, 65, 78, 80, 75, 73]
R9[84, 87, 81, 82, 85]
R10[86, 90, 92, 88, 95, 89]
R11[91, 93, 96, 98, 94, 100, 83, 106, 101]
R12[103, 111, 97, 99, 102, 109, 114, 104, 116, 108, 119, 107, 117, 112, 105, 113, 118, 120, 110, 115]
R13[122, 124, 127, 121, 125]
R14[123, 128, 130, 133, 135, 129]
R15[126, 132, 131, 134, 140, 141, 136, 146, 138, 148]
R16[143, 137, 149, 139, 144, 151, 154, 157, 142, 145, 147, 159, 156, 153, 155, 150, 158, 160, 152]
------------------------------------------
