Antes de iniciar JVM
Antes de llamar a Controller
Antes de apagar la JVM
FIN
 
------------------------------------------
HEURÍSTICA DE CONSTRUCCIÓN: NearestNeighborWithRLC
COSTO TOTAL: 8418.47
TOTAL DE RUTAS: 16
TIEMPO DE EJECUCIÓN: 0.8888049125671387
 
R1[2, 5, 1, 4, 3]
R2[8, 10, 7, 12, 13, 6]
R3[11, 9, 16, 18, 20, 21, 15, 14, 26, 29, 31]
R4[17, 23, 19, 28, 22, 34, 24, 39, 37, 36, 30, 27, 33, 35, 38, 40, 32, 25]
R5[45, 47, 44, 41, 42]
R6[48, 43, 52, 53, 55, 49]
R7[46, 51, 50, 58, 54, 60, 63, 61, 66, 69, 71]
R8[57, 59, 62, 68, 56, 76, 74, 64, 77, 67, 65, 70, 73, 75, 79, 78, 72, 80]
R9[82, 87, 85, 81, 83]
R10[84, 86, 90, 92, 95, 89]
R11[88, 93, 96, 91, 94, 100, 98, 101, 103]
R12[106, 109, 111, 97, 102, 104, 114, 116, 117, 99, 119, 105, 107, 108, 112, 113, 115, 120, 110, 118]
R13[122, 124, 127, 121, 125]
R14[128, 126, 123, 130, 132, 129]
R15[133, 135, 136, 138, 140, 131, 143, 146, 134, 149, 148]
R16[141, 151, 142, 139, 154, 156, 144, 157, 159, 145, 137, 150, 153, 147, 155, 152, 160, 158]
------------------------------------------
