Antes de iniciar JVM
Antes de llamar a Controller
Antes de apagar la JVM
FIN
 
------------------------------------------
HEURÍSTICA DE CONSTRUCCIÓN: NearestNeighborWithRLC
COSTO TOTAL: 8294.7
TOTAL DE RUTAS: 16
TIEMPO DE EJECUCIÓN: 0.8808455467224121
 
R1[4, 7, 1, 3, 6]
R2[2, 10, 8, 12, 15, 9]
R3[11, 14, 13, 18, 5, 21, 23, 26, 20]
R4[16, 29, 28, 19, 31, 24, 17, 34, 36, 37, 25, 22, 30, 39, 27, 35, 38, 40, 32, 33]
R5[42, 45, 47, 43, 41]
R6[46, 48, 44, 53, 50, 49]
R7[51, 55, 54, 56, 60, 61, 58, 63, 68, 52, 66]
R8[71, 57, 59, 62, 69, 64, 76, 74, 77, 79, 67, 65, 72, 75, 73, 80, 70, 78]
R9[85, 82, 81, 84, 87]
R10[83, 88, 90, 92, 93, 95]
R11[89, 86, 96, 98, 100, 101, 103, 94, 108]
R12[91, 106, 97, 109, 111, 102, 114, 116, 99, 117, 119, 104, 107, 112, 105, 110, 118, 113, 120, 115]
R13[125, 122, 121, 123, 127]
R14[126, 130, 132, 124, 135, 133]
R15[129, 128, 134, 138, 140, 131, 143, 136, 146, 148]
R16[151, 141, 139, 149, 137, 154, 142, 157, 159, 144, 147, 156, 145, 153, 155, 152, 150, 158, 160]
------------------------------------------
