 
------------------------------------------
CANTIDAD DE EJECUCIONES: 100
HEURÍSTICA DE CONSTRUCCIÓN: HeuristicType.RandomMethod
COSTO TOTAL: 44654.6
TOTAL DE RUTAS: 3
TIEMPO DE EJECUCIÓN: 0.12549757957458496 milisegundos
 
R1[121, 230, 339, 208, 300, 34, 335, 52, 40, 137, 357, 271, 337, 51, 71, 175, 338, 200, 30, 106, 280, 177, 226, 279, 246, 316, 351, 79, 332, 315, 38, 307, 32, 78, 291, 76, 308, 13, 111, 171, 48, 269, 211, 216, 289, 139, 346, 58, 98, 172, 251, 343, 224, 160, 80, 92, 178, 154, 257, 209, 123, 284, 153, 169, 243, 238, 55, 229, 105, 37, 167, 41, 161, 138, 350, 359, 202, 287, 321, 28, 258, 310, 19, 9, 155, 173, 193, 185, 277, 93, 218, 214, 2, 72, 237, 27, 59, 125, 286, 235, 345]
R2[190, 23, 326, 143, 285, 303, 252, 174, 233, 249, 57, 342, 88, 294, 15, 31, 168, 292, 81, 268, 329, 17, 204, 64, 29, 330, 156, 73, 263, 192, 240, 276, 256, 122, 295, 340, 152, 239, 225, 26, 282, 222, 290, 128, 199, 273, 274, 352, 91, 334, 356, 90, 63, 322, 129, 89, 360, 14, 281, 261, 264, 176, 180, 87, 159, 1, 253, 195, 68, 296, 298, 248, 43, 157, 127, 241, 244, 184, 147, 42, 250, 120]
R3[95, 16, 304, 242, 5, 358, 150, 20, 100, 302, 3, 85, 54, 266, 333, 21, 327, 86, 112, 259, 103, 7, 231, 323, 293, 247, 131, 288, 348, 318, 107, 142, 109, 260, 206, 49, 151, 347, 265, 344, 355, 201, 39, 8, 205, 278, 96, 4, 124, 349, 115, 188, 317, 299, 44, 146, 198, 309, 311, 132, 83, 119, 45, 56, 47, 66, 179, 134, 217, 325, 223, 232, 126, 70, 328, 141, 116, 181, 46, 62, 133, 227]
------------------------------------------
