 
------------------------------------------
CANTIDAD DE EJECUCIONES: 100
HEURÍSTICA DE CONSTRUCCIÓN: HeuristicType.RandomMethod
COSTO TOTAL: 44720.82
TOTAL DE RUTAS: 3
TIEMPO DE EJECUCIÓN: 0.12076592445373535 milisegundos
 
R1[203, 167, 243, 275, 355, 349, 199, 288, 217, 143, 209, 110, 246, 291, 339, 60, 125, 90, 234, 144, 80, 2, 266, 259, 106, 211, 102, 61, 89, 285, 320, 212, 300, 347, 169, 136, 100, 226, 52, 188, 117, 198, 274, 230, 39, 40, 97, 47, 281, 319, 244, 236, 299, 175, 25, 358, 202, 180, 121, 277, 328, 5, 341, 86, 325, 191, 152, 116, 258, 248, 278, 73, 23, 1, 45, 322, 176, 71, 214, 142, 72, 158, 168, 139, 293, 153, 30, 68, 104, 260]
R2[19, 304, 297, 195, 114, 46, 261, 149, 330, 206, 253, 27, 308, 82, 84, 126, 81, 222, 205, 338, 6, 174, 150, 352, 137, 135, 66, 220, 165, 228, 294, 94, 65, 134, 315, 332, 267, 170, 141, 3, 48, 337, 245, 263, 301, 221, 289, 210, 161, 190, 36, 9, 333, 49, 318, 13, 342, 96, 101, 238, 83, 156, 309, 43, 99, 55, 270, 51, 323, 201, 357, 290, 213, 140, 28, 192, 26, 124, 216, 103, 268]
R3[56, 92, 132, 95, 53, 131, 177, 148, 120, 286, 255, 178, 35, 133, 340, 111, 306, 359, 312, 138, 10, 182, 208, 38, 20, 282, 326, 24, 127, 130, 252, 109, 197, 219, 69, 151, 218, 225, 91, 11, 207, 15, 344, 316, 317, 276, 105, 31, 231, 118, 44, 79, 107, 356, 21, 345, 305, 186, 331, 78, 242, 269, 76, 351, 85, 37, 249, 187, 29, 250, 336, 108, 42, 181, 4, 280, 159, 251, 314, 146, 279, 171, 63, 33, 18, 307, 324, 193, 239, 164, 189, 155, 256, 8, 163, 247, 70, 88, 74]
------------------------------------------
