 
------------------------------------------
CANTIDAD DE EJECUCIONES: 100
HEURÍSTICA DE CONSTRUCCIÓN: HeuristicType.RandomMethod
COSTO TOTAL: 45885.6
TOTAL DE RUTAS: 3
TIEMPO DE EJECUCIÓN: 0.12143611907958984 milisegundos
 
R1[16, 354, 27, 99, 337, 267, 316, 257, 183, 131, 25, 168, 258, 200, 64, 326, 104, 20, 264, 301, 43, 345, 235, 151, 255, 227, 295, 214, 190, 161, 319, 344, 155, 72, 77, 268, 330, 3, 61, 60, 294, 98, 31, 225, 81, 287, 199, 221, 170, 231, 252, 173, 333, 242, 327, 65, 213, 304, 116, 57, 185, 297, 320, 78, 288, 157, 71, 82, 148, 40, 262, 58, 279, 46, 101, 105, 182, 108, 198, 282, 163, 296, 226, 5, 240, 56, 50, 321, 166, 146, 216, 86, 204]
R2[10, 308, 281, 112, 187, 11, 194, 42, 125, 184, 106, 311, 160, 220, 150, 121, 48, 343, 92, 159, 122, 66, 45, 23, 14, 176, 138, 210, 62, 357, 243, 4, 309, 290, 73, 88, 261, 30, 118, 254, 346, 217, 270, 317, 325, 272, 174, 51, 32, 265, 164, 120, 156, 303, 79, 93, 123, 273, 203, 80, 175, 188, 33, 323, 89, 209, 139, 192, 285, 103, 223, 229, 29, 340, 162, 74, 280, 300, 256, 291, 293, 178, 117, 132, 299, 39, 109, 246, 328, 153, 196]
R3[167, 356, 251, 9, 135, 141, 34, 107, 224, 53, 218, 130, 177, 21, 212, 68, 284, 215, 19, 271, 239, 15, 289, 302, 355, 180, 134, 286, 234, 97, 248, 360, 140, 307, 133, 334, 253, 129, 324, 172, 87, 70, 49, 12, 351, 276, 28, 158, 237, 332, 136, 245, 2, 208, 298, 329, 193, 211, 84, 260, 154, 201, 52, 17, 7, 69, 147, 247, 310, 241, 37, 8, 85, 119, 165, 83, 347, 348, 63, 342]
------------------------------------------
