 
------------------------------------------
CANTIDAD DE EJECUCIONES: 100
HEURÍSTICA DE CONSTRUCCIÓN: HeuristicType.RandomMethod
COSTO TOTAL: 43780.64
TOTAL DE RUTAS: 3
TIEMPO DE EJECUCIÓN: 0.18200016021728516 milisegundos
 
R1[323, 137, 346, 146, 10, 307, 75, 330, 104, 290, 122, 225, 261, 222, 154, 180, 97, 340, 43, 151, 53, 311, 281, 273, 96, 127, 88, 47, 30, 303, 264, 237, 161, 160, 206, 6, 326, 227, 144, 253, 139, 145, 268, 23, 314, 331, 251, 134, 136, 171, 198, 291, 328, 8, 211, 263, 320, 62, 1, 276, 157, 243, 186, 179, 153, 254, 125, 140, 310, 100, 239, 286, 71, 306, 175, 55, 93, 52, 24, 339, 269, 42, 248, 274]
R2[242, 270, 351, 196, 192, 335, 258, 184, 250, 12, 327, 66, 336, 131, 217, 132, 106, 107, 318, 36, 325, 68, 167, 165, 166, 201, 223, 233, 283, 110, 358, 86, 83, 309, 48, 64, 69, 26, 92, 278, 357, 345, 91, 95, 14, 38, 143, 221, 265, 213, 319, 33, 245, 272, 229, 255, 20, 170, 338, 19, 224, 349, 173, 209, 18, 298, 7, 203, 313, 37, 199, 27, 289, 164, 292, 275, 282, 352, 271, 232, 288, 147, 194, 220, 57, 54, 317, 259, 169, 284, 185]
R3[5, 126, 360, 168, 344, 228, 287, 219, 299, 216, 208, 315, 277, 197, 63, 294, 85, 195, 28, 300, 257, 49, 293, 34, 212, 236, 249, 15, 59, 241, 155, 50, 102, 17, 231, 148, 177, 244, 247, 31, 25, 266, 158, 89, 350, 356, 174, 182, 116, 133, 56, 238, 35, 297, 334, 114, 113, 305, 84, 9, 178, 129, 322, 267, 359, 302, 163, 218, 204, 304, 301, 252, 246, 78, 135, 60, 150, 149, 152, 280, 39, 324, 124, 141, 226, 348, 67, 99, 40, 156, 103, 11, 3, 262]
------------------------------------------
