 
------------------------------------------
CANTIDAD DE EJECUCIONES: 100
HEURÍSTICA DE CONSTRUCCIÓN: HeuristicType.RandomMethod
COSTO TOTAL: 42965.32
TOTAL DE RUTAS: 3
TIEMPO DE EJECUCIÓN: 0.16590595245361328 milisegundos
 
R1[329, 83, 172, 237, 67, 8, 212, 287, 136, 14, 195, 30, 151, 348, 100, 72, 173, 221, 131, 333, 161, 260, 266, 299, 182, 24, 332, 288, 87, 19, 202, 49, 89, 186, 177, 347, 291, 272, 1, 145, 166, 204, 225, 300, 311, 45, 360, 158, 211, 17, 123, 134, 81, 273, 341, 176, 358, 142, 325, 160, 93, 86, 198, 39, 124, 280, 206, 66, 75, 140, 342, 28, 106, 270, 200, 105, 246, 129, 294, 236, 85, 324, 102, 274, 91]
R2[54, 292, 317, 339, 96, 103, 282, 189, 31, 338, 285, 144, 40, 350, 128, 207, 243, 15, 80, 179, 16, 220, 43, 2, 71, 56, 32, 229, 227, 109, 255, 188, 235, 251, 262, 256, 356, 257, 271, 245, 248, 290, 351, 183, 346, 61, 165, 133, 42, 127, 284, 99, 132, 250, 355, 264, 141, 135, 242, 167, 254, 345, 25, 62, 26, 33, 265, 22, 156, 349, 155, 146, 244, 114, 92, 159, 58, 190, 157, 149, 5, 223, 59, 95, 138, 219, 11, 181, 194, 226, 69]
R3[122, 316, 354, 239, 20, 97, 336, 313, 52, 321, 94, 137, 168, 201, 298, 258, 113, 304, 214, 337, 261, 184, 209, 215, 275, 319, 269, 307, 213, 205, 192, 118, 79, 343, 90, 357, 320, 310, 18, 70, 115, 104, 82, 283, 308, 238, 293, 330, 231, 289, 163, 44, 65, 327, 3, 323, 60, 276, 193, 171, 267, 12, 234, 53, 126, 36, 305, 117, 64, 162, 41, 328, 302, 125, 263, 210, 301, 35, 241, 121, 359, 112, 21, 218, 164, 281]
------------------------------------------
