 
------------------------------------------
CANTIDAD DE EJECUCIONES: 100
HEURÍSTICA DE CONSTRUCCIÓN: HeuristicType.RandomMethod
COSTO TOTAL: 44575.0
TOTAL DE RUTAS: 3
TIEMPO DE EJECUCIÓN: 0.13608312606811523 milisegundos
 
R1[251, 280, 175, 87, 330, 223, 156, 199, 114, 161, 176, 253, 318, 82, 86, 20, 24, 2, 148, 285, 229, 208, 62, 35, 85, 346, 336, 58, 154, 201, 328, 238, 13, 322, 329, 197, 351, 52, 248, 301, 34, 263, 32, 149, 213, 181, 99, 302, 70, 72, 119, 55, 134, 309, 198, 92, 185, 196, 356, 333, 250, 215, 28, 66, 295, 205, 131, 122, 77, 44, 290, 317, 120, 94, 357, 268, 344, 262, 68, 63, 60, 267, 279, 80, 277, 296, 211, 326, 152, 327]
R2[8, 236, 184, 74, 59, 278, 273, 315, 43, 314, 299, 254, 117, 65, 310, 22, 306, 335, 11, 240, 27, 179, 75, 166, 47, 155, 221, 88, 324, 289, 325, 350, 360, 270, 26, 167, 146, 53, 313, 100, 95, 331, 286, 245, 353, 69, 274, 48, 288, 170, 339, 102, 136, 177, 281, 5, 287, 54, 342, 71, 241, 321, 271, 159, 138, 98, 227, 255, 29, 46, 234, 334, 293, 115, 265, 337, 243, 41, 297, 30, 294, 144, 121, 298, 101, 7, 190]
R3[163, 145, 349, 12, 133, 210, 186, 209, 183, 352, 78, 319, 338, 157, 83, 192, 347, 111, 218, 202, 359, 348, 304, 64, 104, 173, 220, 242, 143, 130, 137, 61, 228, 283, 9, 135, 174, 14, 260, 282, 204, 249, 160, 291, 311, 109, 269, 103, 203, 6, 129, 305, 139, 33, 292, 67, 172, 96, 191, 237, 226, 341, 153, 113, 307, 16, 178, 42, 284, 244, 91, 355, 25, 276, 308, 165, 275, 256, 247, 300, 140, 257, 110, 56, 50, 118, 169, 222, 19, 219, 1]
------------------------------------------
