 
------------------------------------------
HEURÍSTICA DE CONSTRUCCIÓN: RandomMethod
COSTO TOTAL: 58027.62
TOTAL DE RUTAS: 4
 
R1[138, 164, 353, 233, 266, 203, 83, 85, 223, 128, 228, 318, 215, 26, 34, 19, 194, 8, 125, 115, 114, 130, 309, 66, 82, 177, 105, 80, 359, 282, 106, 326, 178, 153, 103, 5, 132, 2, 90, 200, 196, 165, 272, 191, 210, 308, 129, 301, 226, 355, 357, 305, 258, 202, 234, 61, 57, 171, 156, 169, 281, 97, 120, 14, 278, 158, 3, 37, 354, 342, 10, 287, 188, 43, 185, 160, 84, 340, 63, 151, 159, 30, 150, 116, 237, 38, 316, 142, 168, 328, 300, 56, 302, 6, 241, 267, 186]
R2[123, 112, 109, 157, 18, 16, 204, 262, 40, 161, 330, 199, 319, 265, 244, 126, 222, 245, 257, 146, 62, 207, 253, 110, 59, 58, 315, 133, 99, 51, 60, 162, 73, 263, 52, 351, 254, 331, 87, 35, 208, 189, 323, 140, 290, 259, 225, 28, 48, 9, 264, 343, 139, 147, 360, 72, 304, 46, 293, 337, 68, 219, 113, 102, 285, 280, 29, 50, 36, 190, 197, 170, 154, 240, 295, 11, 25, 231, 283, 212, 104, 247, 152, 306, 352, 81, 345, 54, 27, 65, 291, 356, 214]
R3[252, 217, 297, 44, 348, 175, 117, 221, 310, 55, 239, 111, 273, 121, 286, 336, 320, 127, 23, 91, 322, 224, 143, 101, 260, 261, 98, 15, 229, 311, 77, 107, 1, 332, 269, 317, 24, 42, 271, 193, 167, 249, 270, 307, 183, 276, 314, 346, 324, 144, 341, 333, 21, 118, 243, 205, 17, 344, 303, 284, 32, 299, 64, 235, 313, 20, 131, 339, 172, 198, 246, 209, 184, 148, 74, 41, 288, 338, 108, 49, 93, 350, 298, 274, 325, 69, 312, 47, 75, 327, 67, 78, 358, 95, 12]
R4[334, 213, 294, 242, 268, 275, 292, 94, 70, 45, 216, 250, 347, 86, 176, 149, 13, 279, 248, 53, 349, 180, 173, 329, 166, 88, 31, 179, 227, 201, 124, 321, 232, 100, 135, 174, 7, 79, 76, 163, 192, 155, 220, 33, 195, 122, 96, 218, 92, 230, 296, 335, 206, 137, 181, 211, 136, 141, 256, 22, 145, 277, 89, 4, 182, 238, 289, 71, 236, 251, 255, 134, 187, 119, 39]
------------------------------------------
