 
------------------------------------------
CANTIDAD DE EJECUCIONES: 100
HEURÍSTICA DE CONSTRUCCIÓN: HeuristicType.RandomMethod
COSTO TOTAL: 44119.01
TOTAL DE RUTAS: 3
TIEMPO DE EJECUCIÓN: 0.12650299072265625 milisegundos
 
R1[15, 312, 297, 184, 145, 295, 156, 124, 357, 202, 293, 57, 100, 284, 223, 204, 348, 161, 225, 338, 142, 131, 139, 148, 214, 83, 103, 216, 306, 268, 275, 302, 132, 198, 127, 109, 256, 286, 46, 298, 104, 346, 350, 203, 250, 342, 176, 55, 251, 318, 200, 59, 280, 40, 9, 20, 95, 343, 261, 164, 111, 354, 29, 170, 101, 313, 226, 224, 209, 154, 84, 155, 10, 26, 183, 335, 80, 25, 344, 34, 96, 135, 207, 137, 274, 326, 3, 51, 336, 267, 221]
R2[172, 283, 257, 273, 23, 263, 211, 160, 42, 358, 246, 288, 41, 304, 158, 43, 353, 62, 291, 167, 74, 28, 153, 271, 71, 133, 58, 308, 18, 360, 6, 44, 102, 218, 322, 97, 90, 150, 38, 113, 205, 219, 282, 106, 331, 260, 230, 48, 68, 235, 174, 60, 279, 2, 319, 307, 197, 82, 77, 244, 143, 81, 270, 11, 7, 249, 334, 175, 290, 45, 345, 52, 70, 287, 266, 213, 165, 79, 187, 186, 276, 340, 262, 115, 321, 53]
R3[215, 317, 194, 168, 332, 355, 285, 108, 339, 333, 238, 129, 99, 32, 31, 234, 138, 5, 63, 196, 239, 272, 316, 356, 107, 180, 248, 233, 188, 119, 118, 61, 208, 245, 136, 240, 192, 243, 94, 89, 146, 1, 22, 130, 169, 289, 47, 252, 13, 206, 191, 264, 232, 229, 144, 236, 88, 93, 85, 241, 177, 201, 281, 299, 315, 114, 33, 359, 8, 330, 311, 278, 73, 327, 242, 98, 314, 66, 324, 228, 328, 178, 166, 49, 17, 292, 56]
------------------------------------------
