 
------------------------------------------
CANTIDAD DE EJECUCIONES: 100
HEURÍSTICA DE CONSTRUCCIÓN: HeuristicType.RandomMethod
COSTO TOTAL: 44621.41
TOTAL DE RUTAS: 3
TIEMPO DE EJECUCIÓN: 0.1255483627319336 milisegundos
 
R1[278, 218, 255, 168, 195, 312, 207, 56, 165, 141, 250, 186, 43, 69, 13, 307, 135, 170, 217, 7, 185, 354, 128, 88, 291, 301, 134, 81, 6, 108, 276, 308, 123, 8, 90, 26, 331, 67, 252, 189, 104, 41, 360, 206, 214, 51, 61, 77, 350, 36, 261, 245, 315, 87, 55, 121, 324, 66, 151, 298, 208, 99, 173, 175, 31, 133, 263, 349, 202, 199, 180, 164, 184, 205, 62, 310, 98, 198, 230, 269, 169]
R2[293, 73, 334, 196, 258, 236, 295, 240, 16, 160, 176, 1, 358, 65, 216, 337, 75, 328, 322, 146, 52, 84, 224, 190, 33, 187, 9, 54, 352, 122, 303, 211, 332, 339, 204, 113, 92, 257, 316, 103, 235, 304, 223, 64, 139, 78, 158, 264, 29, 327, 32, 149, 79, 197, 302, 12, 102, 212, 345, 274, 246, 166, 142, 70, 119, 259, 237, 162, 336, 256, 181, 326, 132, 311, 277, 161, 317, 17, 292, 309, 357, 116, 241, 270, 21, 82, 91, 227, 25, 251, 2, 290, 40, 348, 319, 318, 95, 297]
R3[15, 11, 351, 53, 191, 19, 239, 148, 74, 221, 171, 253, 271, 280, 288, 10, 242, 320, 150, 46, 353, 268, 144, 63, 343, 359, 182, 226, 163, 284, 248, 213, 71, 45, 209, 283, 342, 188, 131, 106, 341, 49, 155, 37, 4, 228, 107, 115, 57, 177, 112, 192, 140, 93, 167, 96, 86, 272, 30, 275, 330, 80, 222, 83, 183, 254, 72, 124, 129, 24, 346, 203, 287, 249, 265, 225, 232, 111, 321, 247, 14, 58, 178, 285, 97, 50, 313, 210, 279, 300, 347]
------------------------------------------
