 
------------------------------------------
CANTIDAD DE EJECUCIONES: 100
HEURÍSTICA DE CONSTRUCCIÓN: NearestNeighborWithRLC
COSTO TOTAL: 2097.38
TOTAL DE RUTAS: 7
TIEMPO DE EJECUCIÓN: 313 milisegundos
 
R1[119, 120, 2, 5, 3, 15, 11, 14, 12, 13, 4, 10, 9, 6, 8, 17, 16, 118, 117, 116]
R2[114, 18, 113, 115, 1, 112, 111, 109, 110, 108, 7, 19]
R3[22, 36, 34, 20, 21, 35, 32, 31, 30, 24, 28, 27, 23, 26, 25, 33, 29]
R4[37, 41, 42, 49, 39, 43, 48, 51, 50, 38, 44, 47, 46, 40, 45, 65, 66, 63, 62, 60]
R5[61, 59, 64, 57, 58, 56, 54, 53, 52, 79, 80, 76, 98]
R6[107, 106, 104, 67, 77, 74, 68, 69, 71, 78, 72, 75, 73, 70, 55, 103, 105, 101, 81, 82]
R7[88, 95, 99, 100, 102, 94, 97, 93, 96, 91, 89, 90, 92, 85, 84, 86, 83, 87]
------------------------------------------
