 
------------------------------------------
HEURÍSTICA DE CONSTRUCCIÓN: SaveSequential
COSTO TOTAL: 843.01
TOTAL DE RUTAS: 4
 
R1[91, 41, 74, 22, 75, 56, 23, 39, 67, 25, 55, 24, 29, 79, 78, 34, 35, 65, 71, 66, 20, 9, 81, 33, 3, 77, 68, 80]
R2[92, 44, 38, 14, 42, 43, 15, 57, 2, 58, 40, 26, 21, 73, 72, 4, 54, 12, 76, 50, 51, 30, 32, 90, 63, 64, 49, 36, 47, 46]
R3[60, 89, 6, 94, 96, 95, 87, 97, 13, 53, 28, 1, 70, 10, 11, 19, 62, 31, 69, 27, 52, 88, 7, 48, 82, 8, 45, 17]
R4[18, 83, 84, 61, 16, 86, 100, 37, 98, 85, 93, 59, 99, 5]
------------------------------------------
