 
------------------------------------------
HEURÍSTICA DE CONSTRUCCIÓN: SaveSequential
COSTO TOTAL: 854.23
TOTAL DE RUTAS: 4
 
R1[80, 68, 77, 3, 33, 81, 79, 78, 9, 20, 66, 71, 65, 35, 34, 29, 24, 55, 25, 67, 39, 23, 56, 75, 22, 74, 41, 91]
R2[92, 44, 38, 14, 42, 43, 15, 57, 2, 58, 40, 26, 21, 73, 72, 4, 54, 12, 76, 50, 51, 30, 32, 90, 63, 64, 49, 36, 47, 46]
R3[83, 8, 48, 19, 11, 10, 70, 1, 69, 31, 62, 88, 7, 82, 52, 27, 28, 53, 13, 87, 97, 95, 94, 6, 96, 37, 100]
R4[60, 5, 84, 45, 17, 86, 16, 61, 85, 98, 59, 93, 99, 89, 18]
------------------------------------------
