 
------------------------------------------
HEURÍSTICA DE CONSTRUCCIÓN: NearestNeighborWithRLC
COSTO TOTAL: 20652.08
TOTAL DE RUTAS: 4
 
R1[5, 21, 156, 240, 237, 277, 2, 10, 26, 1, 12, 36, 317, 320, 357, 356, 358, 360, 355, 354, 359, 351, 352, 350, 349, 348, 346, 345, 353, 344, 347, 343, 340, 339, 341, 338, 342, 335, 334, 337, 333, 331, 330, 332, 336, 329, 326, 325, 328, 324, 322, 323, 327, 319, 316, 318, 314, 4, 6, 7, 31, 66, 75, 158, 159, 160, 232, 231, 238, 315, 312, 309, 307, 301, 311, 321, 313, 308, 306, 310, 304, 303, 305, 302, 298, 300, 299, 296, 294, 295, 297, 3, 13, 11, 29, 150, 151, 8, 39, 23, 15, 16, 148, 239, 230, 280, 293, 292]
R2[289, 290, 288, 286, 291, 285, 284, 283, 282, 9, 17, 222, 279, 14, 22, 287, 281, 18, 34, 272, 19, 20, 74, 67, 144, 229, 275, 25, 269, 276, 274, 273, 271, 268, 267, 266, 278, 265, 263, 270, 264, 262, 259, 261, 258, 260, 257, 255, 253, 254, 251, 250, 252, 248, 249, 246, 245, 247, 244, 242, 243, 241, 236, 234, 256, 233, 27, 224, 24, 32, 223, 235, 227, 228, 28, 33, 225, 221, 226, 219, 220, 218, 217, 216, 35, 198, 30, 38, 76, 116, 40, 143, 200, 215, 213, 212, 214, 211]
R3[210, 209, 37, 199, 208, 206, 207, 42, 41, 44, 60, 52, 55, 71, 72, 45, 61, 43, 53, 48, 56, 64, 80, 118, 119, 152, 192, 205, 203, 202, 197, 201, 196, 194, 193, 195, 190, 191, 188, 204, 189, 186, 185, 184, 182, 183, 181, 179, 178, 177, 187, 180, 176, 173, 172, 175, 170, 174, 168, 171, 166, 169, 164, 163, 162, 167, 165, 161, 155, 154, 149, 157, 47, 54, 79, 63, 46]
R4[50, 51, 77, 113, 142, 153, 146, 49, 73, 65, 58, 69, 110, 112, 141, 145, 140, 147, 57, 62, 70, 78, 111, 136, 59, 108, 100, 92, 135, 138, 134, 137, 133, 132, 131, 130, 128, 129, 127, 125, 126, 124, 81, 90, 98, 139, 122, 82, 123, 83, 121, 120, 104, 117, 109, 107, 106, 105, 114, 115, 103, 96, 95, 94, 86, 84, 87, 85, 102, 88, 91, 101, 99, 93, 68, 89, 97]
------------------------------------------
