 
------------------------------------------
HEURÍSTICA DE CONSTRUCCIÓN: NearestNeighborWithRLC
COSTO TOTAL: 20790.06
TOTAL DE RUTAS: 4
 
R1[2, 10, 18, 34, 231, 240, 239, 280, 1, 12, 28, 36, 4, 6, 7, 8, 39, 355, 357, 360, 358, 354, 356, 359, 353, 352, 350, 349, 348, 346, 345, 351, 344, 5, 21, 156, 158, 3, 11, 19, 9, 14, 31, 74, 66, 347, 341, 342, 343, 339, 338, 337, 336, 15, 16, 24, 40, 159, 200, 17, 33, 315, 317, 312, 320, 333, 340, 335, 334, 332, 330, 331, 327, 329, 326, 324, 328, 325, 321, 323, 319, 322, 318, 314, 20, 30, 22, 38, 304, 311, 313, 309, 307, 299, 306, 316, 310, 305, 303, 301, 298, 308, 297, 300, 296, 295, 302, 294]
R2[292, 290, 293, 289, 287, 286, 288, 285, 283, 291, 284, 282, 281, 278, 276, 13, 23, 148, 232, 224, 229, 237, 235, 236, 279, 25, 238, 277, 275, 274, 273, 26, 230, 29, 150, 142, 152, 160, 157, 199, 198, 190, 182, 234, 27, 223, 228, 272, 271, 270, 269, 35, 153, 221, 268, 267, 265, 266, 264, 262, 32, 113, 37, 215, 261, 41, 44, 52, 76, 42, 50, 58, 59, 67, 45, 61, 116, 43, 51, 53, 69, 110, 119, 118, 108, 114, 155, 227, 260, 46, 47, 71, 63, 55, 54, 79, 56, 48, 49, 60, 68, 57, 73, 62, 64, 102, 143, 192, 233, 70, 78, 65, 77, 105, 97, 72, 103, 117, 151]
R3[149, 219, 259, 258, 75, 140, 222, 81, 92, 82, 144, 147, 226, 257, 256, 255, 254, 253, 252, 251, 263, 250, 249, 246, 247, 248, 243, 244, 241, 245, 242, 218, 220, 225, 214, 216, 213, 212, 210, 83, 85, 120, 115, 191, 84, 87, 88, 112, 109, 141, 184, 209, 211, 208, 207, 217, 204, 206, 203, 205, 201, 197, 202, 195, 196, 193, 189, 188, 186, 185, 187, 183, 180, 181, 194]
R4[179, 177, 176, 175, 173, 172, 174, 178, 169, 170, 171, 166, 165, 168, 164, 167, 163, 162, 146, 145, 161, 154, 137, 138, 135, 139, 134, 136, 133, 130, 132, 129, 127, 126, 128, 124, 125, 123, 131, 121, 106, 122, 111, 80, 86, 95, 101, 104, 93, 96, 100, 89, 90, 91, 98, 94, 99, 107]
------------------------------------------
