 
------------------------------------------
CANTIDAD DE EJECUCIONES: 100
HEURÍSTICA DE CONSTRUCCIÓN: NearestNeighborWithRLC
COSTO TOTAL: 1727.28
TOTAL DE RUTAS: 7
TIEMPO DE EJECUCIÓN: 316 milisegundos
 
R1[120, 119, 118, 117, 116, 115, 114, 113, 112, 111, 110, 109, 108, 107, 106, 105, 104, 103, 102, 101, 100, 99, 98, 97]
R2[96, 95, 94, 93, 92, 91, 90, 89, 88, 87, 86, 85, 84]
R3[83, 82, 81, 18, 13, 15, 14, 12, 11, 10, 9]
R4[8, 7, 6, 5, 4, 3, 2, 1, 16, 17, 19, 25, 31, 36, 35, 34, 33, 32, 30, 28, 27, 26, 23, 20]
R5[21, 22, 24, 29, 37, 38, 39, 48, 51, 50, 49, 47, 46, 45, 43, 40, 42, 41, 44, 65]
R6[66, 64, 63, 62, 61, 60, 59, 58, 57, 56, 55, 54, 53, 52, 80, 79, 78, 77, 76]
R7[75, 74, 73, 72, 71, 67, 70, 69, 68]
------------------------------------------
