 
------------------------------------------
CANTIDAD DE EJECUCIONES: 100
HEURÍSTICA DE CONSTRUCCIÓN: CMT
COSTO TOTAL: 1873.38
TOTAL DE RUTAS: 11
TIEMPO DE EJECUCIÓN: 486 milisegundos
 
R1[80, 79, 77, 78, 72, 75, 76, 74, 71, 68, 73]
R2[90, 18, 118, 84, 117, 113, 83, 108, 114, 91, 112, 85, 89, 81, 86]
R3[99, 100, 104, 106, 105, 120, 107, 103, 98, 116, 102, 101, 96, 95, 110, 93, 88]
R4[20, 23, 17, 32, 16, 29, 26, 21]
R5[61, 62, 63, 66, 64, 60, 59, 57, 58, 54, 56, 53]
R6[22, 24, 35, 28, 34, 31, 30, 33, 27, 25, 19, 36]
R7[49, 51, 50, 47, 46, 44, 48, 42, 45, 43, 41, 65]
R8[3, 37, 38, 39, 40, 52, 55, 70, 69, 67]
R9[15, 11, 14, 9, 10, 13, 8, 12, 4, 5, 7, 6]
R10[87, 94, 97, 115, 109, 2, 1, 119, 92, 111]
R11[82]
------------------------------------------
