 
------------------------------------------
CANTIDAD DE EJECUCIONES: 100
HEURÍSTICA DE CONSTRUCCIÓN: RandomMethod
COSTO TOTAL: 4091.91
TOTAL DE RUTAS: 10
TIEMPO DE EJECUCIÓN: 54 milisegundos
 
R1[22, 16, 55, 86, 25]
R2[74, 94, 77, 100, 73, 34, 52, 26, 7, 44, 83, 71, 78, 36, 28]
R3[87, 19, 10, 43, 60, 48, 79, 72, 81, 21]
R4[40, 49, 69, 57, 88, 33, 20]
R5[29, 18, 27, 63, 62, 15, 65, 11, 45, 13, 23]
R6[93, 97, 2, 61, 80, 76, 85, 54, 6, 12]
R7[92, 91, 82, 70, 64, 17, 67, 3]
R8[58, 1, 47, 53, 56, 37, 66, 42]
R9[50, 24, 32, 39, 35, 68, 98, 31, 30, 89, 75, 90, 46, 96, 99]
R10[95, 14, 84, 8, 59, 41, 9, 4, 51, 5, 38]
------------------------------------------
