 
------------------------------------------
CANTIDAD DE EJECUCIONES: 100
HEURÍSTICA DE CONSTRUCCIÓN: RandomMethod
COSTO TOTAL: 3831.82
TOTAL DE RUTAS: 11
TIEMPO DE EJECUCIÓN: 86 milisegundos
 
R1[87, 62, 69, 55, 44, 4, 19, 67, 47, 34]
R2[81, 80, 77, 58, 12, 83, 46, 98, 24, 99, 29, 51, 66, 57]
R3[45, 2, 14, 13, 72, 95, 20]
R4[25, 74, 11, 7, 26, 28]
R5[90, 71, 73, 54, 21, 33, 31, 60, 18, 82]
R6[63, 94, 91, 70, 97, 5, 9]
R7[15, 68, 1, 22, 30, 27, 23, 93, 64, 85, 61, 50, 43, 79]
R8[32, 3, 76, 53, 36, 84, 35, 39]
R9[16, 100, 65, 48, 56, 42, 59, 49]
R10[8, 17, 6, 41, 96, 78, 40, 38, 52]
R11[37, 10, 75, 86, 92, 89, 88]
------------------------------------------
