 
------------------------------------------
CANTIDAD DE EJECUCIONES: 100
HEURÍSTICA DE CONSTRUCCIÓN: HeuristicType.NearestNeighborWithRLC
COSTO TOTAL: 1682.38
TOTAL DE RUTAS: 5
TIEMPO DE EJECUCIÓN: 0.518394947052002 milisegundos
 
R1[75, 68, 74, 2, 67, 52, 73, 26, 4, 51, 72, 46, 45, 63]
R2[58, 53, 62, 48, 3, 40, 44, 17, 39, 34, 35, 33]
R3[30, 32, 6, 12, 28, 29, 7, 27, 19, 13, 16, 9]
R4[1, 8, 57, 54, 5, 47, 10, 38, 15, 21, 14, 49]
R5[11, 65, 66, 18, 22, 61, 43, 23, 24, 20, 50, 36, 42]
------------------------------------------
