 
------------------------------------------
CANTIDAD DE EJECUCIONES: 100
HEURÍSTICA DE CONSTRUCCIÓN: RandomMethod
COSTO TOTAL: 3503.87
TOTAL DE RUTAS: 9
TIEMPO DE EJECUCIÓN: 50 milisegundos
 
R1[53, 42, 10, 88, 27, 67, 38, 82, 8, 45, 2]
R2[94, 22, 48, 73, 4, 20, 46, 63, 43]
R3[59, 34, 93, 64, 83, 90, 12, 60, 36, 97, 52, 24]
R4[81, 69, 7, 70, 13, 51, 87, 61, 76, 65]
R5[14, 9, 78, 32, 57, 75, 39, 16, 98, 40, 77, 35, 28, 44, 3, 92]
R6[85, 26, 33, 30, 25, 31, 95]
R7[1, 91, 84, 41, 96, 72, 47, 55, 54, 49]
R8[89, 99, 17, 80, 11, 19, 100, 5, 23, 74, 86, 18, 50, 15, 68]
R9[58, 21, 56, 29, 37, 6, 79, 66, 71, 62]
------------------------------------------
