 
------------------------------------------
CANTIDAD DE EJECUCIONES: 100
HEURÍSTICA DE CONSTRUCCIÓN: RandomMethod
COSTO TOTAL: 3400.71
TOTAL DE RUTAS: 9
TIEMPO DE EJECUCIÓN: 63 milisegundos
 
R1[1, 82, 80, 10, 37, 55, 54, 12, 47, 62, 56]
R2[81, 2, 78, 71, 51, 70, 31, 69, 68, 17, 88]
R3[61, 25, 66, 85, 42, 49, 22, 40, 46]
R4[48, 5, 26, 97, 4, 27, 77, 98, 67, 23, 43, 79, 57]
R5[75, 86, 13, 8, 16, 30, 63, 92, 15]
R6[33, 32, 58, 44, 20, 14, 18, 89, 41, 3]
R7[76, 60, 38, 91, 99, 87, 59, 93, 35, 53, 36]
R8[50, 90, 64, 7, 45, 100, 6, 52, 19, 11, 94, 74, 34, 29, 65, 9, 21, 83, 96, 24]
R9[95, 28, 72, 39, 73, 84]
------------------------------------------
