Antes de iniciar JVM
Antes de llamar a Controller
Antes de apagar la JVM
FIN
 
------------------------------------------
HEURÍSTICA DE CONSTRUCCIÓN: CMT
COSTO TOTAL: 5352.67
TOTAL DE RUTAS: 27
TIEMPO DE EJECUCIÓN: 9.424410343170166
 
R1[110, 60, 210, 20, 158, 20, 20, 227, 109, 29, 20, 41, 109, 92]
R2[23, 111, 120, 120, 120, 236, 48, 196, 236, 174, 143]
R3[85, 105, 165, 222, 37, 126, 116, 6]
R4[181, 171, 169, 243, 169, 132, 97]
R5[98, 240, 14, 107, 117, 107]
R6[179, 179, 216, 63, 180, 200, 46, 161, 93, 187, 45, 91]
R7[247, 50, 88, 77]
R8[177, 123, 118, 43, 62, 249, 224, 223, 223, 122, 122, 43, 157, 157, 225, 242, 249, 62, 249, 163, 3, 235]
R9[57, 214, 241, 11, 131, 203, 11, 203, 10]
R10[52, 16, 102, 15, 219, 162, 75, 162, 162, 233, 39, 176, 136, 226]
R11[194, 80, 103, 42, 197, 80, 113, 66, 168]
R12[147, 201, 127, 32]
R13[40, 24, 55, 17, 24, 175, 47]
R14[121, 248, 89, 167, 153, 9]
R15[148, 26, 125, 114, 101, 193, 64]
R16[206, 65, 228, 53, 83, 217, 36, 220, 2, 183, 173, 195]
R17[189, 106, 150, 230, 58, 170]
R18[204, 73, 198, 96, 112, 112, 213, 8, 54, 207, 166]
R19[130, 129, 221, 61, 90, 211]
R20[191, 30, 18, 137, 124, 5, 133, 12, 185, 79, 133, 133, 72, 33]
R21[229, 1, 71, 31, 205]
R22[245, 192, 192, 184, 192, 144, 192, 152]
R23[139, 202, 231]
R24[34, 95, 28, 182, 188, 28, 95, 35]
R25[155, 76, 154, 142, 142, 99, 70, 244, 70, 108, 209, 138, 234, 115, 100, 145, 4, 21, 81, 186]
R26[94, 86, 149, 151]
R27[208, 246, 141, 104, 215, 74, 141, 25, 141, 7, 140, 164]
------------------------------------------
