Antes de iniciar JVM
Antes de llamar a Controller
Antes de apagar la JVM
FIN
 
------------------------------------------
HEURÍSTICA DE CONSTRUCCIÓN: NearestNeighborWithRLC
COSTO TOTAL: 13267.24
TOTAL DE RUTAS: 28
TIEMPO DE EJECUCIÓN: 2.532968282699585
 
R1[196, 174, 236, 111, 48, 23, 117, 143, 105]
R2[98, 178, 120, 92, 14, 85, 222, 128]
R3[240, 22, 107, 227, 210, 109, 44, 20, 165, 132, 41, 29]
R4[110, 97, 37, 45, 179, 199, 161, 60, 200, 6]
R5[169, 171, 181, 63, 93, 158, 46, 212]
R6[187, 180, 243, 216, 67, 51, 91]
R7[134, 116, 126, 77, 159, 247, 50, 88]
R8[242, 56, 38, 10, 80, 66, 197, 241, 131, 11]
R9[225, 223, 238, 214, 113, 194, 235, 42, 168, 103]
R10[57, 203, 122, 47, 43, 39, 82, 157, 233, 55, 175, 249]
R11[176, 102, 237, 62, 224, 193, 15, 136, 226, 177]
R12[84, 219, 146, 69, 135, 101, 163, 64, 17, 52]
R13[125, 162, 59, 78, 75, 114, 13]
R14[24, 118, 16, 123, 32, 201, 40, 148, 26, 3]
R15[190, 153, 167, 89, 127, 9, 248, 121, 147]
R16[124, 30, 137, 18, 12, 191, 49, 5, 133, 54, 173, 53]
R17[130, 27, 207, 228, 79, 61, 204, 90, 211, 198, 129, 166, 73]
R18[206, 185, 83, 217, 96, 19, 221]
R19[65, 36, 195, 72, 2, 112, 183, 33]
R20[220, 150, 213, 170, 205, 58, 230]
R21[31, 8, 106, 189, 229, 71, 1]
R22[95, 34, 188, 28, 87, 81, 182, 160, 115, 4]
R23[154, 100, 186, 145, 164, 7, 156]
R24[244, 76, 209, 140, 172, 21, 138, 108, 246, 208, 35]
R25[239, 70, 152, 144, 192, 155, 99, 25, 184]
R26[218, 119, 141, 232, 74, 234, 68, 104, 142, 231]
R27[245, 94, 202, 151, 215, 149, 86]
R28[139]
------------------------------------------
