Antes de iniciar JVM
Antes de llamar a Controller
Antes de apagar la JVM
FIN
 
------------------------------------------
HEURÍSTICA DE CONSTRUCCIÓN: SaveSequential
COSTO TOTAL: 8468.85
TOTAL DE RUTAS: 27
TIEMPO DE EJECUCIÓN: 9.22686219215393
 
R1[85, 243, 116, 126, 6, 165, 37, 199, 180, 63, 46, 50, 77, 93]
R2[23, 14, 210, 41, 60, 158, 159, 134, 51, 67, 97, 132, 29]
R3[88, 247, 212, 107, 91, 187, 216, 200, 161]
R4[178, 110, 109, 20, 227, 171, 181, 44]
R5[117, 240, 98, 45, 179, 128, 22, 120]
R6[105, 169, 222, 111, 236, 48, 143, 174, 196]
R7[92]
R8[122, 203, 101, 114, 148, 26, 9, 153, 248, 121, 89, 167, 13, 238]
R9[55, 233, 136, 59, 162, 75, 52, 16, 3, 118, 123, 135, 84]
R10[225, 163, 224, 64, 235, 69, 193, 125, 193]
R11[47, 17, 40, 24, 127, 147, 201, 32, 78, 226, 176, 241]
R12[66, 175, 168, 103, 113, 194, 197, 42, 10]
R13[157, 249, 62, 237, 190, 177, 146, 102, 219]
R14[131, 214, 57, 11, 82, 43, 223, 242]
R15[56, 15, 39, 38]
R16[173, 2, 170, 230, 189, 106, 150, 58, 83]
R17[228, 221, 205, 31, 229, 1, 71, 33, 72, 185, 19, 5, 204]
R18[124, 133, 30, 166, 213, 8, 112, 96, 73, 198, 207, 54, 195, 27]
R19[217, 183, 36, 220, 206, 65, 53]
R20[191, 79, 211, 90, 61, 129, 130, 49, 12]
R21[137, 18]
R22[35, 119, 149, 86, 151, 94, 245, 218, 144, 152, 208, 74, 7]
R23[76, 155, 202, 139, 231, 68, 142, 232, 234, 99, 70, 108]
R24[100, 145, 115, 81, 138, 21, 209, 244]
R25[160, 246, 25, 141, 104, 215, 172, 140, 164, 87]
R26[4, 186, 154, 34, 239, 184, 28]
R27[188, 95, 182, 192, 156]
------------------------------------------
