Antes de iniciar JVM
Antes de llamar a Controller
Antes de apagar la JVM
FIN
 
------------------------------------------
HEURÍSTICA DE CONSTRUCCIÓN: NearestNeighborWithRLC
COSTO TOTAL: 13503.64
TOTAL DE RUTAS: 27
TIEMPO DE EJECUCIÓN: 2.603703498840332
 
R1[92, 174, 111, 196, 236, 117, 178]
R2[143, 105, 98, 23, 120, 48, 85, 14, 240, 22, 222, 41, 210]
R3[227, 128, 44, 107, 20, 165, 29, 109, 132, 110]
R4[97, 37, 179, 60, 199, 45, 161, 200, 6, 171]
R5[169, 181, 93, 187, 46, 216, 212, 63]
R6[158, 51, 67, 91, 243, 134, 77, 116, 50, 126, 180]
R7[88, 159, 247, 190]
R8[242, 56, 225, 10, 38, 80, 197, 11, 66]
R9[131, 214, 241, 223, 194, 113, 42, 43, 122, 168, 235, 238]
R10[103, 203, 47, 39, 176, 57, 82, 233, 175, 55, 249]
R11[136, 102, 237, 62, 157, 193, 224, 177]
R12[226, 101, 15, 219, 84, 69, 146, 163, 64]
R13[17, 135, 78, 75, 125, 52, 32, 162, 13, 16]
R14[59, 118, 123, 148, 201, 24, 40, 3]
R15[26, 9, 114, 167, 89, 127, 153, 147, 248, 121]
R16[137, 18, 30, 124, 12, 191, 49, 5, 133, 173, 228, 54, 53, 27]
R17[207, 79, 130, 204, 198, 61, 211, 166, 129, 83, 90, 73]
R18[19, 185, 206, 96, 221, 65, 195]
R19[36, 217, 72, 2, 220, 112]
R20[183, 58, 213, 170, 150, 230, 8, 205]
R21[31, 71, 106, 33, 229, 1, 189]
R22[188, 95, 182, 34, 87, 28, 81, 160, 164, 154, 4]
R23[100, 115, 186, 145, 7, 76, 156, 140]
R24[244, 35, 21, 209, 172, 138, 246, 239, 99, 108]
R25[152, 155, 70, 192, 144, 208, 25, 218, 184, 141]
R26[119, 232, 234, 142, 74, 68, 104, 215, 231, 202]
R27[94, 245, 139, 149, 86, 151]
------------------------------------------
