Antes de iniciar JVM
Antes de llamar a Controller
Antes de apagar la JVM
FIN
 
------------------------------------------
HEURÍSTICA DE CONSTRUCCIÓN: RandomMethod
COSTO TOTAL: 15423.71
TOTAL DE RUTAS: 27
TIEMPO DE EJECUCIÓN: 0.28137898445129395
 
R1[20, 171, 105, 158, 41, 178, 159, 29, 210]
R2[92, 227, 243, 77, 174, 22, 85, 67]
R3[120, 14, 63, 48, 116, 179, 98, 117, 134, 93]
R4[240, 247, 109, 165, 181, 60, 97, 6, 91, 23, 44]
R5[216, 132, 169, 236, 200, 126, 222, 51, 111, 212, 50, 143, 128]
R6[161, 46, 110, 107, 37, 180, 88, 45]
R7[196, 199, 187]
R8[16, 226, 62, 168, 103, 241, 157, 15, 235, 26, 176]
R9[40, 38, 194, 75, 242, 42, 69, 201]
R10[3, 9, 17, 32, 66, 24, 148, 167, 10]
R11[131, 122, 125, 56, 11, 39, 190, 248, 102, 193]
R12[177, 127, 101, 43, 57, 55, 80, 147, 13, 123, 203, 214, 146]
R13[162, 118, 219, 136, 233, 59, 224, 225]
R14[153, 175, 52, 197, 163, 135, 47, 78, 84, 121, 249]
R15[113, 223, 64, 237, 238, 114, 82, 89]
R16[195, 72, 73, 221, 30, 18, 96, 137, 228, 230]
R17[207, 31, 61, 198, 220, 19, 58, 229, 124]
R18[54, 189, 2, 170, 211, 129, 166, 133, 205]
R19[65, 33, 185, 79, 173, 112, 191, 53]
R20[49, 83, 150, 213, 1, 12, 71, 206, 217, 36]
R21[130, 27, 8, 5, 90, 183, 106, 204]
R22[4, 151, 95, 152, 28, 74, 76, 209, 245, 34, 99, 86]
R23[186, 244, 202, 239, 184, 139, 94]
R24[35, 218, 100, 7, 149, 182, 172, 141, 138, 154]
R25[188, 192, 108, 25, 21, 164, 246, 140]
R26[115, 215, 155, 104, 156, 208, 87, 81, 119, 70]
R27[144, 231, 232, 160, 234, 145, 68, 142]
------------------------------------------
