Antes de iniciar JVM
Antes de llamar a Controller
Antes de apagar la JVM
FIN
 
------------------------------------------
HEURÍSTICA DE CONSTRUCCIÓN: RandomMethod
COSTO TOTAL: 15225.05
TOTAL DE RUTAS: 27
TIEMPO DE EJECUCIÓN: 0.27330613136291504
 
R1[63, 240, 169, 120, 6, 116, 88, 37, 14, 187]
R2[23, 110, 134, 199, 181, 44, 236, 105, 174, 222, 180, 132]
R3[128, 212, 117, 29, 216, 109, 178, 143]
R4[60, 48, 91, 46, 247, 200, 243, 77, 92, 126]
R5[85, 20, 67, 165, 227, 159, 210, 111, 107, 125]
R6[196, 50, 158, 51, 171, 93, 41, 97, 22, 98]
R7[179, 45, 161]
R8[17, 113, 57, 157, 69, 118, 13, 136]
R9[219, 153, 148, 102, 55, 66, 237, 101, 201]
R10[224, 194, 175, 43, 89, 248, 135, 225]
R11[82, 122, 62, 32, 40, 121, 235, 42, 146]
R12[103, 59, 15, 38, 84, 75, 26, 114, 11, 193, 203]
R13[131, 9, 168, 24, 177, 162, 214, 197]
R14[190, 242, 241, 249, 10, 226, 167, 47, 223, 176, 16]
R15[163, 64, 39, 78, 123, 127, 3, 56, 52, 147, 233, 80, 238]
R16[185, 211, 12, 49, 130, 129, 150, 33, 133]
R17[191, 189, 217, 204, 228, 53, 106, 124, 230, 2]
R18[65, 96, 213, 112, 79, 207, 19, 5, 73]
R19[137, 198, 90, 27, 18, 36, 61, 195, 71, 72]
R20[221, 229, 1, 183, 220, 8, 166, 205, 83, 173]
R21[170, 58, 30, 54, 206, 31]
R22[25, 115, 202, 87, 239, 154]
R23[155, 68, 104, 94, 145, 244, 209, 192, 151]
R24[86, 119, 172, 100, 149, 74, 70, 184, 160]
R25[28, 186, 142, 141, 81, 232, 34, 35]
R26[156, 245, 246, 208, 21, 108, 188, 152, 7, 140]
R27[138, 164, 234, 182, 144, 215, 218, 76, 231, 139, 4, 95, 99]
------------------------------------------
