Antes de iniciar JVM
Antes de llamar a Controller
Antes de apagar la JVM
FIN
 
------------------------------------------
HEURÍSTICA DE CONSTRUCCIÓN: Sweep
COSTO TOTAL: 15682.84
TOTAL DE RUTAS: 27
TIEMPO DE EJECUCIÓN: 1.9520056247711182
 
R1[180, 200, 93, 51, 243, 67, 236, 44, 77, 165, 216, 20]
R2[37, 158, 105, 50, 98, 247, 187, 111, 210]
R3[6, 212, 45, 92, 143, 14, 41, 132, 169]
R4[117, 159, 171, 107, 240, 29, 222, 134, 196]
R5[22, 46, 60, 88, 120, 181, 85, 178, 199, 161]
R6[63, 97, 110, 109, 227, 23, 116, 174, 126]
R7[48, 128, 91, 179]
R8[47, 127, 190, 136, 122, 162, 17, 194, 235, 197, 75, 167]
R9[15, 82, 52, 59, 203, 102, 237, 225, 118]
R10[42, 101, 176, 163, 201, 24, 80, 113, 177]
R11[214, 16, 9, 153, 10, 11, 3, 131, 233]
R12[43, 219, 38, 223, 103, 32, 66, 135, 241, 40]
R13[175, 249, 226, 57, 242, 114, 148, 39, 84, 193]
R14[125, 123, 89, 147, 157, 238, 168, 146, 69, 64, 62]
R15[121, 224, 26, 78, 55, 13, 56, 248]
R16[18, 205, 166, 30, 72, 185, 198, 71, 129, 133]
R17[207, 228, 206, 58, 173, 27, 220, 8, 230, 106, 49, 1]
R18[5, 191, 124, 229, 61, 195, 211, 79, 217, 189, 221, 130]
R19[137, 213, 33, 73, 53, 170, 65, 12]
R20[96, 112, 2, 183, 83, 150, 90, 204, 36]
R21[19, 54, 31]
R22[208, 25, 34, 7, 234, 108, 145, 231, 141, 35, 119]
R23[154, 28, 172, 81, 4, 215, 144, 139, 244, 155]
R24[239, 142, 138, 232, 68, 186, 95]
R25[140, 94, 156, 245, 160, 115, 76, 246]
R26[202, 149, 86, 192, 164, 70, 184, 74, 151]
R27[182, 21, 100, 152, 188, 104, 209, 99, 218, 87]
------------------------------------------
