Antes de iniciar JVM
Antes de llamar a Controller
Antes de apagar la JVM
FIN
 
------------------------------------------
HEURÍSTICA DE CONSTRUCCIÓN: Sweep
COSTO TOTAL: 15785.87
TOTAL DE RUTAS: 27
TIEMPO DE EJECUCIÓN: 2.003460645675659
 
R1[98, 37, 29, 199, 88, 174, 107, 6, 67, 93, 247]
R2[46, 97, 60, 77, 116, 243, 212, 51, 23, 180, 50, 44]
R3[179, 48, 117, 165, 14, 45, 240, 161, 210, 120, 143]
R4[236, 159, 92, 134, 126, 187, 111, 216, 132, 200]
R5[181, 91, 105, 169, 227, 158, 109, 63]
R6[222, 41, 178, 171, 196, 85, 110, 128]
R7[20, 22]
R8[146, 84, 233, 9, 42, 241, 89, 80, 78, 148, 118, 223, 113, 13, 167, 176]
R9[168, 39, 38, 177, 10, 127, 162, 219, 16]
R10[190, 43, 114, 235, 123, 59, 136, 147, 248]
R11[103, 121, 225, 55, 64, 26, 122, 175, 62, 237]
R12[242, 224, 226, 40, 194, 11, 157, 69, 193]
R13[153, 102, 56, 17, 82, 203, 197, 131]
R14[3, 66, 32, 101, 24, 57, 238, 47, 163, 52]
R15[214, 125, 135, 75, 249, 15, 201]
R16[211, 228, 31, 221, 18, 173, 217, 129, 191]
R17[79, 230, 58, 150, 96, 183, 61, 90, 30, 12]
R18[220, 133, 5, 83, 198, 33, 206, 73, 137]
R19[8, 213, 207, 195, 71, 36, 53, 166, 2, 204, 54, 112]
R20[65, 189, 106, 27, 72, 1, 185, 170, 130]
R21[19, 205, 49, 229, 124]
R22[156, 86, 95, 68, 115, 28, 188, 192]
R23[100, 141, 138, 218, 245, 231, 70, 152, 232]
R24[104, 108, 25, 186, 35, 172, 149]
R25[139, 74, 215, 4, 21, 34, 76, 234, 7, 246, 209, 154, 184]
R26[208, 142, 119, 99, 244, 94, 164, 202, 151, 182]
R27[145, 81, 239, 140, 160, 155, 87, 144]
------------------------------------------
