Antes de iniciar JVM
Antes de llamar a Controller
Antes de apagar la JVM
FIN
 
------------------------------------------
HEURÍSTICA DE CONSTRUCCIÓN: CMT
COSTO TOTAL: 5442.62
TOTAL DE RUTAS: 27
TIEMPO DE EJECUCIÓN: 9.460319757461548
 
R1[247, 88]
R2[159, 134, 158, 51]
R3[110, 41, 41, 92, 178, 210, 109, 20]
R4[23, 48, 120, 22, 111, 236, 120, 111, 196, 111, 120, 22, 126, 116, 37]
R5[105, 132, 181, 171, 181, 169, 169, 169, 85, 6, 165, 222, 29, 227]
R6[93, 91, 187, 161, 216, 46, 216, 46, 216, 77, 179, 200, 45, 212]
R7[117, 107, 14, 240, 98]
R8[9, 153, 248, 121, 89, 167, 13, 148, 26]
R9[123, 190, 118, 3, 16, 135, 84]
R10[163, 224, 64, 235, 82, 241]
R11[103, 113, 194, 80, 66, 55, 47, 66, 66, 168, 66, 56, 10, 242, 17]
R12[136, 226, 102, 233, 176, 219, 75, 59, 59, 162, 59, 59, 39, 78]
R13[101, 214, 131, 114, 193, 203, 57, 238, 131, 11]
R14[127, 147, 40, 24, 201]
R15[225, 157, 43, 223, 146, 122, 146, 237, 177, 69, 177, 249]
R16[73, 198, 204, 198, 96, 166, 207, 19, 72]
R17[8, 213, 112]
R18[54, 30, 18, 191, 137]
R19[173, 27, 83, 36, 183, 150, 2, 195, 170, 230, 170, 2, 170, 189, 220, 206, 65, 228, 53, 124]
R20[90, 61, 5, 12, 133, 12, 12, 221, 129, 133, 49, 133]
R21[31, 1, 229, 71, 205]
R22[100, 100, 115, 81, 81, 4, 186, 21, 186, 209, 188]
R23[139, 231, 202, 232, 234, 68, 142, 99]
R24[86, 149]
R25[155, 76, 108, 70, 244, 154, 87]
R26[245, 94, 151, 119, 218, 184, 192, 239, 144, 35]
R27[7, 152, 208, 215, 104, 141, 25, 104, 104, 104, 104, 215, 164, 140, 95, 28, 160]
------------------------------------------
