Antes de iniciar JVM
Antes de llamar a Controller
Antes de apagar la JVM
FIN
 
------------------------------------------
HEURÍSTICA DE CONSTRUCCIÓN: RandomMethod
COSTO TOTAL: 15583.39
TOTAL DE RUTAS: 28
TIEMPO DE EJECUCIÓN: 0.27075719833374023
 
R1[240, 178, 165, 37, 51, 180, 88, 210, 63]
R2[46, 134, 111, 97, 179, 116, 6, 171, 60, 212]
R3[23, 143, 109, 196, 44, 158, 117, 222, 159]
R4[236, 77, 45, 105, 67, 29, 92, 200, 120, 181, 132]
R5[85, 48, 199, 91, 243, 187, 247, 14, 41]
R6[216, 93, 161, 174, 22, 107, 128, 169, 20]
R7[227, 126, 110, 50, 98]
R8[82, 24, 43, 219, 242, 225, 101, 84, 153, 55]
R9[15, 176, 125, 146, 131, 121, 190]
R10[102, 59, 56, 223, 226, 233, 249, 224, 47]
R11[175, 177, 62, 80, 157, 38, 135, 235, 113]
R12[57, 114, 3, 11, 241, 64, 17, 193, 194]
R13[201, 238, 127, 9, 32, 203, 136, 197, 10, 147, 26, 123, 69]
R14[39, 75, 40, 78, 168, 122, 237, 163, 66, 52, 16]
R15[214, 13, 167, 42, 118, 148, 89, 248, 103, 162]
R16[220, 112, 79, 191, 221, 65]
R17[170, 217, 189, 133, 53, 27, 166, 213, 204, 31, 33, 58]
R18[173, 207, 83, 106, 198, 30, 18, 71, 211, 2, 129, 5]
R19[137, 230, 54, 12, 185, 229, 19, 90, 183]
R20[73, 72, 228, 61, 195, 36, 1, 96, 150, 8, 130]
R21[49, 124, 205, 206]
R22[140, 87, 4, 139, 68, 209, 182, 86, 246, 25, 208]
R23[149, 99, 218, 138, 142, 184, 160, 164]
R24[192, 188, 70, 215, 28, 202, 152, 104]
R25[145, 35, 186, 234, 155, 154, 141, 7, 172]
R26[156, 151, 74, 95, 108, 144, 119, 94, 245, 76]
R27[244, 21, 100, 34, 115, 232, 81, 231]
R28[239]
------------------------------------------
