Antes de iniciar JVM
Antes de llamar a Controller
Antes de apagar la JVM
FIN
 
------------------------------------------
HEURÍSTICA DE CONSTRUCCIÓN: Sweep
COSTO TOTAL: 15364.83
TOTAL DE RUTAS: 28
TIEMPO DE EJECUCIÓN: 2.0450258255004883
 
R1[37, 169, 6, 107, 216, 41, 159, 178]
R2[158, 132, 196, 105, 240, 23, 165, 120, 110, 134]
R3[180, 116, 48, 67, 212, 91, 247, 109]
R4[181, 174, 227, 117, 77, 143, 45]
R5[243, 111, 179, 126, 187, 210, 46, 161, 236, 200, 199, 85]
R6[60, 20, 92, 128, 50, 88, 97, 63]
R7[171, 51, 93, 44, 22, 29, 98, 222, 14]
R8[26, 242, 225, 80, 89, 64, 114, 175, 43, 16, 47, 235]
R9[168, 42, 224, 163, 219, 101, 9, 223]
R10[10, 201, 190, 197, 214, 103, 193]
R11[40, 127, 57, 148, 121, 24, 241, 17, 52, 75]
R12[15, 194, 38, 153, 167, 102, 39, 131]
R13[82, 135, 248, 237, 226, 84, 249, 238, 125, 147, 118, 176, 11]
R14[66, 13, 157, 233, 55, 123, 177, 62, 32, 78, 59, 203, 122, 69]
R15[136, 162, 56, 113, 146, 3]
R16[185, 58, 204, 5, 124, 71, 220, 166, 217, 90, 2]
R17[73, 211, 19, 1, 30, 130, 65, 213, 12, 207, 79]
R18[33, 129, 112, 27, 54, 230, 36, 8, 191]
R19[198, 18, 173, 83, 53, 183, 137, 195, 106, 96, 228, 72, 133]
R20[205, 229, 189, 61, 49, 221, 206, 150]
R21[31, 170]
R22[76, 28, 160, 172, 184, 245, 21, 246, 139]
R23[202, 100, 140, 239, 25, 208, 74]
R24[186, 4, 87, 68, 188, 81, 108, 232, 99, 164, 231, 144, 138]
R25[156, 244, 35, 218, 119, 151, 209, 145, 115, 234]
R26[95, 192, 152, 154, 215, 155, 34]
R27[142, 7, 94, 141, 70, 182, 86, 149]
R28[104]
------------------------------------------
