Antes de iniciar JVM
Antes de llamar a Controller
Antes de apagar la JVM
FIN
 
------------------------------------------
HEURÍSTICA DE CONSTRUCCIÓN: RandomMethod
COSTO TOTAL: 15775.04
TOTAL DE RUTAS: 27
TIEMPO DE EJECUCIÓN: 0.2599146366119385
 
R1[169, 134, 210, 46, 120, 165, 116, 187, 126, 98, 77, 37]
R2[227, 178, 50, 247, 199, 92, 14, 93, 196, 236, 44]
R3[22, 117, 243, 240, 132, 29, 41, 23, 85]
R4[45, 60, 107, 159, 222, 200, 179, 111, 174]
R5[171, 97, 143, 67, 110, 181, 128, 161, 91]
R6[6, 216, 105, 20, 63, 180, 212]
R7[109, 88, 51, 48, 158]
R8[56, 238, 9, 193, 101, 203, 102, 176, 66, 226, 113, 235]
R9[57, 223, 52, 15, 249, 190, 147, 55, 59, 80]
R10[24, 135, 103, 194, 3, 214, 219, 167, 75, 89]
R11[10, 225, 248, 114, 122, 242, 237, 123, 69, 121, 47]
R12[13, 118, 62, 43, 38, 26, 125, 82]
R13[64, 42, 146, 163, 201, 162]
R14[17, 40, 32, 175, 168, 153, 224, 39, 233, 84]
R15[16, 127, 241, 157, 177, 78, 11, 131, 197, 136, 148]
R16[61, 90, 221, 229, 2, 198, 166, 5, 96, 205, 124]
R17[183, 73, 137, 83, 31, 173, 211, 204, 170, 1]
R18[217, 18, 30, 33, 195, 133, 58, 150, 185, 106, 27]
R19[12, 129, 49, 36, 19, 230, 53, 8]
R20[72, 191, 206, 130, 228, 65, 54, 79, 207]
R21[112, 213, 71, 220, 189]
R22[154, 144, 151, 232, 115, 184, 95, 100]
R23[108, 21, 99, 244, 215, 34, 172, 87, 94, 86, 7, 68]
R24[182, 156, 28, 141, 208, 234, 104, 186]
R25[140, 239, 245, 192, 149, 164, 139]
R26[145, 218, 202, 119, 35, 160, 209, 155, 152, 231]
R27[81, 76, 4, 138, 70, 246, 74, 188, 25, 142]
------------------------------------------
