Antes de iniciar JVM
Antes de llamar a Controller
Antes de apagar la JVM
FIN
 
------------------------------------------
HEURÍSTICA DE CONSTRUCCIÓN: Sweep
COSTO TOTAL: 15464.54
TOTAL DE RUTAS: 27
TIEMPO DE EJECUCIÓN: 1.939530849456787
 
R1[165, 187, 132, 216, 45, 200, 117, 174, 105]
R2[227, 63, 91, 107, 196, 222, 46, 51]
R3[20, 67, 110, 92, 161, 126, 210, 199, 48, 143]
R4[97, 158, 60, 23, 14, 128, 180, 116, 22, 178]
R5[179, 88, 44, 41, 212, 85, 37, 169, 159, 77, 50]
R6[98, 93, 134, 240, 29, 6, 109, 111, 247, 171]
R7[181, 243, 236, 120]
R8[225, 241, 3, 249, 32, 214, 103, 10]
R9[43, 242, 17, 11, 125, 193, 177, 248, 146, 127, 101]
R10[162, 163, 122, 13, 55, 194, 40, 52, 201]
R11[66, 167, 136, 148, 176, 224, 84, 203, 26, 135, 147, 39, 114]
R12[223, 102, 157, 123, 118, 15, 168, 131]
R13[113, 59, 42, 219, 78, 153, 64, 62]
R14[226, 197, 121, 16, 238, 233, 175, 56, 80, 9, 237, 82]
R15[75, 69, 57, 24, 190, 47, 89, 235, 38]
R16[213, 229, 19, 33, 133, 124, 137, 150, 112, 79]
R17[31, 185, 49, 217, 198, 191]
R18[129, 90, 18, 211, 12, 73, 206, 2]
R19[220, 173, 130, 205, 27, 228, 166, 65, 53, 106, 230]
R20[221, 204, 54, 5, 71, 183, 189, 170, 72, 30, 207, 195]
R21[83, 96, 61, 36, 58, 8, 1]
R22[160, 35, 119, 68, 140, 155, 192, 151, 139, 182, 209, 99, 172]
R23[215, 231, 104, 208, 152, 154, 164, 202, 144, 218]
R24[95, 244, 7, 94, 34, 188, 141, 239, 74, 184]
R25[86, 149, 145, 4, 100, 246]
R26[245, 28, 21, 186, 234, 142, 87, 81]
R27[25, 76, 156, 232, 108, 70, 115, 138]
------------------------------------------
