Antes de iniciar JVM
Antes de llamar a Controller
Antes de apagar la JVM
FIN
 
------------------------------------------
HEURÍSTICA DE CONSTRUCCIÓN: MatchingBasedSavingAlgorithm
COSTO TOTAL: 10287.15
TOTAL DE RUTAS: 26
TIEMPO DE EJECUCIÓN: 0.5036673545837402
 
R1[247]
R2[14, 107, 98, 240, 117, 107, 77, 212, 107, 159, 210, 41]
R3[44, 63, 200, 45, 92, 161, 46, 216, 46, 180, 216, 46]
R4[23, 105, 132, 97, 20, 227, 174, 187]
R5[165, 51, 29, 109, 110, 158, 134, 60, 143, 60, 178, 93]
R6[120, 111, 236, 48, 196, 179, 128, 48, 196]
R7[171, 181, 169, 243, 37, 222, 22, 6]
R8[247]
R9[14, 107, 98, 240, 117, 107, 77, 212, 107, 159, 210, 41]
R10[44, 63, 200, 45, 92, 161, 46, 216, 46, 180, 216, 46]
R11[23, 105, 132, 97, 20, 227, 174, 187]
R12[165, 51, 29, 109, 110, 158, 134, 60, 143, 60, 178, 93]
R13[120, 111, 236, 48, 196, 179, 128, 48, 196]
R14[171, 181, 169, 243, 37, 222, 22, 6]
R15[71, 228, 206, 53, 65, 83, 189, 106, 27, 130, 129, 221, 229]
R16[124, 204, 166, 112, 19, 185, 72, 33, 31, 213, 8]
R17[183, 220, 96, 207, 198, 73, 79, 205]
R18[61, 61, 211, 90, 191, 5, 133, 30, 54, 61, 58]
R19[12, 49, 18, 170, 195, 217, 230, 173]
R20[137, 2, 1]
R21[68, 70, 35, 155, 139, 231, 202, 232, 87, 76, 154, 76]
R22[7, 144, 234, 142, 99, 244, 108, 34, 108, 244, 188, 119, 151]
R23[74, 172, 4, 100, 145, 115, 95, 94, 239]
R24[21, 138, 81, 28, 218, 184, 164, 160, 245]
R25[208, 141, 215, 25, 215, 152, 104]
R26[186, 156, 246, 140, 149]
------------------------------------------
