Antes de iniciar JVM
Antes de llamar a Controller
Antes de apagar la JVM
FIN
 
------------------------------------------
HEURÍSTICA DE CONSTRUCCIÓN: Sweep
COSTO TOTAL: 15955.81
TOTAL DE RUTAS: 27
TIEMPO DE EJECUCIÓN: 1.9170691967010498
 
R1[181, 20, 227, 51, 116, 14, 178, 45, 77, 105, 126, 29, 134]
R2[110, 6, 180, 97, 132, 41, 37, 214]
R3[196, 46, 120, 210, 111, 236, 63, 107, 22, 169, 222]
R4[143, 243, 117, 179, 161, 85, 171, 165, 23, 159]
R5[200, 88, 174, 109, 48, 98, 67, 216]
R6[128, 247, 158, 92, 50, 60, 187, 199]
R7[240, 212, 91, 93, 44]
R8[39, 238, 62, 136, 168, 15, 162, 38]
R9[175, 176, 75, 56, 26, 114, 103, 203, 89, 193, 40]
R10[125, 80, 24, 194, 10, 13, 167, 146, 190, 118, 127]
R11[9, 59, 249, 224, 123, 66, 248, 219, 47]
R12[69, 102, 16, 55, 223, 147, 163, 153]
R13[82, 43, 11, 225, 226, 32, 52, 78, 201]
R14[3, 197, 242, 157, 113, 131, 64, 135]
R15[241, 101, 17, 148, 42, 122, 235, 237, 57, 177, 233, 121, 84]
R16[228, 170, 12, 90, 18, 19, 206, 221, 133, 71]
R17[129, 211, 124, 58, 183, 106, 30, 83, 31, 112]
R18[191, 96, 49, 5, 204, 36, 229, 61, 150, 205]
R19[79, 73, 195, 207, 53, 166, 33, 8, 173, 65, 54, 130]
R20[198, 27, 137, 230, 189, 2, 1, 217, 72]
R21[220, 185, 213]
R22[139, 245, 164, 234, 108, 232, 25, 104]
R23[94, 149, 141, 156, 76, 145, 86, 160]
R24[192, 231, 202, 246, 215, 28, 152, 87, 142]
R25[155, 218, 186, 151, 209, 7, 34, 138, 140, 115]
R26[182, 184, 81, 70, 154, 4, 208, 100, 35, 244]
R27[74, 99, 188, 172, 95, 144, 239, 119, 21, 68]
------------------------------------------
