Antes de iniciar JVM
Antes de llamar a Controller
Antes de apagar la JVM
FIN
 
------------------------------------------
HEURÍSTICA DE CONSTRUCCIÓN: NearestNeighborWithRLC
COSTO TOTAL: 13666.77
TOTAL DE RUTAS: 27
TIEMPO DE EJECUCIÓN: 2.568197727203369
 
R1[196, 174, 236, 48, 23, 117, 111, 143]
R2[178, 105, 14, 98, 120, 85, 222, 22, 128, 210]
R3[92, 41, 240, 44, 227, 20, 109, 165, 132]
R4[110, 29, 97, 37, 161, 107, 45, 199, 169, 60, 200]
R5[171, 6, 179, 93, 63, 187, 46, 181, 216]
R6[212, 243, 158, 67, 51, 180, 91, 116, 77]
R7[134, 126, 50, 88, 159, 247]
R8[56, 38, 225, 242, 66, 80, 197, 11, 241, 10]
R9[214, 223, 238, 194, 113, 42, 43, 122, 168, 235, 103]
R10[131, 203, 39, 57, 176, 157, 47, 175, 82, 55]
R11[249, 62, 102, 237, 146, 224, 136, 233, 15, 193]
R12[177, 226, 84, 69, 101, 135, 17, 163, 64, 75, 219, 52]
R13[78, 162, 125, 13, 59, 32, 114, 118]
R14[24, 16, 123, 40, 201, 190, 26, 148]
R15[3, 167, 9, 153, 89, 147, 127, 248, 121]
R16[137, 30, 18, 12, 124, 49, 54, 5, 133, 173, 191, 228, 53, 27]
R17[79, 207, 61, 204, 198, 90, 73, 166, 211, 83, 130]
R18[19, 185, 96, 129, 65, 217, 195]
R19[221, 72, 206, 220, 2, 183, 36]
R20[58, 112, 33, 150, 170, 205, 213, 8]
R21[189, 230, 71, 229, 1, 106, 31]
R22[188, 95, 34, 182, 28, 4, 81, 87, 115, 154]
R23[160, 100, 164, 145, 156, 186, 76]
R24[140, 244, 209, 172, 35, 7, 138, 21, 108, 239, 208, 70]
R25[246, 155, 99, 152, 192, 25, 144, 218, 74, 141]
R26[119, 184, 104, 234, 142, 232, 68, 215]
R27[245, 94, 231, 139, 151, 202, 86, 149]
------------------------------------------
