Antes de iniciar JVM
Antes de llamar a Controller
Antes de apagar la JVM
FIN
 
------------------------------------------
HEURÍSTICA DE CONSTRUCCIÓN: MoleJameson
COSTO TOTAL: 5275.89
TOTAL DE RUTAS: 22
TIEMPO DE EJECUCIÓN: 49.308960914611816
 
R1[23, 44, 126, 199, 200, 63, 216, 46, 93, 187, 91, 50, 88, 50, 77, 212, 14]
R2[165, 132, 97, 67, 51, 134, 159, 158, 60, 110]
R3[236, 116, 243, 222, 37, 6, 169, 181, 171, 105]
R4[120, 179, 180, 161, 45, 161, 128, 143, 48]
R5[92, 178, 210, 41, 109, 20, 227, 29, 111]
R6[122, 26, 148, 114, 101, 203, 9, 153, 248, 121, 89, 167, 13, 238]
R7[233, 175, 40, 24, 127, 24, 78, 201, 32, 17, 55, 47, 80]
R8[176, 146, 84, 135, 52, 16, 3, 118, 123, 118, 69, 177, 237, 62]
R9[39, 102, 15, 219, 75, 162, 59, 136]
R10[241, 235, 82, 224, 163, 64, 125, 193]
R11[242, 223, 43, 157, 249, 11, 38, 226, 168, 56]
R12[57, 214, 225, 131, 10, 42, 197]
R13[5, 79, 71, 229, 31, 1, 31, 205, 129, 221, 211, 90, 61]
R14[183, 58, 150, 189, 230, 150, 220, 206, 228]
R15[54, 73, 198, 204, 96, 112, 8, 213, 166, 207, 30, 18]
R16[65, 83, 217, 36, 170, 2, 195, 27, 173]
R17[124, 130, 49, 12, 133, 19, 72, 185, 191]
R18[7, 74, 208, 152, 144, 218, 94, 151, 86, 149, 245, 218, 35]
R19[87, 76, 108, 99, 70, 232, 202, 139, 231, 68, 142, 234, 209, 4]
R20[160, 246, 25, 141, 104, 215, 172, 140, 164]
R21[192, 184, 239, 182, 156, 28, 34]
R22[100, 145, 115, 244, 155, 154]
------------------------------------------
