Antes de iniciar JVM
Antes de llamar a Controller
Antes de apagar la JVM
FIN
 
------------------------------------------
HEURÍSTICA DE CONSTRUCCIÓN: RandomMethod
COSTO TOTAL: 15711.62
TOTAL DE RUTAS: 28
TIEMPO DE EJECUCIÓN: 0.27340245246887207
 
R1[180, 91, 77, 247, 45, 109, 41, 85, 169]
R2[88, 48, 60, 44, 67, 116, 23, 120, 126, 179, 196, 165]
R3[240, 222, 97, 22, 29, 51, 92, 117]
R4[227, 110, 159, 243, 93, 181, 46, 20, 111]
R5[210, 134, 200, 187, 50, 63, 216, 199, 212, 178]
R6[171, 6, 174, 128, 143, 105, 37, 14, 158, 236]
R7[132, 107, 98, 161]
R8[24, 248, 168, 3, 125, 78, 123, 153]
R9[10, 175, 32, 75, 162, 147, 56, 84, 40, 66]
R10[16, 42, 13, 11, 102, 235, 193, 89, 238, 224, 194, 47, 249]
R11[167, 226, 242, 52, 233, 135, 146, 136, 113, 197, 118, 148]
R12[38, 203, 39, 157, 163, 26, 177, 122, 114]
R13[103, 201, 223, 225, 127, 214, 69]
R14[190, 82, 219, 15, 237, 9, 43, 131]
R15[59, 64, 241, 55, 176, 80, 62, 57, 17, 101, 121]
R16[54, 230, 228, 58, 33, 213, 31, 19, 220]
R17[150, 18, 207, 129, 198, 211, 5, 189]
R18[137, 49, 195, 79, 130, 173, 65, 206, 30]
R19[2, 8, 217, 204, 166, 185, 112, 124, 183, 27]
R20[170, 83, 96, 1, 191, 61, 133, 106, 72, 205]
R21[221, 71, 36, 229, 12, 73, 53, 90]
R22[34, 154, 202, 246, 231, 115, 172]
R23[86, 76, 100, 142, 99, 151, 74, 95, 164]
R24[184, 149, 239, 119, 141, 94, 4, 244]
R25[81, 192, 138, 140, 155, 152, 182, 188, 139]
R26[245, 28, 145, 7, 186, 160, 208, 144]
R27[104, 35, 108, 25, 234, 87, 209, 68, 156, 70, 232]
R28[21, 218, 215]
------------------------------------------
