Antes de iniciar JVM
Antes de llamar a Controller
Antes de apagar la JVM
FIN
 
------------------------------------------
HEURÍSTICA DE CONSTRUCCIÓN: MoleJameson
COSTO TOTAL: 4952.36
TOTAL DE RUTAS: 22
TIEMPO DE EJECUCIÓN: 48.92232298851013
 
R1[23, 187, 200, 199, 116, 126, 180, 216, 46, 93, 91, 50, 88, 50, 77, 212, 14]
R2[165, 132, 97, 51, 67, 51, 134, 158, 60, 110]
R3[22, 44, 37, 6, 243, 169, 181, 171, 85]
R4[45, 161, 143, 128, 63, 179, 120, 236, 48, 105]
R5[92, 178, 210, 41, 109, 20, 227, 20, 111]
R6[121, 89, 167, 13, 248, 153, 9, 26, 148, 114, 101, 203, 238, 80]
R7[122, 233, 175, 201, 32, 78, 147, 127, 40, 24, 17, 55, 47]
R8[176, 123, 118, 3, 16, 52, 146, 135, 84, 118, 69, 177, 237, 62]
R9[39, 102, 15, 219, 75, 162, 59, 136]
R10[163, 224, 82, 235, 64, 125, 193, 11]
R11[242, 38, 241, 157, 249, 43, 43, 223, 43, 223]
R12[57, 214, 225, 131, 10, 42, 194]
R13[27, 204, 5, 133, 61, 90, 211, 71, 229, 1, 31, 1, 205, 221, 129, 130, 228, 124]
R14[83, 183, 230, 58, 150, 58, 150, 220, 195]
R15[54, 198, 73, 96, 112, 8, 213, 166, 207, 30, 18]
R16[173, 2, 170, 36, 65, 206, 217]
R17[191, 185, 72, 19, 79, 12, 49]
R18[7, 74, 208, 152, 144, 218, 245, 94, 151, 86, 149, 119, 35]
R19[87, 76, 155, 70, 232, 202, 139, 202, 231, 68, 142, 234, 138, 209]
R20[172, 104, 215, 25, 141, 164, 140, 246, 160]
R21[28, 156, 192, 184, 239, 182, 34]
R22[100, 145, 115, 244, 108, 154]
------------------------------------------
