Antes de iniciar JVM
Antes de llamar a Controller
Antes de apagar la JVM
FIN
 
------------------------------------------
HEURÍSTICA DE CONSTRUCCIÓN: NearestNeighborWithRLC
COSTO TOTAL: 14405.88
TOTAL DE RUTAS: 27
TIEMPO DE EJECUCIÓN: 2.5302441120147705
 
R1[196, 174, 236, 92, 48, 117, 23, 143]
R2[105, 98, 14, 111, 85, 178, 120, 240, 22, 222, 41]
R3[128, 107, 44, 227, 20, 109, 210, 165, 110, 132]
R4[97, 179, 37, 45, 29, 199, 161, 200, 60, 6]
R5[171, 181, 93, 187, 169, 158, 46, 212]
R6[180, 216, 243, 67, 63, 77, 51, 91, 116, 134]
R7[88, 159, 247, 50, 126]
R8[56, 10, 242, 38, 66, 197, 80, 11, 241, 223, 214]
R9[42, 225, 238, 131, 194, 43, 235, 113, 168]
R10[57, 103, 203, 47, 39, 122, 157, 176, 233, 82, 175]
R11[249, 55, 102, 136, 146, 62, 237, 224, 193]
R12[15, 101, 84, 226, 219, 163, 69, 17, 64, 135, 75]
R13[52, 78, 125, 177, 59, 162, 32, 114]
R14[13, 16, 118, 148, 123, 201, 24, 3, 26, 9]
R15[153, 190, 89, 127, 40, 147, 248, 167, 121]
R16[124, 30, 137, 18, 12, 49, 191, 5, 54, 173, 53, 133]
R17[207, 27, 130, 228, 79, 204, 61, 211, 73, 90, 198, 83, 129]
R18[19, 206, 185, 217, 96, 65]
R19[221, 166, 36, 195, 72, 112, 220, 183]
R20[33, 58, 213, 150, 2, 205, 170]
R21[31, 8, 230, 189, 106, 229, 71, 1]
R22[34, 182, 188, 28, 4, 81, 95, 87, 160, 164, 115]
R23[145, 154, 100, 186, 156]
R24[140, 76, 244, 209, 7, 21, 35, 108, 172, 138, 239, 208]
R25[246, 152, 99, 144, 70, 25, 192, 141, 184, 155]
R26[74, 119, 218, 234, 232, 104, 142, 68, 245, 231]
R27[94, 215, 139, 202, 86, 149, 151]
------------------------------------------
