Antes de iniciar JVM
Antes de llamar a Controller
Antes de apagar la JVM
FIN
 
------------------------------------------
HEURÍSTICA DE CONSTRUCCIÓN: CMT
COSTO TOTAL: 5441.68
TOTAL DE RUTAS: 27
TIEMPO DE EJECUCIÓN: 9.605121850967407
 
R1[247, 88, 50, 77, 212]
R2[196, 236, 174, 107, 120, 48, 23, 48, 14, 143, 98, 240, 117, 48, 92]
R3[181, 243, 169, 171, 67, 132, 97]
R4[179, 46, 46, 91, 180, 63, 46, 187, 93, 45, 200, 128, 199]
R5[159, 134]
R6[165, 37, 6, 126, 116, 44, 222, 85, 105]
R7[60, 158, 51, 158, 20, 210, 41, 29, 227, 109, 110]
R8[190, 123, 118, 3]
R9[224, 163, 177, 237, 82, 157, 177, 177, 62, 249, 157]
R10[40, 24, 201, 32, 78]
R11[11, 241, 235, 214, 131, 238, 203, 57, 203, 10, 225, 203, 43, 223]
R12[114, 148, 26, 153, 9, 153, 248, 89, 167, 13, 101, 193]
R13[127, 147]
R14[17, 175, 47, 55, 103, 168, 113, 194, 66, 80]
R15[39, 219, 75, 75, 59, 162, 15, 102, 176, 233, 122, 84, 146, 162, 52, 16, 84, 56, 242, 38]
R16[230, 170, 58, 106, 189, 150]
R17[19, 185, 72, 79, 33, 90, 191, 211, 133, 5, 61]
R18[54, 207, 30, 18, 18, 30, 173, 27, 73, 12, 12, 124, 137, 12, 130]
R19[112, 213, 8, 96, 166]
R20[206, 217, 183, 36, 220, 36, 183, 220, 228, 53]
R21[31, 71, 229, 1, 221, 129, 205]
R22[156, 152, 144, 239, 35, 239]
R23[100, 138, 209, 115, 145, 81, 4, 186, 21, 172, 244, 76, 154]
R24[245, 151, 94, 86, 149, 218, 184, 119, 192]
R25[142, 68, 231, 139, 202, 232, 234, 99, 70, 155, 108]
R26[141, 74, 215, 104, 25, 246, 208, 7, 140, 164, 160]
R27[188, 87, 182, 34, 95]
------------------------------------------
