Antes de iniciar JVM
Antes de llamar a Controller
Antes de apagar la JVM
FIN
 
------------------------------------------
HEURÍSTICA DE CONSTRUCCIÓN: RandomMethod
COSTO TOTAL: 15348.16
TOTAL DE RUTAS: 27
TIEMPO DE EJECUCIÓN: 0.21480727195739746
 
R1[41, 77, 98, 93, 107, 240, 165, 117, 37, 111]
R2[45, 158, 29, 199, 178, 97, 212, 159]
R3[20, 227, 14, 143, 46, 6, 105, 132, 134, 91]
R4[247, 179, 92, 120, 88, 243, 110]
R5[216, 200, 236, 63, 174, 22, 222, 180, 210, 128]
R6[109, 85, 169, 171, 126, 181, 161, 116, 50, 67, 44, 51, 23]
R7[48, 187, 196, 60]
R8[224, 127, 219, 226, 80, 131, 148, 223, 122, 82]
R9[153, 163, 157, 26, 52, 15, 125]
R10[103, 62, 69, 11, 64, 75, 114, 176, 32, 194, 38, 78]
R11[177, 56, 168, 39, 55, 43, 121, 118, 146, 40, 233, 235, 147]
R12[249, 203, 42, 102, 238, 13, 84, 136, 190, 89]
R13[24, 9, 225, 47, 167, 248, 237, 241, 16, 3]
R14[214, 197, 162, 113, 201, 175]
R15[17, 66, 193, 59, 101, 57, 10, 135, 123, 242]
R16[8, 205, 18, 58, 90, 229, 198, 61, 5, 166, 221, 124]
R17[191, 207, 183, 228, 230, 73, 53, 27, 220, 79]
R18[150, 49, 83, 173, 72, 137, 204, 33, 12]
R19[185, 129, 170, 36, 112, 31, 1]
R20[106, 206, 96, 213, 189, 217, 195, 54, 130, 71, 19, 211, 133]
R21[65, 2, 30]
R22[86, 218, 87, 139, 156, 245, 35, 239]
R23[192, 184, 25, 138, 202, 149]
R24[152, 95, 145, 28, 186, 34, 231, 160, 119]
R25[140, 100, 144, 68, 209, 115, 70, 164, 154, 155, 172]
R26[232, 99, 215, 182, 208, 104, 21, 81, 76, 94, 7, 151]
R27[244, 4, 108, 74, 141, 234, 188, 246, 142]
------------------------------------------
