Antes de iniciar JVM
Antes de llamar a Controller
Antes de apagar la JVM
FIN
 
------------------------------------------
HEURÍSTICA DE CONSTRUCCIÓN: RandomMethod
COSTO TOTAL: 15800.81
TOTAL DE RUTAS: 27
TIEMPO DE EJECUCIÓN: 0.21052932739257812
 
R1[67, 143, 45, 120, 181, 110, 92, 46, 200]
R2[212, 116, 174, 247, 159, 23, 50, 109, 126, 37, 97]
R3[48, 178, 240, 44, 161, 93, 222, 29, 179, 22, 107, 199]
R4[236, 14, 117, 196, 243, 85, 88, 158]
R5[169, 134, 187, 216, 63, 128, 91, 60]
R6[132, 20, 77, 165, 51, 210, 105, 171, 227, 98]
R7[180, 6, 41, 111]
R8[162, 75, 55, 17, 42, 241, 219, 32, 11, 64, 66, 15]
R9[59, 190, 43, 121, 225, 102, 127]
R10[249, 223, 114, 40, 201, 52, 238, 242, 153]
R11[177, 62, 163, 47, 226, 167, 26, 39, 103, 56, 13]
R12[136, 78, 101, 9, 82, 224, 123, 146]
R13[131, 122, 16, 175, 148, 24, 157, 203, 135, 69, 168, 235]
R14[3, 197, 57, 237, 84, 89, 113, 214, 248, 233]
R15[176, 80, 10, 125, 194, 118, 193, 38, 147]
R16[198, 173, 58, 189, 206, 27, 72, 71, 73, 195]
R17[19, 5, 150, 217, 229, 230, 8, 130, 207, 221]
R18[79, 170, 61, 49, 137, 166, 133, 183, 30, 228]
R19[191, 65, 36, 2, 213, 53, 90, 1, 112]
R20[124, 204, 129, 12, 96, 211, 205, 31, 33, 18, 83]
R21[220, 54, 106, 185]
R22[28, 172, 188, 192, 234, 108, 68, 208, 21, 104]
R23[86, 202, 209, 149, 25, 95]
R24[244, 145, 70, 155, 186, 239, 81]
R25[142, 215, 151, 94, 141, 184, 99, 140, 115, 182]
R26[231, 154, 164, 218, 160, 152, 139, 4, 119, 87, 246]
R27[245, 76, 34, 100, 7, 232, 74, 138, 35, 156, 144]
------------------------------------------
