Antes de iniciar JVM
Antes de llamar a Controller
Antes de apagar la JVM
FIN
 
------------------------------------------
HEURÍSTICA DE CONSTRUCCIÓN: NearestNeighborWithRLC
COSTO TOTAL: 13917.79
TOTAL DE RUTAS: 27
TIEMPO DE EJECUCIÓN: 2.5318918228149414
 
R1[92, 196, 236, 111, 23, 48, 178, 143, 105]
R2[117, 98, 14, 120, 174, 222, 22, 128, 85]
R3[240, 107, 227, 41, 109, 20, 44, 210, 29, 165, 37]
R4[110, 97, 179, 132, 45, 60, 199, 169, 6]
R5[171, 200, 161, 181, 93, 187, 46, 158, 216]
R6[212, 180, 63, 51, 91, 77, 134, 67, 126, 116]
R7[243, 159, 247, 88, 50]
R8[56, 242, 225, 10, 38, 66, 197, 11]
R9[131, 223, 80, 241, 238, 214, 42, 113, 235, 122, 194, 43]
R10[103, 57, 168, 39, 176, 203, 47, 82, 157, 55, 233, 62]
R11[136, 249, 102, 237, 175, 193, 224, 177, 146]
R12[226, 15, 219, 69, 84, 163, 101, 64, 75, 17, 135]
R13[125, 52, 59, 162, 13, 78, 32, 24]
R14[114, 123, 16, 148, 201, 3, 40, 26, 9]
R15[190, 118, 167, 89, 153, 248, 127, 147, 121]
R16[18, 30, 49, 137, 12, 124, 54, 133, 5, 173, 53, 191]
R17[130, 27, 207, 61, 79, 228, 204, 90, 211, 198, 73, 129]
R18[19, 206, 185, 83, 217, 96, 65]
R19[221, 166, 72, 112, 36, 195, 220, 183]
R20[33, 150, 58, 2, 213, 205, 170]
R21[31, 189, 71, 230, 106, 1, 229, 8]
R22[95, 182, 28, 188, 34, 87, 4, 81, 164, 115, 160]
R23[100, 186, 145, 7, 76, 156, 244]
R24[140, 154, 35, 209, 172, 21, 138, 108, 239, 99]
R25[208, 70, 155, 246, 192, 144, 25, 184, 218, 74]
R26[141, 119, 234, 104, 152, 142, 215, 232, 231]
R27[245, 94, 202, 68, 86, 151, 139, 149]
------------------------------------------
