Antes de iniciar JVM
Antes de llamar a Controller
Antes de apagar la JVM
FIN
 
------------------------------------------
HEURÍSTICA DE CONSTRUCCIÓN: MoleJameson
COSTO TOTAL: 5203.66
TOTAL DE RUTAS: 22
TIEMPO DE EJECUCIÓN: 49.62823939323425
 
R1[23, 44, 126, 199, 200, 63, 216, 46, 93, 187, 91, 77, 50, 88, 247, 212, 14]
R2[165, 132, 51, 67, 97, 134, 159, 158, 60, 110]
R3[236, 116, 243, 222, 37, 6, 169, 181, 171, 105]
R4[22, 120, 128, 45, 161, 180, 179, 143, 48]
R5[92, 178, 210, 41, 109, 20, 227, 20, 111]
R6[122, 26, 9, 114, 101, 203, 148, 153, 248, 121, 89, 167, 13, 238]
R7[233, 176, 226, 201, 78, 32, 147, 127, 40, 24, 17, 55, 47, 80]
R8[123, 118, 118, 3, 135, 16, 52, 84, 146, 69, 177, 237, 62]
R9[39, 102, 15, 219, 75, 162, 59, 136]
R10[163, 224, 82, 64, 125, 235, 241, 193]
R11[225, 11, 214, 57, 157, 249, 43, 223]
R12[113, 66, 194, 103, 103, 168, 103, 42, 10]
R13[5, 79, 33, 71, 229, 1, 31, 221, 129, 205, 211, 90, 61]
R14[27, 195, 183, 58, 150, 189, 106, 220, 36, 228]
R15[54, 204, 198, 73, 96, 112, 8, 213, 166, 207, 30, 18]
R16[173, 2, 170, 230, 217, 83, 206, 65]
R17[124, 130, 49, 12, 133, 185, 72, 19, 191]
R18[7, 74, 208, 152, 245, 94, 151, 86, 149, 119, 218, 144, 35]
R19[87, 76, 108, 99, 70, 232, 202, 139, 231, 68, 142, 234, 209, 4]
R20[172, 141, 104, 215, 25, 246, 160, 140, 164]
R21[192, 184, 239, 156, 28, 182, 34]
R22[100, 145, 115, 244, 155, 154]
------------------------------------------
