Antes de iniciar JVM
Antes de llamar a Controller
Antes de apagar la JVM
FIN
 
------------------------------------------
HEURÍSTICA DE CONSTRUCCIÓN: CMT
COSTO TOTAL: 5483.87
TOTAL DE RUTAS: 27
TIEMPO DE EJECUCIÓN: 9.915401220321655
 
R1[110, 158, 210, 41, 60, 29, 109, 227, 20, 41, 92]
R2[159, 134]
R3[98, 240, 117, 107, 14, 174, 143, 196]
R4[88, 247, 212, 77, 50, 77]
R5[97, 132, 51, 67, 105]
R6[179, 180, 63, 216, 93, 161, 187, 161, 161, 200, 128, 48, 120, 23, 22, 236, 199, 111, 44]
R7[243, 171, 169, 6, 116, 126, 116, 37, 165, 222, 85]
R8[39, 136, 176, 162, 219, 15, 15, 102, 15, 233, 233, 219, 226, 122, 84]
R9[177, 69, 237, 249, 224, 62, 163, 62]
R10[17, 175, 47, 175, 47, 168, 55, 168, 103, 113, 194, 80, 78]
R11[242, 157, 225, 43, 223, 43, 56, 241, 235, 11]
R12[114, 148, 26, 167, 89, 121, 248, 153, 9, 26, 101, 26, 13, 193]
R13[123, 16, 3, 118, 3, 135]
R14[147, 127, 201, 32]
R15[57, 238, 10, 197, 42, 131, 203, 214]
R16[73, 96, 112, 213, 8, 166, 198, 204]
R17[124, 49, 191, 12, 30, 137, 137, 137, 30, 137, 137, 53, 65]
R18[205, 229, 31, 1, 71]
R19[27, 217, 170, 230, 2, 195, 2, 195, 58, 183, 36]
R20[90, 221, 129, 61, 61, 211, 5, 133, 211, 211, 133, 19, 185]
R21[189, 106, 220, 150]
R22[95, 182, 35, 156, 28, 34]
R23[188, 87, 154, 76, 115, 81, 145, 4, 186, 100]
R24[139, 202, 231]
R25[94, 86, 149, 151, 245, 184, 218, 119, 192, 239, 144]
R26[141, 74, 141, 246, 246, 152, 25, 208, 7, 160, 140, 164, 172]
R27[142, 232, 234, 234, 21, 209, 138, 68, 108, 70, 244, 99]
------------------------------------------
