Antes de iniciar JVM
Antes de llamar a Controller
Antes de apagar la JVM
FIN
 
------------------------------------------
HEURÍSTICA DE CONSTRUCCIÓN: NearestNeighborWithRLC
COSTO TOTAL: 13529.36
TOTAL DE RUTAS: 28
TIEMPO DE EJECUCIÓN: 2.564978837966919
 
R1[111, 174, 92, 236, 48, 117, 178, 23]
R2[105, 98, 143, 196, 85, 222, 14, 240, 22, 128]
R3[210, 120, 107, 227, 41, 20, 44, 29, 165, 109, 37, 110]
R4[97, 132, 179, 60, 199, 161, 45, 169, 171, 200]
R5[187, 181, 6, 63, 158, 93, 212, 46]
R6[243, 51, 67, 216, 77, 180, 134, 91, 50, 88, 116, 126]
R7[159, 247]
R8[242, 10, 38, 225, 80, 66, 56, 197, 131]
R9[11, 241, 42, 238, 223, 113, 214, 43, 122, 235, 168, 103, 194]
R10[57, 47, 176, 157, 39, 82, 203, 233, 175, 55, 62, 249]
R11[102, 237, 136, 193, 224, 177, 146, 101, 15]
R12[219, 226, 84, 69, 163, 64, 17, 75, 52, 135, 78]
R13[59, 162, 125, 32, 114, 13, 118, 16, 148]
R14[123, 201, 24, 40, 190, 3, 9]
R15[153, 167, 89, 26, 248, 121, 127, 147]
R16[124, 137, 18, 49, 12, 30, 133, 54, 173, 191, 5, 53, 228, 27]
R17[130, 207, 204, 61, 198, 79, 211, 90, 129, 83, 166]
R18[19, 73, 185, 206, 217, 65]
R19[221, 195, 72, 36, 96, 220, 183, 112]
R20[2, 58, 150, 170, 213, 33, 205, 230]
R21[8, 189, 106, 71, 31, 1, 229]
R22[188, 182, 34, 95, 4, 28, 81, 87, 115, 160]
R23[145, 164, 154, 100, 156, 7, 140]
R24[244, 209, 76, 172, 21, 108, 186, 138, 246]
R25[239, 99, 35, 152, 70, 144, 155, 192, 208, 141, 184]
R26[25, 119, 234, 232, 218, 104, 142, 68]
R27[215, 74, 245, 202, 231, 151, 139, 149, 86]
R28[94]
------------------------------------------
