Antes de iniciar JVM
Antes de llamar a Controller
Antes de apagar la JVM
FIN
 
------------------------------------------
HEURÍSTICA DE CONSTRUCCIÓN: NearestNeighborWithRLC
COSTO TOTAL: 13442.36
TOTAL DE RUTAS: 28
TIEMPO DE EJECUCIÓN: 2.5350892543792725
 
R1[92, 174, 111, 196, 236, 23, 117, 48]
R2[143, 178, 14, 120, 105, 222, 85, 98, 22, 128]
R3[240, 41, 210, 44, 109, 107, 227, 29, 132, 165, 20]
R4[97, 110, 37, 161, 179, 60, 199, 45, 200]
R5[171, 169, 181, 6, 63, 46, 93, 158]
R6[187, 216, 180, 212, 67, 91]
R7[243, 51, 134, 77, 126, 116, 50, 247, 88, 159]
R8[10, 56, 242, 38, 80, 66, 197, 11, 131, 223]
R9[225, 241, 214, 194, 238, 42, 43, 113, 122, 235, 168]
R10[103, 57, 203, 176, 39, 47, 82, 157, 55, 175]
R11[62, 249, 136, 102, 237, 146, 224, 15, 233, 193]
R12[226, 101, 219, 69, 177, 163, 17, 64, 84, 75, 78, 135]
R13[52, 162, 32, 59, 13, 125, 114, 16]
R14[24, 123, 148, 40, 118, 190, 201, 3]
R15[9, 26, 153, 167, 89, 147, 127, 121, 248]
R16[18, 124, 137, 12, 191, 49, 54, 5, 133, 173, 30, 130]
R17[53, 27, 207, 228, 79, 204, 198, 61, 90, 73, 211, 166, 19]
R18[129, 206, 83, 217, 185, 65, 96, 195]
R19[221, 72, 112, 2, 36, 220]
R20[58, 183, 213, 33, 205, 150, 170, 31]
R21[189, 230, 8, 106, 1, 71, 229]
R22[188, 95, 28, 34, 182, 4, 87, 160, 164, 81, 115]
R23[145, 100, 186, 156, 7, 140]
R24[244, 209, 76, 172, 154, 35, 138, 246, 108, 208]
R25[239, 70, 99, 155, 21, 152, 144, 192, 141]
R26[25, 184, 74, 119, 218, 234, 142, 68, 232]
R27[104, 215, 202, 231, 151, 245, 94, 86]
R28[139, 149]
------------------------------------------
