Antes de iniciar JVM
Antes de llamar a Controller
Antes de apagar la JVM
FIN
 
------------------------------------------
HEURÍSTICA DE CONSTRUCCIÓN: SaveSequential
COSTO TOTAL: 8217.86
TOTAL DE RUTAS: 27
TIEMPO DE EJECUCIÓN: 9.487460136413574
 
R1[29, 51, 67, 171, 181, 169, 165, 6, 243, 116, 126, 37, 199, 200, 93, 14]
R2[174, 50, 88, 247, 77, 91, 46, 216, 180, 63, 44]
R3[210, 41, 60, 158, 159, 134, 110, 109, 20, 105, 23]
R4[128, 179, 161, 187, 45, 212, 107, 240]
R5[98, 143, 196, 48, 111, 236, 120, 22, 120]
R6[117, 178, 227, 97, 132, 85]
R7[92]
R8[233, 75, 59, 162, 52, 16, 3, 118, 123, 190, 69]
R9[80, 47, 55, 17, 24, 40, 127, 147, 201, 32, 78, 226, 176, 238, 203, 122]
R10[193, 84, 219, 175, 66, 168, 103, 113, 194, 197, 42]
R11[101, 114, 148, 26, 9, 153, 248, 121, 89, 167, 13]
R12[125, 64, 224, 163, 177, 249, 62, 237]
R13[136, 15, 102, 82, 157, 135, 146, 135]
R14[242, 38, 39, 11, 241, 225, 43, 223, 225]
R15[214, 131, 10, 56]
R16[229, 71, 207, 166, 213, 8, 112, 96, 73, 198, 204, 195, 2, 27]
R17[228, 133, 33, 1, 31, 205, 221, 129, 61, 90, 211, 79, 5]
R18[173, 217, 230, 189, 106, 150, 58, 183, 83, 53]
R19[170, 54, 30, 185, 72, 19, 191, 130]
R20[206, 36, 220, 65, 124, 49, 12]
R21[18, 137]
R22[145, 234, 68, 142, 231, 139, 202, 232, 70, 99, 155]
R23[35, 119, 149, 86, 151, 94, 245, 218, 144, 152, 208, 74, 7]
R24[209, 138, 21, 186, 172, 244, 108, 76, 154, 87]
R25[100, 81, 4, 115, 215, 104, 141, 246]
R26[192, 184, 239, 156, 25, 140]
R27[164, 160, 28, 182, 34, 95, 188]
------------------------------------------
