Antes de iniciar JVM
Antes de llamar a Controller
Antes de apagar la JVM
FIN
 
------------------------------------------
HEURÍSTICA DE CONSTRUCCIÓN: CMT
COSTO TOTAL: 5412.33
TOTAL DE RUTAS: 27
TIEMPO DE EJECUCIÓN: 9.654789924621582
 
R1[111, 48, 23, 120, 22, 44, 174, 143, 120, 236, 120, 120, 128]
R2[110, 227, 20, 109, 20, 20, 109, 210, 109, 134, 159, 51, 97, 20, 109, 132, 105]
R3[46, 93, 187, 187, 91, 77, 77, 77, 50, 161, 179, 216]
R4[240, 117, 14, 107, 98, 107]
R5[181, 171, 67, 169]
R6[243, 6, 165, 116, 126, 37]
R7[180, 199, 200, 63]
R8[224, 125, 64, 163, 69, 177, 249, 62, 237, 82, 157]
R9[135, 118, 123, 118, 3, 123, 118, 16, 118]
R10[147, 201]
R11[242, 122, 43, 223, 235, 241, 225, 11, 38, 56, 113, 80, 194]
R12[121, 248, 89, 167, 153, 9, 26]
R13[40, 127, 24, 17, 55, 168, 103, 47, 175]
R14[57, 203, 13, 148, 114, 101, 193, 214, 131, 238, 10, 42, 197]
R15[136, 75, 219, 15, 102, 52, 162, 59, 32, 78, 66, 226, 233, 176]
R16[229, 1, 71, 31, 205]
R17[130, 129, 221, 90, 211, 61, 53, 228, 49, 124]
R18[73, 198, 204, 112, 166, 54, 207, 96, 8, 213, 207, 173]
R19[191, 185, 72, 19, 79, 33, 79, 133, 12, 30, 18, 137]
R20[36, 65, 206, 220, 83]
R21[230, 106, 189, 150, 58, 183, 170, 2, 195, 217]
R22[86, 149, 151, 94]
R23[141, 215, 104, 74, 25, 246, 208, 7, 140]
R24[95, 34, 182, 28, 156, 160, 28, 188]
R25[100, 138, 21, 186, 209, 115, 244, 154, 4, 81, 234, 108, 99, 70, 145, 115, 81, 172]
R26[139, 202, 231, 68, 142, 232, 155]
R27[152, 245, 119, 218, 192, 192, 35, 144, 239]
------------------------------------------
