Antes de iniciar JVM
Antes de llamar a Controller
Antes de apagar la JVM
FIN
 
------------------------------------------
HEURÍSTICA DE CONSTRUCCIÓN: MoleJameson
COSTO TOTAL: 5180.83
TOTAL DE RUTAS: 22
TIEMPO DE EJECUCIÓN: 49.4113073348999
 
R1[23, 187, 200, 199, 116, 126, 180, 216, 46, 93, 91, 50, 77, 50, 88, 212, 14]
R2[165, 132, 97, 67, 51, 134, 159, 158, 60, 110]
R3[6, 243, 171, 181, 169, 37, 222, 85]
R4[29, 236, 120, 44, 63, 161, 161, 179, 45, 128, 48]
R5[92, 178, 210, 41, 109, 20, 227, 105]
R6[203, 101, 114, 148, 26, 9, 153, 248, 121, 89, 167, 13, 238, 80]
R7[122, 233, 176, 226, 201, 32, 78, 147, 127, 40, 24, 17, 55, 47]
R8[16, 52, 84, 123, 118, 3, 135, 146, 118, 69, 177, 237, 62]
R9[39, 102, 15, 219, 75, 162, 59, 136]
R10[241, 235, 82, 224, 163, 64, 125, 193]
R11[214, 57, 11, 225, 157, 249, 43, 223]
R12[194, 113, 103, 66, 168, 113, 197, 42, 10]
R13[31, 71, 229, 1, 31, 31, 205, 61, 130, 228, 124, 221, 129, 90, 133, 5, 204, 27]
R14[195, 183, 58, 150, 189, 106, 220, 36]
R15[54, 198, 73, 96, 112, 8, 213, 166, 207, 30, 18]
R16[173, 230, 170, 2, 217, 83, 206, 65]
R17[191, 185, 72, 19, 79, 12, 49]
R18[7, 74, 208, 152, 245, 218, 144, 94, 151, 86, 149, 119, 35]
R19[87, 76, 155, 70, 99, 232, 202, 139, 231, 68, 142, 234, 138, 209]
R20[160, 246, 25, 141, 104, 215, 172, 140, 164]
R21[156, 239, 184, 192, 28, 182, 34]
R22[100, 145, 115, 244, 108, 154]
------------------------------------------
