Antes de iniciar JVM
Antes de llamar a Controller
Antes de apagar la JVM
FIN
 
------------------------------------------
HEURÍSTICA DE CONSTRUCCIÓN: CMT
COSTO TOTAL: 5434.65
TOTAL DE RUTAS: 27
TIEMPO DE EJECUCIÓN: 9.351849555969238
 
R1[29, 105, 97, 97, 97, 132, 227, 92, 20, 109]
R2[45, 107, 107, 98, 240, 117, 240, 240, 240, 174, 128, 93, 48, 196]
R3[91, 77, 50]
R4[110, 158, 210, 41, 158, 60, 158, 178]
R5[243, 6, 165, 6, 165, 181, 171, 169, 171, 222, 37]
R6[200, 180, 161, 216, 179, 236, 236, 111, 44, 199, 120, 22, 44, 199]
R7[247, 88]
R8[114, 101, 64, 193, 125, 148]
R9[40, 24, 127, 147, 201, 78, 32, 17]
R10[11, 241, 238, 203, 57, 203, 214, 225, 131, 214]
R11[102, 15, 118, 123, 84, 16, 84, 135, 135, 3, 118, 190, 219, 75, 59]
R12[224, 163, 69, 177, 237, 177, 249, 157, 62]
R13[13, 167, 89, 121, 248, 153, 9, 26]
R14[194, 197, 80, 113, 103, 113, 168, 66, 55, 47, 175, 10]
R15[242, 176, 226, 136, 233, 39, 122, 223, 38, 56]
R16[31, 71, 229, 1, 229, 221]
R17[189, 106]
R18[191, 79, 5, 33, 133, 211, 90, 61, 90, 211, 19, 185, 72, 130, 49, 124]
R19[230, 58, 150, 183, 170, 2, 195]
R20[206, 65, 220, 36, 83, 217, 53, 228]
R21[54, 204, 207, 166, 112, 96, 213, 8, 213, 198, 73, 198, 30, 18, 137]
R22[156, 28, 34, 182, 95, 182, 188]
R23[141, 74, 215, 104, 25, 246, 7, 140, 160, 208, 164, 172]
R24[209, 100, 115, 108, 99, 234, 186, 81, 145, 138, 81, 81, 81, 244, 76, 87, 70, 155, 142, 68, 232]
R25[245, 151, 94, 86, 149]
R26[192, 119, 218, 184, 218, 239, 35]
R27[139, 231, 202]
------------------------------------------
