Antes de iniciar JVM
Antes de llamar a Controller
Antes de apagar la JVM
FIN
 
------------------------------------------
HEURÍSTICA DE CONSTRUCCIÓN: CMT
COSTO TOTAL: 5330.21
TOTAL DE RUTAS: 27
TIEMPO DE EJECUCIÓN: 9.59166145324707
 
R1[93, 46, 200, 179, 161, 187, 161, 180, 216, 216, 91, 199]
R2[23, 22, 22, 22, 48, 120, 120, 174, 143, 196, 236]
R3[132, 181, 171, 169, 105, 169, 85, 97, 222]
R4[117, 240, 107, 14, 98, 14, 178]
R5[110, 41, 109, 210, 20, 158, 60, 20, 60, 227, 29, 51]
R6[247, 88, 50, 77, 212]
R7[243, 126, 116, 37, 6, 165]
R8[40, 127, 147, 24, 201, 78, 32, 17, 226]
R9[3, 123, 118, 190, 135, 146]
R10[16, 52, 162, 59, 75, 219, 15, 102, 84, 39, 136, 233, 176]
R11[163, 64, 177, 224, 69, 224]
R12[114, 148, 26, 9, 153, 248, 121, 89, 167, 13, 101, 193]
R13[10, 57, 214, 203, 214, 238, 131, 214]
R14[194, 168, 47, 103, 168, 55, 113, 80, 113, 197, 42]
R15[249, 62, 237, 62, 43, 223, 157, 122, 82, 11, 235, 241, 225]
R16[206, 65, 83, 228, 53]
R17[31, 71, 229, 1, 205, 33]
R18[58, 183, 150, 183, 189, 106, 189, 36, 170, 2, 217, 195]
R19[54, 73, 207, 204, 173, 27, 137, 30, 18, 30, 166, 185, 19, 72, 191, 96]
R20[8, 112, 213]
R21[130, 221, 90, 90, 211, 90, 61, 79, 133, 12, 49, 124]
R22[34, 188, 87, 182, 95, 28]
R23[246, 208, 25, 141, 104, 215]
R24[231, 139, 202, 68, 142, 232]
R25[155, 209, 154, 76, 244, 108, 99, 70, 99, 115, 145, 100, 138, 21, 4, 81]
R26[156, 239, 184, 184, 184, 218, 218, 119, 94, 151, 245, 144, 35, 152]
R27[186, 172, 160, 74, 140, 7, 164]
------------------------------------------
