Antes de iniciar JVM
Antes de llamar a Controller
Antes de apagar la JVM
FIN
 
------------------------------------------
HEURÍSTICA DE CONSTRUCCIÓN: SaveSequential
COSTO TOTAL: 8566.62
TOTAL DE RUTAS: 27
TIEMPO DE EJECUCIÓN: 8.976473093032837
 
R1[14, 93, 200, 199, 37, 116, 126, 243, 6, 165, 169, 181, 171, 67, 51, 29]
R2[44, 22, 180, 63, 216, 46, 50, 88, 247, 77, 91, 23]
R3[210, 41, 110, 60, 158, 159, 134, 20, 109, 105]
R4[161, 179, 128, 187, 45, 212, 107, 240]
R5[98, 174, 143, 196, 48, 120, 236, 111, 222]
R6[85, 132, 97, 227, 178, 92]
R7[117]
R8[203, 249, 69, 190, 123, 118, 3, 16, 52, 162, 75, 219]
R9[233, 241, 64, 125, 114, 148, 26, 9, 153, 248, 89, 167, 193, 238]
R10[80, 13, 121, 101, 163, 224, 177, 237, 62, 135, 122]
R11[82, 157, 146, 84, 47, 55, 127, 147, 32, 59, 15]
R12[56, 226, 201, 78, 24, 40, 17, 175, 176]
R13[103, 168, 66, 113, 194, 197, 42, 10, 214]
R14[223, 39, 242, 43, 225, 11, 235, 57, 131]
R15[136, 102, 38]
R16[217, 230, 189, 106, 183, 58, 150, 58]
R17[1, 71, 33, 72, 166, 207, 213, 8, 112, 96, 73, 198, 204]
R18[173, 27, 195, 170, 36, 220, 83, 65, 206, 228]
R19[54, 185, 19, 79, 205, 31, 229, 31, 90]
R20[124, 12, 49, 130, 129, 61, 211, 133, 5, 191, 30, 18]
R21[53, 137]
R22[86, 149, 94, 151, 245, 144, 156, 28, 7, 76]
R23[208, 74, 172, 209, 234, 68, 142, 231, 139, 202, 232, 70, 99, 108, 87]
R24[140, 215, 104, 141, 25, 246, 152, 184]
R25[138, 21, 186, 100, 145, 115, 81]
R26[182, 35, 119, 218, 192, 239, 160, 164, 4, 244]
R27[155, 154, 188, 34, 95]
------------------------------------------
