Antes de iniciar JVM
Antes de llamar a Controller
Antes de apagar la JVM
FIN
 
------------------------------------------
HEURÍSTICA DE CONSTRUCCIÓN: Sweep
COSTO TOTAL: 15758.77
TOTAL DE RUTAS: 28
TIEMPO DE EJECUCIÓN: 2.02177357673645
 
R1[51, 187, 196, 240, 46, 126, 92, 212, 199]
R2[179, 165, 181, 77, 50, 169, 97, 227, 109, 120, 41, 143]
R3[117, 23, 158, 22, 243, 107, 98, 200, 14, 105]
R4[180, 85, 132, 210, 91, 222, 128, 171]
R5[20, 161, 63, 216, 236, 37, 134, 67]
R6[60, 44, 88, 247, 6, 159, 174, 29, 110, 93, 48]
R7[178, 45, 116, 111]
R8[135, 3, 146, 24, 42, 56, 203, 84, 123, 89, 223]
R9[82, 176, 167, 26, 219, 11, 113, 17, 38]
R10[114, 13, 125, 10, 64, 197, 233, 201]
R11[224, 102, 75, 59, 175, 57]
R12[66, 194, 237, 62, 122, 131, 238, 162, 103, 249, 193]
R13[43, 101, 127, 190, 118, 177, 47, 121, 235, 225, 153]
R14[69, 78, 242, 226, 157, 40, 9, 168, 15, 52]
R15[16, 241, 248, 55, 148, 80, 39, 136, 147, 214, 32, 163]
R16[185, 173, 83, 30, 213, 217, 58, 65, 71]
R17[170, 129, 1, 189, 72, 106, 228, 2, 112]
R18[96, 130, 61, 54, 211, 183, 198, 33, 19, 12]
R19[207, 124, 195, 230, 79, 53, 36, 150, 204, 133, 8, 137, 27]
R20[191, 5, 31, 49, 221, 166, 206, 73]
R21[220, 90, 229, 205, 18]
R22[142, 140, 156, 70, 172, 4, 21, 81, 115, 7]
R23[94, 34, 188, 208, 87, 182, 244, 202, 245]
R24[239, 234, 68, 215, 35, 232, 138, 231, 104, 95]
R25[149, 246, 154, 192, 100, 209, 76]
R26[145, 218, 164, 184, 99, 141, 155, 74, 152, 28]
R27[86, 139, 25, 160, 151, 186, 108]
R28[119, 144]
------------------------------------------
