Antes de iniciar JVM
Antes de llamar a Controller
Antes de apagar la JVM
FIN
 
------------------------------------------
HEURÍSTICA DE CONSTRUCCIÓN: NearestNeighborWithRLC
COSTO TOTAL: 13819.86
TOTAL DE RUTAS: 27
TIEMPO DE EJECUCIÓN: 2.5140438079833984
 
R1[111, 196, 92, 48, 23, 117, 178]
R2[236, 143, 105, 174, 14, 85, 222, 120, 240, 98, 128, 210]
R3[41, 227, 107, 44, 20, 22, 165, 132, 29, 110, 97]
R4[179, 161, 109, 45, 199, 60, 169, 200, 37, 6]
R5[187, 171, 181, 63, 46, 216, 212]
R6[158, 93, 51, 243, 180, 77, 67, 134, 126, 116, 88]
R7[159, 91, 50, 247]
R8[56, 242, 10, 38, 225, 197, 66, 11, 241, 80]
R9[131, 42, 214, 223, 238, 194, 113, 43, 235, 103]
R10[57, 168, 122, 203, 176, 39, 157, 233, 175, 82, 249]
R11[47, 55, 136, 237, 102, 224, 193, 62, 15, 226]
R12[177, 146, 101, 69, 219, 135, 163, 84, 64, 75, 17]
R13[125, 52, 162, 32, 59, 114, 16, 24]
R14[13, 123, 148, 78, 40, 3, 190, 26, 201]
R15[9, 118, 167, 89, 153, 147, 248, 127, 121]
R16[18, 124, 137, 12, 30, 49, 54, 133, 173, 191, 53, 5]
R17[207, 228, 130, 79, 27, 204, 90, 198, 73, 166, 129, 61, 83]
R18[19, 185, 96, 217, 211, 221, 195, 72]
R19[36, 112, 206, 2, 220, 65]
R20[183, 150, 58, 213, 205, 33, 230, 8]
R21[170, 71, 31, 229, 189, 1, 106]
R22[34, 188, 28, 182, 4, 87, 95, 81, 115, 154]
R23[145, 100, 160, 156, 7, 186, 140]
R24[244, 164, 209, 76, 21, 172, 35, 138, 108, 208, 239, 70]
R25[246, 152, 144, 99, 192, 25, 141, 218, 74, 184]
R26[155, 119, 234, 232, 142, 68, 104, 215]
R27[245, 94, 231, 202, 139, 151, 86, 149]
------------------------------------------
