Antes de iniciar JVM
Antes de llamar a Controller
Antes de apagar la JVM
FIN
 
------------------------------------------
HEURÍSTICA DE CONSTRUCCIÓN: NearestNeighborWithRLC
COSTO TOTAL: 13632.88
TOTAL DE RUTAS: 27
TIEMPO DE EJECUCIÓN: 2.530758857727051
 
R1[196, 92, 111, 48, 174, 23, 236, 178]
R2[105, 143, 117, 14, 98, 120, 240, 222, 128, 210, 22]
R3[85, 107, 41, 44, 109, 165, 227, 29, 132, 20]
R4[37, 97, 179, 110, 45, 161, 199, 200, 60]
R5[171, 169, 6, 187, 93, 63, 46, 181]
R6[158, 216, 180, 51, 243, 91, 67]
R7[212, 116, 126, 50, 88, 159, 247, 77, 134]
R8[10, 242, 225, 66, 56, 80, 38, 197, 241, 223]
R9[214, 131, 11, 238, 42, 194, 113, 43, 122, 235, 103]
R10[57, 39, 203, 176, 157, 82, 168, 47, 55, 249, 62]
R11[136, 233, 102, 146, 175, 224, 193, 177, 226]
R12[237, 15, 101, 219, 84, 163, 69, 64, 75, 17, 78, 135]
R13[125, 162, 59, 52, 32, 16, 24, 13]
R14[114, 123, 148, 40, 201, 3, 118, 190]
R15[9, 153, 89, 167, 147, 26, 248, 121, 127]
R16[18, 124, 30, 137, 191, 12, 133, 49, 5, 173, 228, 130, 207]
R17[54, 27, 79, 204, 53, 90, 61, 198, 211, 129, 166, 19]
R18[206, 185, 96, 217, 83, 65, 73]
R19[221, 195, 72, 36, 220, 183, 2]
R20[58, 112, 213, 33, 205, 150, 170, 230]
R21[8, 31, 189, 106, 71, 229, 1]
R22[95, 34, 182, 87, 4, 81, 188, 28, 160, 164, 115]
R23[100, 186, 156, 7, 145, 140]
R24[244, 209, 76, 154, 35, 21, 172, 108, 138, 208, 246]
R25[239, 152, 155, 99, 70, 192, 144, 25, 141, 74]
R26[119, 234, 232, 104, 184, 68, 142, 245]
R27[215, 202, 218, 94, 139, 86, 151, 149, 231]
------------------------------------------
