Antes de iniciar JVM
Antes de llamar a Controller
Antes de apagar la JVM
FIN
 
------------------------------------------
HEURÍSTICA DE CONSTRUCCIÓN: NearestNeighborWithRLC
COSTO TOTAL: 13864.27
TOTAL DE RUTAS: 27
TIEMPO DE EJECUCIÓN: 2.5307934284210205
 
R1[111, 174, 196, 92, 48, 236, 117]
R2[143, 178, 98, 23, 105, 85, 120, 240, 14, 128, 222, 210]
R3[107, 227, 44, 22, 109, 41, 29, 20, 132, 165]
R4[37, 179, 97, 110, 45, 161, 60, 200, 169]
R5[6, 187, 171, 199, 93, 46, 181, 158, 212]
R6[180, 216, 243, 67, 63, 77, 51, 116, 134, 126]
R7[91, 88, 159, 50, 247]
R8[56, 38, 225, 10, 80, 66, 241, 11, 131, 242]
R9[223, 197, 42, 214, 238, 194, 113, 122, 235, 168, 43, 203, 39, 47]
R10[57, 103, 157, 233, 176, 175, 55, 249, 82]
R11[62, 102, 146, 237, 224, 193, 15, 226, 101]
R12[136, 177, 69, 163, 135, 84, 64, 17, 52, 75, 78]
R13[125, 59, 219, 162, 13, 16, 114]
R14[24, 118, 32, 148, 40, 3, 123, 190, 201]
R15[153, 26, 9, 89, 167, 248, 121, 147, 127]
R16[124, 137, 30, 12, 191, 49, 133, 54, 173, 228, 5, 18, 53]
R17[130, 207, 79, 27, 204, 61, 198, 211, 166, 129, 90, 83]
R18[73, 206, 185, 19, 96, 217]
R19[65, 221, 36, 112, 220, 195, 72]
R20[183, 33, 58, 2, 150, 213, 205, 8]
R21[31, 170, 230, 189, 106, 229, 1, 71]
R22[188, 34, 182, 28, 4, 87, 95, 164, 81, 115, 154]
R23[100, 186, 160, 145, 76, 156, 140, 7]
R24[244, 172, 35, 209, 21, 246, 138, 108, 208, 70, 239]
R25[152, 155, 99, 192, 144, 25, 141, 184, 218, 234, 74]
R26[104, 142, 232, 215, 68, 231, 119, 94, 202]
R27[245, 86, 151, 149, 139]
------------------------------------------
