Antes de iniciar JVM
Antes de llamar a Controller
Antes de apagar la JVM
FIN
 
------------------------------------------
HEURÍSTICA DE CONSTRUCCIÓN: RandomMethod
COSTO TOTAL: 15382.39
TOTAL DE RUTAS: 27
TIEMPO DE EJECUCIÓN: 0.2903738021850586
 
R1[247, 77, 143, 199, 46, 236, 97, 187, 178, 60, 44, 14]
R2[128, 23, 85, 45, 107, 98, 158, 120, 132]
R3[210, 37, 50, 240, 29, 196, 20, 200, 22, 171, 93]
R4[227, 159, 111, 126, 180, 174, 110, 88, 179]
R5[92, 222, 117, 116, 134, 51, 67, 169]
R6[48, 63, 181, 161, 41, 165, 109, 212]
R7[243, 105, 6, 216, 91]
R8[235, 131, 175, 194, 125, 102, 201, 43]
R9[103, 135, 127, 32, 114, 121, 89, 26, 237, 163]
R10[78, 13, 118, 113, 225, 82, 16, 233, 55, 69, 203]
R11[9, 57, 241, 168, 197, 59, 11, 101, 226, 47]
R12[17, 214, 84, 224, 147, 15, 136, 75, 123]
R13[64, 3, 148, 167, 122, 162, 80, 248, 42, 223, 157]
R14[24, 38, 146, 190, 193, 39, 249, 66, 62]
R15[177, 40, 10, 238, 52, 153, 56, 242, 176, 219]
R16[166, 211, 65, 195, 5, 19, 198, 106, 83, 173, 137]
R17[49, 71, 217, 204, 133, 33, 96, 73, 220, 2, 228]
R18[229, 30, 183, 72, 230, 61, 112, 58, 170]
R19[90, 31, 150, 36, 129, 27, 124, 189, 130, 1, 205]
R20[53, 191, 79, 8, 213, 12, 185, 207, 221]
R21[18, 54, 206]
R22[141, 21, 151, 192, 94, 155, 245, 4, 74, 246]
R23[234, 100, 186, 70, 209, 188, 172, 28, 202, 68, 7]
R24[184, 139, 232, 115, 87, 244, 231, 149, 218]
R25[86, 152, 215, 154, 164, 34, 35, 138, 239]
R26[76, 182, 95, 160, 156, 108, 145, 119, 144]
R27[140, 81, 25, 104, 142, 208, 99]
------------------------------------------
