Antes de iniciar JVM
Antes de llamar a Controller
Antes de apagar la JVM
FIN
 
------------------------------------------
HEURÍSTICA DE CONSTRUCCIÓN: NearestNeighborWithRLC
COSTO TOTAL: 13920.8
TOTAL DE RUTAS: 28
TIEMPO DE EJECUCIÓN: 2.546987771987915
 
R1[111, 92, 196, 48, 174, 23, 178]
R2[117, 143, 98, 105, 120, 14, 236, 85, 222, 128]
R3[240, 210, 22, 227, 107, 44, 109, 165, 29, 132, 41, 110]
R4[20, 37, 161, 45, 179, 97, 60, 200]
R5[169, 171, 187, 181, 199, 6, 63, 158, 93]
R6[46, 216, 212, 243, 67, 51, 180, 134]
R7[91, 116, 126, 88, 77, 247, 50, 159]
R8[56, 242, 10, 66, 225, 38, 197, 11, 241, 223, 80]
R9[214, 131, 42, 194, 238, 113, 43, 235, 122, 57]
R10[103, 39, 168, 203, 176, 157, 233, 47, 55, 175, 82, 62]
R11[102, 136, 146, 224, 249, 15, 177]
R12[226, 237, 193, 219, 69, 84, 163, 17, 64, 101, 75, 78, 135]
R13[162, 52, 32, 59, 13, 16, 24, 125, 118]
R14[114, 123, 40, 201, 190, 148, 3, 26]
R15[153, 89, 167, 127, 147, 9, 248, 121]
R16[124, 30, 18, 137, 49, 191, 133, 12, 173, 5, 53, 130]
R17[207, 228, 79, 27, 204, 198, 61, 90, 73, 166, 129, 54]
R18[83, 19, 211, 206, 217, 185, 221, 195, 96]
R19[72, 112, 220, 65, 36, 33]
R20[58, 150, 183, 170, 213, 205, 8, 230]
R21[31, 2, 71, 229, 189, 1, 106]
R22[34, 188, 95, 87, 28, 182, 81, 160, 164, 115]
R23[145, 4, 186, 156, 100]
R24[154, 7, 76, 209, 35, 244, 172, 108, 21, 138, 140]
R25[239, 208, 70, 152, 99, 144, 192, 155, 25, 246]
R26[141, 184, 119, 218, 234, 232, 74, 104, 215]
R27[142, 68, 245, 94, 231, 139, 151, 149, 86]
R28[202]
------------------------------------------
