 
------------------------------------------
CANTIDAD DE EJECUCIONES: 100
HEURÍSTICA DE CONSTRUCCIÓN: NearestNeighborWithRLC
COSTO TOTAL: 2208.22
TOTAL DE RUTAS: 8
TIEMPO DE EJECUCIÓN: 161 milisegundos
 
R1[75, 74, 73, 62, 28, 61]
R2[69, 71, 70, 68, 67, 72, 66, 65, 63, 33, 1, 43]
R3[64, 56, 51, 44, 58, 59, 57, 60, 52, 54]
R4[53, 46, 48, 47, 45, 34, 35, 40, 50, 55]
R5[49, 42, 41, 23, 24, 39, 38, 32, 31, 27, 37, 36]
R6[30, 2, 29, 26, 17, 12, 9, 25, 18, 3]
R7[16, 22, 21, 15, 20, 13, 19, 14, 11]
R8[10, 8, 7, 4, 6, 5]
------------------------------------------
