 
------------------------------------------
CANTIDAD DE EJECUCIONES: 100
HEURÍSTICA DE CONSTRUCCIÓN: NearestNeighborWithRLC
COSTO TOTAL: 18934.93
TOTAL DE RUTAS: 4
TIEMPO DE EJECUCIÓN: 4550 milisegundos
 
R1[5, 21, 29, 156, 158, 151, 240, 232, 237, 277, 317, 355, 2, 10, 3, 1, 12, 4, 20, 6, 23, 74, 75, 7, 8, 24, 150, 159, 199, 229, 269, 11, 37, 148, 198, 9, 14, 22, 38, 354, 15, 66, 357, 13, 39, 320, 16, 142, 160, 200, 224, 231, 230, 18, 34, 17, 25, 307, 19, 35, 153, 145, 191, 197, 235, 315, 26, 239, 280, 309, 301, 312, 347, 349, 352, 360, 359, 353, 351, 350, 356, 358, 346, 345, 348, 344, 342, 343, 341, 338, 339, 340, 335, 336, 334, 333, 331, 332, 330, 329, 327, 326, 328, 324, 323, 322, 325, 321, 318, 316, 337, 319, 311, 314, 313, 310, 306, 308, 28, 304, 303, 30, 73, 302, 305, 27, 31, 32, 223, 299, 33, 272, 298, 36, 41, 52, 76, 78, 79, 119, 118, 116, 108, 114, 152, 157, 192, 238, 40, 140, 216, 42]
R2[45, 43, 53, 77, 44, 47, 46, 63, 72, 110, 111, 120, 149, 221, 296, 297, 300, 295, 49, 57, 50, 61, 69, 56, 71, 55, 48, 64, 51, 58, 68, 60, 70, 62, 65, 67, 59, 113, 144, 215, 54, 80, 81, 92, 82, 83, 93, 109, 101, 117, 115, 143, 146, 227, 294, 293, 292, 291, 290, 289, 84, 87, 95, 103, 104, 85, 88, 86, 89, 97, 105, 90, 100, 94, 96, 112, 107, 99, 98, 106, 91, 102, 122]
R3[130, 121, 124, 132, 135, 136, 133, 125, 141, 123, 138, 154, 184, 196, 126, 127, 134, 128, 139, 155, 189, 131, 137, 190, 129, 182, 219, 161, 162, 170, 178, 194, 234, 285, 288, 287, 283, 286, 282, 279, 284, 278, 275, 274, 276, 273, 270, 281, 271, 268, 267, 264, 266, 262, 261, 260, 263, 259, 265, 257, 258, 256, 253, 254, 251, 250, 255, 249, 248, 246, 252, 244, 247, 245]
R4[242, 236, 233, 241, 228, 226, 222, 243, 225, 218, 217, 213, 212, 214, 220, 209, 211, 207, 206, 210, 208, 204, 202, 203, 201, 205, 188, 185, 195, 187, 193, 186, 171, 183, 175, 174, 181, 173, 176, 179, 168, 167, 166, 172, 169, 180, 165, 164, 177, 163, 147]
------------------------------------------
