Antes de iniciar JVM
Antes de llamar a Controller
Antes de apagar la JVM
FIN
 
------------------------------------------
HEURÍSTICA DE CONSTRUCCIÓN: RandomMethod
COSTO TOTAL: 18702.73
TOTAL DE RUTAS: 36
TIEMPO DE EJECUCIÓN: 0.3751661777496338
 
R1[14, 30, 29, 32, 36, 24, 35, 17, 4, 1, 16, 22]
R2[7, 13, 40, 8, 38, 39, 19, 10, 31, 15, 34]
R3[11, 23, 27, 25, 37, 21, 2, 5, 9]
R4[6, 18, 28, 3, 33, 12, 26, 20]
R5[61, 72, 57, 41, 47, 50, 51, 74, 66, 65, 77]
R6[56, 60, 63, 55, 76, 64, 49, 78, 46, 53, 70]
R7[79, 67, 75, 59, 68, 52, 58, 42, 80, 73, 71, 48]
R8[45, 43, 69, 62, 54, 44]
R9[115, 88, 111, 92, 106, 96, 81, 114, 89, 102]
R10[94, 97, 116, 86, 85, 83, 108]
R11[84, 82, 117, 98, 90, 104, 112, 95, 100, 99, 113]
R12[110, 119, 118, 120, 109, 105, 91, 87, 107, 103, 93, 101]
R13[141, 128, 153, 140, 125, 143, 137, 135, 144]
R14[131, 126, 148, 134, 122, 127, 158, 156, 145]
R15[132, 136, 155, 138, 157, 147, 139, 154, 146, 123, 121, 149, 160, 159]
R16[124, 150, 130, 142, 133, 152, 151, 129]
R17[164, 172, 166, 200, 192, 161, 183, 184, 196]
R18[167, 170, 190, 198, 171, 185, 165, 181, 174, 193, 197]
R19[188, 163, 199, 194, 169, 177, 175, 191, 178, 162, 179, 186]
R20[168, 176, 182, 173, 180, 195, 187, 189]
R21[221, 216, 210, 215, 213, 233, 230, 212, 232, 222, 237, 218]
R22[205, 225, 228, 220, 202, 208, 229, 224, 211, 226]
R23[234, 219, 235, 201, 206, 207, 227, 209, 217, 223]
R24[240, 238, 236, 203, 239, 204, 214, 231]
R25[244, 272, 268, 261, 278, 274, 254, 265, 269, 257, 241]
R26[248, 279, 271, 243, 259, 250, 258, 260, 242, 277]
R27[280, 270, 246, 276, 266, 252, 275, 249, 264, 256, 263]
R28[247, 273, 245, 262, 251, 267, 253, 255]
R29[284, 288, 308, 286, 310, 298, 290, 300]
R30[293, 285, 283, 314, 318, 315, 294, 302, 320, 306, 295, 312]
R31[317, 301, 282, 291, 292, 296, 289, 307, 304, 313, 311]
R32[281, 303, 319, 287, 309, 305, 299, 316, 297]
R33[326, 328, 354, 345, 351, 337, 355, 358, 353, 322, 346, 341]
R34[323, 331, 333, 348, 338, 356, 335, 350, 330, 344]
R35[332, 321, 342, 329, 340, 327, 339, 347]
R36[324, 343, 336, 325, 334, 349, 359, 360, 357, 352]
------------------------------------------
