Antes de iniciar JVM
Antes de llamar a Controller
Antes de apagar la JVM
FIN
 
------------------------------------------
HEURÍSTICA DE CONSTRUCCIÓN: RandomMethod
COSTO TOTAL: 19059.26
TOTAL DE RUTAS: 36
TIEMPO DE EJECUCIÓN: 0.3776867389678955
 
R1[26, 5, 19, 2, 7, 23, 13]
R2[10, 8, 35, 6, 30, 3, 1]
R3[20, 15, 11, 33, 18, 27, 22, 14, 24, 34, 32, 38, 25, 28, 12, 39]
R4[21, 40, 17, 31, 29, 4, 16, 37, 36, 9]
R5[44, 79, 55, 48, 50, 65, 70, 47]
R6[54, 75, 62, 60, 72, 77, 73, 64, 61, 51, 52, 49]
R7[43, 56, 41, 69, 42, 67, 59, 63]
R8[46, 66, 53, 76, 58, 45, 80, 78, 68, 74, 71, 57]
R9[106, 116, 115, 113, 83, 87, 112, 82, 108, 84]
R10[92, 105, 86, 118, 90, 117, 110, 109, 91, 93, 98, 99]
R11[85, 88, 102, 81, 97, 101, 94]
R12[89, 119, 103, 95, 114, 111, 107, 100, 104, 96, 120]
R13[129, 156, 132, 160, 124, 123, 147, 138, 133]
R14[122, 146, 128, 151, 142, 135, 143, 140, 139, 131]
R15[125, 149, 126, 130, 141, 127, 136, 158]
R16[150, 155, 121, 148, 137, 144, 134, 154, 152, 157, 159, 153, 145]
R17[166, 198, 194, 170, 186, 165, 183, 172, 182, 197]
R18[162, 167, 187, 199, 171, 200, 168, 174]
R19[161, 169, 195, 190, 191, 193, 175, 180, 185, 188, 189, 179, 173]
R20[176, 177, 196, 184, 178, 164, 163, 181, 192]
R21[216, 228, 201, 221, 213, 217, 233, 223, 224, 203, 236]
R22[220, 214, 207, 232, 237, 240, 230, 234, 231, 205, 206, 226]
R23[222, 208, 235, 204, 238, 219, 209, 239, 202]
R24[211, 227, 229, 215, 210, 218, 212, 225]
R25[259, 250, 241, 253, 246, 252, 257]
R26[242, 262, 278, 256, 260, 274, 264, 255, 270, 248, 268]
R27[245, 275, 258, 263, 277, 249, 251, 261, 254]
R28[244, 280, 273, 265, 243, 247, 272, 267, 269, 271, 279, 276, 266]
R29[298, 281, 314, 292, 301, 294, 319, 304, 316, 310, 320, 318, 308, 306]
R30[282, 313, 302, 317, 311, 286, 295, 291, 287]
R31[284, 303, 290, 297, 283, 288, 293]
R32[315, 309, 299, 307, 312, 296, 300, 285, 289, 305]
R33[356, 328, 323, 353, 346, 325, 324, 342]
R34[329, 330, 340, 358, 336, 348, 331, 360, 350, 352, 344, 354, 357, 347, 341]
R35[333, 327, 332, 343, 321, 345, 338, 337, 355]
R36[326, 322, 359, 334, 349, 339, 351, 335]
------------------------------------------
