Antes de iniciar JVM
Antes de llamar a Controller
Antes de apagar la JVM
FIN
 
------------------------------------------
HEURÍSTICA DE CONSTRUCCIÓN: RandomMethod
COSTO TOTAL: 19040.21
TOTAL DE RUTAS: 36
TIEMPO DE EJECUCIÓN: 0.43509364128112793
 
R1[10, 9, 7, 13, 38, 24, 25, 6, 26]
R2[21, 8, 15, 31, 34, 19, 18, 36, 1, 5]
R3[23, 37, 30, 40, 35, 39, 32, 20, 22, 27, 17, 14, 4, 3, 33]
R4[2, 12, 29, 11, 16, 28]
R5[49, 72, 43, 45, 63, 56, 60, 50, 78]
R6[44, 80, 70, 52, 57, 62, 66, 76, 77, 75, 55, 71, 59, 65]
R7[47, 48, 74, 61, 67, 42, 73, 69, 41, 79]
R8[53, 54, 68, 51, 64, 46, 58]
R9[105, 91, 88, 113, 87, 82, 120, 84]
R10[95, 81, 90, 97, 100, 114, 101, 94, 108, 89]
R11[104, 118, 92, 106, 93, 85, 86, 115, 119, 116, 111, 102, 99]
R12[109, 96, 110, 107, 98, 83, 117, 103, 112]
R13[153, 131, 123, 160, 145, 147, 151, 134, 152, 155, 142, 150, 140, 139]
R14[130, 122, 133, 158, 156, 127, 129, 137, 154, 144, 159]
R15[125, 136, 149, 124, 148, 146, 141, 157, 138, 128]
R16[132, 121, 126, 143, 135]
R17[190, 191, 197, 189, 170, 166, 182, 161, 167]
R18[164, 171, 181, 177, 174, 172, 163, 178]
R19[179, 169, 185, 193, 196, 173, 187, 175, 162, 180]
R20[168, 194, 183, 176, 195, 192, 200, 188, 184, 165, 198, 186, 199]
R21[224, 237, 216, 228, 203, 208, 229, 240, 210, 214, 238]
R22[207, 209, 221, 204, 202, 219, 233]
R23[205, 215, 212, 222, 206, 232, 213, 235, 234, 231, 239]
R24[220, 223, 225, 230, 218, 201, 211, 227, 226, 217, 236]
R25[280, 245, 279, 260, 270, 261, 251, 258, 278, 272, 276, 254, 255]
R26[249, 259, 267, 271, 266, 265, 250, 244, 256, 242]
R27[246, 264, 257, 243, 248, 247, 269]
R28[263, 268, 253, 274, 273, 241, 277, 275, 262, 252]
R29[304, 298, 300, 320, 296, 311, 315, 303, 301, 317, 286, 316, 306, 297]
R30[287, 283, 314, 291, 294, 308, 310, 305, 319, 313, 293, 312]
R31[282, 318, 289, 309, 299, 307, 284, 290, 302]
R32[295, 292, 281, 285, 288]
R33[351, 353, 356, 335, 346, 336, 355, 341, 330, 329, 333, 360, 343, 338]
R34[321, 349, 322, 358, 323, 331, 328]
R35[326, 352, 340, 350, 354, 347, 324, 337, 359, 348, 334, 332, 357]
R36[344, 327, 345, 342, 339, 325]
------------------------------------------
