Antes de iniciar JVM
Antes de llamar a Controller
Antes de apagar la JVM
FIN
 
------------------------------------------
HEURÍSTICA DE CONSTRUCCIÓN: RandomMethod
COSTO TOTAL: 18571.65
TOTAL DE RUTAS: 37
TIEMPO DE EJECUCIÓN: 0.38871169090270996
 
R1[2, 8, 15, 34, 20, 16, 13]
R2[7, 17, 33, 27, 1, 36, 40, 12, 6, 26, 21]
R3[10, 29, 5, 3, 28, 25, 23, 37, 39, 14, 22, 38, 35]
R4[11, 19, 4, 30, 32, 24, 31, 18, 9]
R5[56, 44, 78, 59, 73, 75, 70, 49, 52, 63, 72, 80, 51]
R6[74, 54, 77, 41, 50, 55, 58, 65, 45]
R7[47, 48, 42, 43, 68, 60, 76]
R8[53, 62, 57, 46, 79, 66, 61, 69, 67, 71, 64]
R9[86, 94, 95, 115, 83, 98, 114, 85]
R10[90, 112, 111, 91, 120, 119, 106, 81, 116, 107, 117, 110, 82]
R11[87, 96, 105, 100, 108, 88, 97, 113, 102, 104, 101]
R12[99, 109, 92, 103, 89, 84, 118, 93]
R13[133, 146, 148, 139, 144, 153, 157, 152, 131, 122, 143, 158, 151, 138, 141]
R14[127, 155, 134, 126, 150, 123, 132, 160, 159]
R15[125, 135, 129, 140, 124, 142, 130, 149, 145]
R16[136, 121, 128, 156, 154, 137, 147]
R17[197, 169, 192, 184, 171, 170, 167, 188, 198, 173, 190, 191]
R18[181, 199, 179, 185, 172, 194, 166, 175, 186, 176]
R19[165, 178, 187, 189, 164, 195, 180, 161, 193]
R20[168, 182, 162, 177, 196, 174, 163, 200, 183]
R21[205, 227, 213, 237, 212, 228, 210, 229, 225, 236, 239, 201]
R22[206, 221, 223, 232, 202, 220, 230, 208, 235]
R23[204, 222, 240, 218, 219, 233, 217, 209, 226, 215, 224, 216]
R24[207, 238, 214, 231, 211, 203, 234]
R25[275, 258, 243, 279, 269, 267, 247, 278, 276, 250, 266, 264]
R26[248, 280, 249, 254, 271, 251, 277, 272, 242]
R27[256, 273, 244, 261, 257, 262, 260, 245, 252, 268]
R28[270, 259, 246, 265, 274, 255, 241, 263, 253]
R29[292, 293, 318, 313, 314, 300, 310, 294, 289, 315, 299, 291]
R30[281, 295, 290, 302, 288, 309, 301]
R31[285, 306, 298, 283, 307, 297, 296, 308, 316, 284]
R32[286, 303, 312, 305, 320, 311, 304, 282, 317, 319, 287]
R33[333, 328, 348, 327, 324, 355, 347]
R34[325, 331, 352, 353, 357, 350, 349, 337, 351, 342, 321, 339]
R35[332, 345, 346, 360, 338, 354, 336, 329, 359, 335, 358, 344, 341]
R36[323, 322, 343, 356, 340, 326, 330]
R37[334]
------------------------------------------
