Antes de iniciar JVM
Antes de llamar a Controller
Antes de apagar la JVM
FIN
 
------------------------------------------
HEURÍSTICA DE CONSTRUCCIÓN: RandomMethod
COSTO TOTAL: 18709.89
TOTAL DE RUTAS: 36
TIEMPO DE EJECUCIÓN: 0.41988658905029297
 
R1[12, 20, 37, 32, 34, 2, 25, 9, 19, 23, 21, 39, 27]
R2[13, 11, 26, 3, 8, 4]
R3[10, 40, 30, 36, 14, 6, 17, 7, 15, 31]
R4[16, 35, 24, 29, 18, 5, 33, 22, 1, 28, 38]
R5[54, 63, 70, 42, 43, 45, 60, 71]
R6[50, 67, 61, 41, 46, 76, 74, 79, 48]
R7[49, 69, 65, 52, 53, 80, 62, 47, 75, 57, 68, 72, 66, 64]
R8[56, 59, 78, 51, 73, 77, 58, 44, 55]
R9[83, 115, 118, 98, 91, 103, 82, 87, 116]
R10[93, 94, 113, 81, 101, 96, 102, 92, 120, 108, 97]
R11[90, 107, 112, 106, 95, 110, 105, 117, 119, 89, 100, 104, 85]
R12[88, 109, 114, 99, 86, 111, 84]
R13[136, 159, 139, 143, 130, 138, 126, 155, 127, 147, 160]
R14[142, 125, 129, 145, 123, 137, 153, 132, 158, 151]
R15[128, 149, 134, 141, 135, 121, 152, 124]
R16[154, 140, 156, 150, 144, 157, 131, 122, 146, 148, 133]
R17[165, 163, 175, 167, 161]
R18[169, 166, 186, 178, 199, 187, 198, 172, 183, 197, 185, 190, 182, 196]
R19[162, 191, 177, 180, 194, 171, 168, 176, 179]
R20[170, 189, 184, 164, 193, 188, 195, 181, 192, 200, 173, 174]
R21[236, 228, 238, 237, 222, 230, 229, 207, 212, 213, 203, 220]
R22[211, 202, 215, 225, 231, 223, 233, 206, 216]
R23[219, 205, 232, 224, 227, 218, 217, 210, 240, 208]
R24[204, 214, 235, 201, 209, 234, 221, 226, 239]
R25[256, 276, 263, 264, 277, 249, 271, 248, 273, 244, 278]
R26[250, 270, 259, 268, 260, 241, 253, 262, 279, 280, 251, 272]
R27[246, 267, 266, 252, 245, 275, 265, 247, 255, 274]
R28[261, 254, 243, 269, 258, 257, 242]
R29[307, 318, 290, 282, 292, 317, 283, 291]
R30[288, 284, 311, 289, 309, 298, 287, 296]
R31[299, 306, 304, 316, 300, 313, 285, 301, 312, 320, 302, 295, 303, 314, 297]
R32[294, 315, 319, 293, 286, 308, 305, 310, 281]
R33[327, 353, 330, 342, 340, 321, 355, 359, 351, 336, 350, 348, 345, 358]
R34[331, 346, 326, 347, 335, 341, 357, 322, 329]
R35[323, 343, 338, 354, 339, 337, 356, 328, 360, 344, 352]
R36[325, 349, 324, 332, 333, 334]
------------------------------------------
