Antes de iniciar JVM
Antes de llamar a Controller
Antes de apagar la JVM
FIN
 
------------------------------------------
HEURÍSTICA DE CONSTRUCCIÓN: RandomMethod
COSTO TOTAL: 19114.43
TOTAL DE RUTAS: 36
TIEMPO DE EJECUCIÓN: 0.38289594650268555
 
R1[39, 24, 6, 9, 16, 31, 36, 19, 34, 7]
R2[12, 23, 40, 4, 8, 21, 32, 5, 20, 33]
R3[28, 10, 13, 2, 18, 25, 3, 27, 29, 37, 38, 30, 17]
R4[1, 22, 14, 35, 11, 26, 15]
R5[63, 64, 80, 58, 67, 54, 47, 59, 57, 65, 79, 62, 61, 73, 71]
R6[53, 77, 49, 52, 56, 68, 42, 69]
R7[41, 60, 55, 50, 74, 72, 78, 70, 45]
R8[44, 43, 51, 46, 76, 48, 66, 75]
R9[109, 120, 85, 107, 96, 110, 117, 119, 115, 114, 86, 82]
R10[90, 91, 112, 116, 81, 89, 111, 102, 95, 98]
R11[103, 118, 88, 104, 99, 101, 106, 87, 84]
R12[94, 108, 83, 93, 97, 100, 92, 105, 113]
R13[156, 135, 125, 147, 131, 139, 145, 127, 143]
R14[130, 148, 132, 153, 129, 152, 159, 136, 146, 141, 126, 138]
R15[140, 123, 142, 121, 137, 157, 149, 134, 160, 144]
R16[124, 122, 151, 154, 158, 128, 150, 133, 155]
R17[193, 164, 200, 188, 174, 195, 184, 191, 183, 173, 166, 178]
R18[185, 162, 169, 163, 168, 187, 175]
R19[161, 165, 182, 179, 186, 172, 194, 197, 189, 170, 198, 180]
R20[181, 199, 177, 192, 167, 196, 171, 190, 176]
R21[237, 202, 239, 214, 240, 226, 225, 235, 218, 238, 236, 228, 208, 213, 224]
R22[222, 201, 227, 217, 223, 229, 216, 230, 215, 207, 231]
R23[211, 220, 219, 209, 206, 204, 234, 221]
R24[210, 205, 203, 233, 232, 212]
R25[254, 259, 249, 266, 263, 278, 279, 261, 268, 267, 243, 262]
R26[247, 252, 269, 248, 255, 256]
R27[246, 276, 275, 280, 241, 242, 250, 260, 251]
R28[264, 258, 274, 272, 244, 270, 253, 277, 245, 273, 265, 271, 257]
R29[285, 300, 284, 282, 305, 315, 306, 287, 316]
R30[302, 310, 314, 301, 298, 295, 297, 313, 294, 286, 289, 299]
R31[311, 303, 309, 281, 291, 312, 293, 320, 319, 290, 283]
R32[318, 296, 308, 288, 317, 307, 304, 292]
R33[336, 355, 338, 352, 333, 351, 342, 324, 321, 345, 348]
R34[322, 325, 344, 339, 329, 337, 346, 359, 357, 326]
R35[347, 354, 360, 350, 323, 340, 330, 334, 349, 353, 343, 356, 341, 331, 358]
R36[328, 327, 335, 332]
------------------------------------------
