Antes de iniciar JVM
Antes de llamar a Controller
Antes de apagar la JVM
FIN
 
------------------------------------------
HEURÍSTICA DE CONSTRUCCIÓN: RandomMethod
COSTO TOTAL: 18827.86
TOTAL DE RUTAS: 36
TIEMPO DE EJECUCIÓN: 0.4042088985443115
 
R1[30, 28, 5, 40, 1, 21, 19, 10, 23]
R2[4, 36, 37, 16, 35, 25, 33, 22, 38, 29, 32, 27, 26, 17, 14, 13, 39]
R3[6, 2, 3, 31, 34, 24, 9, 20]
R4[8, 15, 11, 18, 12, 7]
R5[68, 49, 46, 61, 62, 59, 54, 77, 45, 76, 57]
R6[47, 64, 72, 50, 58, 48, 55, 51]
R7[42, 78, 60, 79, 63, 74, 65, 56, 41, 53, 66, 80, 75, 71, 73]
R8[70, 44, 69, 67, 43, 52]
R9[95, 110, 81, 100, 90, 93, 119, 113, 92, 114]
R10[96, 85, 120, 108, 99, 98, 115, 112, 111, 89, 117, 103, 91, 116]
R11[82, 105, 106, 107, 87, 86, 104, 84]
R12[101, 109, 118, 97, 83, 94, 88, 102]
R13[136, 135, 125, 150, 147, 126, 127]
R14[128, 156, 141, 140, 132, 142, 158, 149, 159, 155, 124, 143, 148, 152]
R15[137, 145, 130, 160, 129, 121, 151, 131, 153, 154, 123]
R16[133, 134, 138, 144, 139, 122, 157, 146]
R17[164, 163, 162, 181, 198, 196, 193, 172, 174]
R18[182, 186, 194, 170, 197, 183, 195, 187, 178, 179, 176, 165, 199, 189, 185]
R19[169, 161, 200, 191, 175, 167, 168]
R20[171, 188, 166, 184, 190, 192, 180, 177, 173]
R21[231, 213, 214, 210, 212, 220, 228, 208]
R22[201, 221, 233, 238, 215, 216, 223, 227, 225, 218, 204]
R23[224, 237, 239, 207, 235, 217, 226, 219, 203, 209, 229, 236]
R24[202, 205, 234, 211, 222, 240, 232, 206, 230]
R25[269, 270, 253, 244, 247, 256, 259, 263, 255]
R26[246, 258, 241, 276, 248, 280, 277, 252, 257]
R27[249, 265, 279, 260, 266, 264, 243, 251, 275, 242, 271, 272, 274]
R28[267, 245, 261, 278, 262, 273, 268, 250, 254]
R29[284, 315, 300, 305, 312, 298, 286, 294, 302, 310]
R30[283, 281, 288, 295, 282]
R31[291, 319, 301, 293, 304, 320, 287, 297, 296, 308, 314, 306]
R32[290, 316, 292, 307, 313, 303, 289, 318, 299, 317, 309, 311, 285]
R33[357, 348, 340, 330, 346, 344, 333, 338, 342, 356, 355, 352, 343, 326]
R34[327, 339, 324, 334, 360, 350, 335, 336]
R35[328, 351, 353, 358, 337, 349, 325, 359, 322, 329]
R36[321, 347, 323, 354, 345, 331, 341, 332]
------------------------------------------
