Antes de iniciar JVM
Antes de llamar a Controller
Antes de apagar la JVM
FIN
 
------------------------------------------
HEURÍSTICA DE CONSTRUCCIÓN: RandomMethod
COSTO TOTAL: 18855.12
TOTAL DE RUTAS: 36
TIEMPO DE EJECUCIÓN: 0.38285207748413086
 
R1[21, 25, 10, 18, 3, 5, 23, 22, 28, 36]
R2[6, 17, 13, 15, 26, 19, 14, 7]
R3[1, 12, 35, 38, 32, 27, 11, 34, 2, 30, 37, 29, 24, 31, 33]
R4[9, 8, 20, 40, 4, 16, 39]
R5[77, 47, 72, 58, 78, 75, 80, 41, 76, 50, 64, 69]
R6[44, 49, 74, 51, 73, 56, 55, 42]
R7[43, 59, 66, 65, 71, 63, 46, 79, 54, 53, 68]
R8[60, 52, 67, 45, 61, 48, 57, 62, 70]
R9[117, 101, 99, 116, 110, 120, 106, 81, 82, 103, 108, 114, 107, 93]
R10[95, 109, 90, 92, 119, 112, 111, 97, 104, 115, 87, 96]
R11[86, 88, 89, 91, 100, 94]
R12[85, 118, 84, 105, 102, 98, 83, 113]
R13[125, 124, 143, 160, 142, 157, 139, 135, 149, 158, 153, 152]
R14[128, 156, 122, 131, 140, 130, 150, 159, 123]
R15[137, 134, 126, 138, 151, 133, 127, 154, 132, 155]
R16[146, 121, 147, 141, 144, 136, 148, 129, 145]
R17[171, 177, 164, 180, 162, 167, 198, 188, 191, 187]
R18[165, 194, 186, 185, 176, 161, 196, 166, 200, 189, 193, 195]
R19[169, 178, 168, 170, 174, 172, 173, 184]
R20[192, 179, 197, 183, 199, 190, 181, 175, 163, 182]
R21[216, 211, 238, 240, 204, 223, 205, 208, 231]
R22[221, 215, 207, 213, 212, 236, 209, 224]
R23[203, 220, 201, 237, 232, 214, 217, 210, 226, 229, 218, 239]
R24[235, 222, 230, 219, 234, 202, 227, 233, 206, 225, 228]
R25[275, 269, 270, 268, 264, 280, 261, 254, 243, 276, 263, 274, 255, 273]
R26[247, 278, 279, 260, 245, 267, 266, 265, 251, 241]
R27[244, 262, 248, 246, 253, 252, 271]
R28[259, 272, 277, 250, 258, 256, 249, 257, 242]
R29[315, 310, 316, 285, 295, 294, 299, 293, 297, 314, 290]
R30[282, 284, 289, 313, 312, 309, 301, 281, 302, 318]
R31[283, 296, 305, 307, 288, 300, 298, 292, 308, 319, 306]
R32[291, 303, 286, 311, 320, 317, 304, 287]
R33[352, 345, 331, 359, 321, 347, 349, 332, 329, 335, 341]
R34[330, 340, 354, 360, 339, 343, 327, 350, 356, 322, 344, 337]
R35[338, 334, 326, 323, 325, 328]
R36[333, 324, 353, 351, 355, 336, 342, 358, 357, 346, 348]
------------------------------------------
