Antes de iniciar JVM
Antes de llamar a Controller
Antes de apagar la JVM
FIN
 
------------------------------------------
HEURÍSTICA DE CONSTRUCCIÓN: RandomMethod
COSTO TOTAL: 18717.23
TOTAL DE RUTAS: 36
TIEMPO DE EJECUCIÓN: 0.38808465003967285
 
R1[3, 12, 28, 8, 25, 22, 11, 19]
R2[6, 17, 24, 7, 23, 1, 16]
R3[5, 20, 9, 10, 18, 4, 33, 39, 32, 14]
R4[37, 40, 30, 38, 21, 2, 29, 35, 26, 31, 15, 13, 27, 34, 36]
R5[70, 71, 77, 80, 58, 43, 62, 73, 61, 78, 75, 67, 60, 79, 65, 66, 48]
R6[47, 53, 41, 51, 63, 52]
R7[42, 64, 74, 69, 72, 68, 56, 46, 55]
R8[44, 49, 54, 59, 76, 45, 57, 50]
R9[117, 86, 85, 102, 113, 95, 88, 92]
R10[94, 104, 112, 93, 110, 98, 83, 105, 108, 114, 97, 89]
R11[90, 101, 111, 118, 82, 100, 109, 115, 84, 99, 119, 106]
R12[87, 96, 116, 120, 103, 91, 81, 107]
R13[149, 157, 138, 158, 121, 137, 135, 144, 123, 151, 134, 150]
R14[136, 128, 126, 155, 132, 122, 148]
R15[133, 159, 154, 160, 124, 139, 140, 147, 143, 141, 127, 152, 146]
R16[142, 130, 129, 153, 125, 131, 145, 156]
R17[183, 166, 193, 169, 165, 164, 186, 172]
R18[190, 197, 188, 175, 178, 196, 176, 173, 181, 168, 170, 198]
R19[163, 195, 171, 184, 189, 185, 194, 162, 191, 161, 182]
R20[174, 177, 167, 199, 200, 179, 180, 192, 187]
R21[240, 237, 224, 207, 202, 206, 220, 201]
R22[221, 231, 223, 238, 239, 205, 228, 230, 211, 233, 226, 218, 212, 229, 225]
R23[213, 232, 209, 222, 214, 210, 216, 234, 204]
R24[219, 203, 208, 227, 235, 217, 236, 215]
R25[261, 280, 250, 254, 252, 247, 259, 258, 267, 276, 260, 273]
R26[255, 266, 243, 265, 279, 275, 242, 269, 256, 262, 278]
R27[253, 268, 274, 241, 249, 257, 245, 263, 251]
R28[244, 277, 264, 271, 246, 248, 270, 272]
R29[311, 316, 293, 302, 318, 314, 301, 300, 308, 307, 295, 290, 286, 317]
R30[287, 291, 292, 310, 281, 296, 319, 297, 313, 304]
R31[305, 294, 288, 282, 289, 298, 306, 283]
R32[299, 320, 315, 284, 303, 285, 312, 309]
R33[346, 347, 359, 341, 325, 344, 357, 358, 332, 331, 321, 340]
R34[328, 339, 335, 356, 338, 327, 349, 351, 323]
R35[326, 345, 330, 334, 324, 322]
R36[336, 342, 350, 333, 360, 352, 354, 355, 353, 337, 348, 329, 343]
------------------------------------------
