Antes de iniciar JVM
Antes de llamar a Controller
Antes de apagar la JVM
FIN
 
------------------------------------------
HEURÍSTICA DE CONSTRUCCIÓN: RandomMethod
COSTO TOTAL: 18986.95
TOTAL DE RUTAS: 36
TIEMPO DE EJECUCIÓN: 0.38387179374694824
 
R1[28, 1, 34, 8, 26, 14, 33, 12, 35, 16, 39, 20]
R2[18, 36, 6, 3, 4, 11, 22, 30]
R3[15, 31, 7, 32, 23, 37, 40, 13, 10, 17, 29, 19, 25]
R4[2, 38, 27, 5, 24, 21, 9]
R5[80, 52, 76, 75, 44, 71, 79, 70, 61, 45, 65, 68, 43]
R6[59, 58, 46, 78, 67, 57, 48, 47, 49]
R7[66, 55, 64, 72, 77, 50, 42, 51, 56, 63]
R8[53, 54, 74, 73, 60, 69, 62, 41]
R9[94, 104, 107, 93, 116, 99, 83, 92, 81]
R10[103, 84, 113, 95, 85, 106, 98, 91, 108]
R11[89, 97, 88, 111, 96, 105, 110, 82, 120, 109]
R12[90, 119, 86, 112, 118, 102, 117, 101, 87, 114, 100, 115]
R13[142, 126, 133, 132, 138, 136, 153, 134, 158, 152, 154, 146, 159]
R14[156, 129, 149, 144, 127, 140, 131, 125, 151, 139]
R15[124, 143, 130, 121, 145, 135, 122, 148]
R16[150, 123, 147, 155, 160, 141, 128, 157, 137]
R17[198, 185, 194, 195, 170, 179, 176, 172, 168, 174]
R18[171, 189, 199, 193, 186, 188, 183, 177, 169, 191, 163, 165, 187]
R19[182, 180, 196, 173, 181, 175, 166, 192, 164, 197, 178]
R20[161, 190, 200, 184, 162, 167]
R21[217, 201, 203, 222, 223, 218, 228, 238, 226, 207]
R22[214, 210, 236, 212, 239, 211, 232, 225, 234, 216, 235, 219, 213]
R23[230, 231, 220, 240, 237, 224, 215, 202, 208, 233, 206]
R24[209, 229, 204, 227, 205, 221]
R25[256, 246, 249, 273, 263, 261, 255, 277, 278, 276, 244]
R26[243, 279, 252, 268, 264, 241, 266, 270, 259, 250]
R27[242, 267, 269, 245, 265, 257, 275, 258, 251, 272, 253]
R28[260, 271, 248, 262, 274, 254, 280, 247]
R29[307, 301, 285, 308, 287, 297, 314, 317, 294, 309, 291]
R30[283, 281, 300, 312, 288, 296, 290]
R31[282, 310, 302, 311, 306, 293, 313, 315, 320, 304, 284]
R32[286, 303, 305, 319, 298, 299, 316, 318, 289, 292, 295]
R33[346, 324, 329, 340, 332, 350, 323, 352, 339]
R34[328, 360, 338, 358, 353, 347, 322, 351, 325, 354, 356, 359, 335, 349]
R35[348, 331, 321, 355, 345, 342, 357, 336, 330, 334, 344]
R36[341, 337, 333, 326, 343, 327]
------------------------------------------
