 
------------------------------------------
CANTIDAD DE EJECUCIONES: 100
HEURÍSTICA DE CONSTRUCCIÓN: CMT
COSTO TOTAL: 1420.1
TOTAL DE RUTAS: 16
TIEMPO DE EJECUCIÓN: 346 milisegundos
 
R1[66, 59, 11]
R2[68, 30, 74, 51, 6, 75]
R3[39, 9, 32, 31]
R4[52, 13, 27, 45, 54, 19]
R5[72]
R6[72, 10, 65, 38, 58]
R7[73, 1, 43, 41, 42, 22, 62]
R8[55, 25, 18, 50, 24]
R9[12, 40, 44, 3, 49, 23, 63]
R10[36, 69, 71, 60, 70, 37, 20, 61]
R11[26, 64, 56, 21]
R12[47, 5, 48, 57, 15, 29]
R13[7, 53, 14, 35, 8]
R14[28, 16, 46, 34]
R15[67, 17, 4]
R16[2, 33]
------------------------------------------
