 
------------------------------------------
CANTIDAD DE EJECUCIONES: 100
HEURÍSTICA DE CONSTRUCCIÓN: NearestNeighborWithRLC
COSTO TOTAL: 1873.48
TOTAL DE RUTAS: 10
TIEMPO DE EJECUCIÓN: 177 milisegundos
 
R1[2, 75, 73, 74, 68, 1, 64, 4, 67, 72]
R2[66, 65, 63, 62, 69, 71, 60, 70, 57, 54, 59, 5]
R3[52, 53, 35, 46, 58]
R4[39, 50, 55, 44, 51, 49]
R5[24, 18, 56, 43, 42, 41, 3, 6, 48, 61, 47]
R6[45, 37, 36, 34, 8]
R7[38, 11, 14]
R8[26, 40, 9, 12, 7, 10, 33, 32]
R9[25, 17, 30, 28, 29, 15, 20, 13, 19, 27, 22]
R10[16, 23, 31, 21]
------------------------------------------
