 
------------------------------------------
CANTIDAD DE EJECUCIONES: 100
HEURÍSTICA DE CONSTRUCCIÓN: NearestNeighborWithRLC
COSTO TOTAL: 1814.65
TOTAL DE RUTAS: 12
TIEMPO DE EJECUCIÓN: 234 milisegundos
 
R1[68, 1, 74, 75, 4, 73]
R2[63, 56, 64, 69, 2, 30, 71, 60, 47, 70, 37]
R3[67, 58, 66, 65, 72]
R4[3, 51, 6, 62, 5, 61]
R5[7, 59, 54, 57, 8]
R6[52, 53, 38, 10]
R7[9, 55, 50, 11]
R8[46, 35, 27, 45, 12, 49]
R9[44, 43, 42, 13, 48, 36]
R10[21, 41, 40, 39, 14, 26, 34, 19]
R11[33, 32, 18, 25]
R12[17, 15, 20, 29, 28, 22, 23, 16, 24, 31]
------------------------------------------
