 
------------------------------------------
CANTIDAD DE EJECUCIONES: 100
HEURÍSTICA DE CONSTRUCCIÓN: HeuristicType.SaveSequential
COSTO TOTAL: 3310.55
TOTAL DE RUTAS: 18
TIEMPO DE EJECUCIÓN: 0.9436123371124268 milisegundos
 
R1[175, 2, 167, 128, 46, 193, 4, 125, 191, 84, 180, 82, 60]
R2[53, 35, 7, 132, 54, 127, 186, 8, 88]
R3[89, 145, 75, 182, 163, 194, 195, 52, 92, 23]
R4[31, 25, 172, 77, 41, 85, 80, 154, 64, 110, 69, 141, 124]
R5[123, 112, 168, 79, 29, 87, 156, 170, 134, 50, 42, 153]
R6[97, 21, 169, 105, 15, 59, 198, 152, 40, 26]
R7[10, 106, 95, 5, 72, 176, 143, 36, 33]
R8[49, 181, 117, 161, 104, 185, 18, 98, 3, 177, 157, 187, 140]
R9[32, 189, 51, 94, 115, 86, 65, 171, 174, 136, 200]
R10[48, 133, 149, 14, 96, 130, 196, 192, 19, 28, 74, 120, 30, 68, 22]
R11[91, 70, 148, 164, 66, 47, 160, 147]
R12[90, 78, 107, 34, 158, 190, 121, 165, 188, 108, 83, 118, 57]
R13[58, 55, 93, 99, 1, 9, 71, 126, 166, 119, 144, 101]
R14[67, 43, 13, 122, 11, 129, 12, 116, 103, 197, 6]
R15[139, 73, 162, 20, 24, 61, 100, 173, 27, 178]
R16[135, 184, 56, 63, 142, 111, 151, 16, 114, 159, 150, 38]
R17[137, 138, 81, 37, 199, 62, 131, 44, 146, 102, 76]
R18[45, 179, 109, 17, 39, 113, 155, 39]
------------------------------------------
