 
------------------------------------------
CANTIDAD DE EJECUCIONES: 20
HEURÍSTICA DE CONSTRUCCIÓN: HeuristicType.SaveParallel
COSTO TOTAL: 659.34
TOTAL DE RUTAS: 3
TIEMPO DE EJECUCIÓN: 4.3950512409210205 milisegundos
 
R1[68, 6, 51, 17, 12, 40, 3, 44, 32, 9, 39, 72, 38, 11, 65, 66, 59, 14, 53, 19, 54, 8, 35, 7]
R2[58, 10, 31, 25, 55, 18, 50, 24, 49, 23, 56, 43, 41, 42, 64, 22, 61, 21, 47, 36, 69, 71, 60, 70, 20, 37, 15, 57, 13]
R3[75, 4, 45, 30, 2, 33, 63, 16, 73, 1, 62, 28, 74, 48, 5, 29, 27, 52, 46, 34, 67, 26]
------------------------------------------
