 
------------------------------------------
CANTIDAD DE EJECUCIONES: 20
HEURÍSTICA DE CONSTRUCCIÓN: HeuristicType.SaveParallel
COSTO TOTAL: 660.83
TOTAL DE RUTAS: 3
TIEMPO DE EJECUCIÓN: 4.170725345611572 milisegundos
 
R1[68, 6, 51, 17, 12, 40, 3, 44, 32, 9, 39, 72, 38, 11, 65, 66, 59, 14, 53, 19, 54, 8, 35, 7]
R2[18, 55, 25, 31, 10, 58, 50, 24, 49, 23, 56, 43, 41, 42, 64, 22, 61, 21, 47, 36, 69, 71, 60, 70, 20, 37, 15, 57, 13]
R3[75, 4, 45, 29, 5, 48, 74, 28, 62, 1, 73, 16, 63, 33, 2, 30, 27, 52, 46, 34, 67, 26]
------------------------------------------
