 
------------------------------------------
CANTIDAD DE EJECUCIONES: 100
HEURÍSTICA DE CONSTRUCCIÓN: CMT
COSTO TOTAL: 1426.15
TOTAL DE RUTAS: 16
TIEMPO DE EJECUCIÓN: 250 milisegundos
 
R1[15, 57, 13, 37, 20]
R2[3, 44, 16, 49, 24, 18]
R3[38, 65, 66, 10]
R4[46, 34, 52, 27, 54]
R5[48, 29, 5, 21, 74]
R6[71, 60, 70, 69, 36, 47]
R7[7, 67, 59, 53]
R8[7, 14, 35, 19, 8]
R9[9, 25, 55, 31, 39, 72]
R10[56, 23, 63, 41, 43, 1]
R11[64, 42, 22, 61]
R12[68, 11, 50, 32]
R13[17, 33, 6, 51, 73]
R14[12, 40, 58, 26]
R15[45, 28, 62, 2]
R16[30, 4, 75]
------------------------------------------
