 
------------------------------------------
CANTIDAD DE EJECUCIONES: 100
HEURÍSTICA DE CONSTRUCCIÓN: CMT
COSTO TOTAL: 3560.94
TOTAL DE RUTAS: 17
TIEMPO DE EJECUCIÓN: 689 milisegundos
 
R1[4, 125, 72, 82, 191, 84, 180, 60]
R2[66, 91, 164, 147, 12, 70]
R3[151, 16, 22, 38, 150, 159, 114, 111, 187, 140, 142, 177, 56, 63]
R4[50, 112, 123, 170, 134, 29, 87, 42, 79, 168, 156, 145, 194, 163]
R5[120, 19, 192, 196, 97, 28, 21, 59, 15, 96, 130, 30, 74, 146]
R6[73, 139, 6, 122, 11, 129, 116]
R7[188, 193, 46, 108, 83, 118, 165, 33, 143, 176, 36, 121, 57]
R8[185, 132, 54, 186, 127, 18, 88, 8, 117, 104, 181]
R9[137, 183, 71, 9, 126, 166, 35, 119, 1, 138, 81, 53, 99, 101, 144, 93]
R10[13, 43, 2, 90, 175, 10, 190, 158, 167, 106, 95, 5, 34, 128, 67, 17]
R11[94, 115, 86, 65, 51, 171, 174, 32, 189, 136]
R12[179, 45, 109, 62, 107, 39, 78, 155, 76, 131, 178, 61]
R13[160, 47, 113]
R14[148, 103, 197, 124, 141, 69, 200]
R15[135, 55, 49, 7, 3, 98, 157, 161, 58, 184, 37, 199, 44]
R16[80, 92, 23, 182, 75, 52, 195, 89, 169, 105, 198, 40, 153, 14]
R17[20, 24, 25, 26, 27, 31, 41, 48, 64, 68, 77, 85, 100, 102, 110, 133, 149, 152, 154, 162, 172, 173]
------------------------------------------
