 
------------------------------------------
CANTIDAD DE EJECUCIONES: 100
HEURÍSTICA DE CONSTRUCCIÓN: RandomMethod
COSTO TOTAL: 14587.28
TOTAL DE RUTAS: 15
TIEMPO DE EJECUCIÓN: 102 milisegundos
 
R1[186, 115, 107, 81, 199, 137, 67, 190, 132, 125, 168, 160]
R2[69, 11, 18, 37, 128, 110, 43, 140, 10, 36, 47, 177, 7]
R3[151, 101, 94, 5, 44, 187, 148, 157, 174, 6, 42, 138, 96]
R4[23, 63, 99, 51, 141, 200, 27, 193, 198, 86, 92, 183, 108, 46]
R5[130, 80, 26, 53, 104, 61, 76, 185, 188, 145, 195, 15, 9]
R6[158, 2, 173, 85, 182, 191, 129, 161, 192, 71, 73, 48, 150, 77, 60]
R7[83, 70, 100, 120, 50, 103, 66, 32, 171, 79, 175, 121]
R8[33, 194, 31, 74, 196, 152, 189, 58, 55, 180, 28, 106]
R9[134, 35, 126, 97, 93, 149, 123, 21, 54, 75, 165, 88]
R10[64, 19, 146, 1, 181, 167, 139, 197, 136, 122, 34, 22, 49, 59]
R11[153, 113, 155, 13, 25, 52, 124, 143, 105, 118, 162, 56, 57, 133, 117, 127, 95, 147]
R12[116, 131, 98, 39, 72, 68, 87, 178, 109, 65, 172, 12]
R13[8, 119, 90, 45, 40, 3, 166, 111, 30, 144, 154, 14]
R14[184, 163, 179, 114, 24, 159, 78, 62, 89, 17, 142, 16, 82, 4, 41, 170]
R15[176, 84, 38, 112, 135, 169, 29, 91, 164, 20, 156, 102]
------------------------------------------
