 
------------------------------------------
CANTIDAD DE EJECUCIONES: 100
HEURÍSTICA DE CONSTRUCCIÓN: CMT
COSTO TOTAL: 3536.35
TOTAL DE RUTAS: 17
TIEMPO DE EJECUCIÓN: 606 milisegundos
 
R1[44, 131, 62, 76, 146, 102, 68]
R2[28, 120, 30, 19, 192, 74, 130, 97, 196, 149, 96]
R3[3, 88, 8, 98, 177, 186, 127, 157]
R4[22, 150, 38]
R5[175, 13, 43, 2, 113, 155, 67, 90, 78, 107, 39, 101, 17, 122, 139, 144]
R6[103, 197, 200, 148, 160, 147, 164, 91, 116, 66]
R7[46, 193, 5, 10, 128, 106, 167, 34, 95, 158, 190, 108, 121, 188, 165]
R8[198, 15, 59, 14, 152, 40, 105, 89, 169, 153, 26, 133, 48, 123, 87]
R9[172, 77, 25, 31, 80, 85, 41, 173, 20, 154, 178, 27, 24, 64, 100]
R10[124, 174, 51, 65, 189, 136, 94, 86, 115, 171, 32, 141, 69]
R11[161, 117, 7, 132, 185, 54, 18, 104, 49, 181, 35, 71, 58, 126]
R12[142, 151, 159, 114, 16, 140, 187, 63, 111, 56, 184, 199, 135, 37, 81]
R13[103, 70, 47, 12, 129, 6, 11, 73, 162, 110, 61, 179]
R14[72, 176, 143, 83, 118, 9, 53, 99, 57, 1, 33, 36]
R15[82, 180, 84, 191, 125, 4, 60, 119, 166, 93, 55, 183, 137, 138]
R16[182, 112, 168, 79, 29, 42, 156, 50, 109, 45, 134, 170, 145]
R17[21, 23, 52, 75, 92, 163, 194, 195]
------------------------------------------
