 
------------------------------------------
CANTIDAD DE EJECUCIONES: 100
HEURÍSTICA DE CONSTRUCCIÓN: SaveSequential
COSTO TOTAL: 2534.17
TOTAL DE RUTAS: 15
TIEMPO DE EJECUCIÓN: 673 milisegundos
 
R1[5, 10, 106, 193, 46, 128, 125, 191, 84, 180, 82, 4, 72, 60]
R2[200, 69, 141, 124, 174, 51, 94, 115, 86, 65, 171, 136, 189, 32]
R3[122, 11, 129, 147, 160, 47, 66, 164, 91, 70, 12]
R4[21, 23, 92, 52, 194, 163, 182, 75, 145, 195, 79, 168, 29]
R5[140, 187, 177, 88, 3, 8, 186, 127, 98, 157, 54, 18, 161]
R6[57, 118, 83, 143, 176, 36, 33, 121, 165, 188, 108, 190, 95, 34]
R7[153, 170, 134, 156, 112, 50, 42, 87, 123, 169, 89, 105, 15, 198]
R8[68, 19, 192, 196, 97, 59, 14, 152, 40, 26, 96, 130, 28, 74]
R9[37, 58, 104, 185, 132, 7, 181, 117, 49, 142, 16, 151, 111, 63]
R10[178, 173, 80, 85, 31, 25, 172, 77, 41, 110, 197, 103, 148]
R11[48, 27, 61, 100, 64, 154, 24, 20, 162, 116, 6, 73, 139]
R12[93, 55, 135, 184, 56, 114, 159, 150, 22, 38, 199, 81, 138, 137, 183]
R13[53, 99, 1, 9, 71, 126, 35, 166, 119, 144, 101, 158, 167, 43, 13]
R14[149, 133, 109, 45, 179, 113, 78, 155, 175, 2, 90, 67, 17, 39, 107]
R15[76, 30, 120, 146, 102, 44, 131, 62]
------------------------------------------
