 
------------------------------------------
CANTIDAD DE EJECUCIONES: 100
HEURÍSTICA DE CONSTRUCCIÓN: NearestNeighborWithRLC
COSTO TOTAL: 9037.71
TOTAL DE RUTAS: 16
TIEMPO DE EJECUCIÓN: 638 milisegundos
 
R1[200, 199, 196, 1, 184, 198, 195, 194, 192, 187, 177, 3, 190, 158]
R2[167, 191, 193, 106, 176, 143, 165, 188, 180, 84, 128, 121, 118, 108, 166]
R3[183, 185, 4, 125, 144, 181, 186, 175, 155, 139, 6, 5, 197, 189]
R4[179, 178, 7, 161, 8, 159, 157, 150, 151, 182, 174, 173, 2, 129]
R5[172, 162, 9, 146, 11, 164, 160, 148, 147, 91, 141]
R6[136, 154, 171, 124, 122, 116, 149, 170, 12, 113, 78, 107, 10, 152]
R7[40, 169, 105, 168, 14, 13, 156, 15, 16, 153, 17, 138, 142, 163, 145, 19]
R8[134, 133, 20, 140, 137, 135, 117, 127, 98, 88, 114, 63, 132]
R9[131, 126, 130, 120, 112, 123, 96, 119, 111, 104, 109, 21]
R10[23, 102, 100, 64, 110, 103, 115, 99, 18, 93, 22, 101, 95]
R11[97, 24, 25, 85, 87, 92, 26, 59, 89, 28, 76, 74, 68]
R12[62, 90, 73, 94, 86, 27, 80, 77, 66, 70, 67, 71, 83]
R13[30, 81, 29, 79, 31, 32, 65, 61, 69, 33, 36]
R14[72, 82, 34, 60, 58, 55, 37, 35, 57, 53, 39, 56, 38]
R15[54, 75, 50, 52, 41, 42, 44, 49, 45, 51, 48, 43]
R16[46, 47]
------------------------------------------
