 
------------------------------------------
CANTIDAD DE EJECUCIONES: 100
HEURÍSTICA DE CONSTRUCCIÓN: RandomMethod
COSTO TOTAL: 14715.0
TOTAL DE RUTAS: 16
TIEMPO DE EJECUCIÓN: 61 milisegundos
 
R1[18, 161, 102, 61, 139, 62, 134, 104, 140, 194, 187, 113, 94, 57, 122]
R2[85, 26, 20, 168, 23, 110, 170, 93, 180, 83, 77, 148]
R3[75, 45, 137, 157, 186, 47, 128, 70, 39, 43, 117, 53, 98, 120, 125]
R4[174, 36, 193, 49, 54, 126, 141, 160, 191, 106, 146, 90]
R5[166, 109, 199, 56, 200, 185, 159, 40, 196, 16, 22, 112, 6, 17, 89]
R6[35, 12, 162, 15, 154, 165, 114, 144, 138, 4, 130, 124, 29, 73, 101]
R7[164, 190, 163, 42, 105, 38, 149, 74, 69, 131, 14, 86, 145, 99]
R8[5, 51, 27, 80, 2, 155, 21, 118, 71, 66, 172, 87, 183]
R9[7, 9, 97, 182, 158, 19, 167, 181, 123, 91, 171]
R10[103, 132, 10, 129, 169, 63, 52, 55, 84, 142, 96]
R11[24, 11, 177, 153, 33, 3, 195, 48, 82, 67, 133, 121, 188, 147]
R12[76, 88, 135, 34, 1, 8, 151, 95, 92, 150, 198, 59, 116]
R13[78, 64, 184, 37, 44, 111, 81, 79, 136, 50, 175, 197, 100]
R14[72, 143, 115, 68, 127, 25, 30, 46, 178, 108, 13, 119, 179]
R15[152, 189, 192, 65, 31, 60, 156, 41, 58, 32, 28, 107, 176]
R16[173]
------------------------------------------
