 
------------------------------------------
CANTIDAD DE EJECUCIONES: 100
HEURÍSTICA DE CONSTRUCCIÓN: RandomMethod
COSTO TOTAL: 14670.61
TOTAL DE RUTAS: 15
TIEMPO DE EJECUCIÓN: 60 milisegundos
 
R1[84, 126, 17, 58, 37, 105, 114, 47, 164, 172, 76, 173, 44, 150, 71]
R2[62, 95, 41, 92, 7, 115, 72, 25, 157, 42, 112, 86, 149]
R3[158, 125, 180, 148, 179, 99, 199, 196, 31, 186, 177, 53, 60, 174]
R4[145, 163, 153, 142, 10, 91, 35, 119, 6, 159, 19, 57, 102, 192]
R5[138, 195, 51, 107, 183, 111, 70, 79, 89, 48, 135, 113, 101]
R6[5, 46, 193, 1, 15, 156, 160, 94, 185, 161, 154, 66]
R7[64, 38, 32, 190, 52, 136, 124, 69, 117, 26, 170, 39, 34, 29, 23, 106]
R8[28, 182, 121, 43, 36, 123, 8, 82, 165, 187, 137, 81, 147, 184]
R9[93, 9, 122, 141, 83, 16, 171, 191, 109, 134, 162, 116, 96]
R10[55, 21, 168, 110, 197, 4, 175, 45, 131, 75, 127]
R11[2, 50, 97, 194, 61, 33, 181, 152, 27, 128, 178]
R12[146, 59, 139, 54, 103, 49, 166, 132, 65, 130, 78]
R13[56, 118, 14, 18, 77, 133, 129, 140, 151, 63, 85, 120, 88, 22, 40]
R14[90, 68, 169, 80, 200, 98, 12, 3, 11, 189, 74, 167, 67, 13, 108]
R15[104, 198, 30, 144, 100, 73, 176, 155, 20, 188, 87, 24, 143]
------------------------------------------
