 
------------------------------------------
CANTIDAD DE EJECUCIONES: 100
HEURÍSTICA DE CONSTRUCCIÓN: NearestNeighborWithRLC
COSTO TOTAL: 9473.83
TOTAL DE RUTAS: 15
TIEMPO DE EJECUCIÓN: 547 milisegundos
 
R1[175, 200, 198, 199, 196, 1, 190, 188, 193, 191, 180, 84, 82, 176, 187, 195]
R2[197, 192, 3, 194, 186, 4, 165, 167, 166, 184, 185, 183]
R3[5, 158, 143, 6, 189, 179, 7, 161, 157, 177, 159, 182, 2, 178, 181]
R4[132, 155, 173, 9, 146, 8, 172, 162, 174, 171]
R5[164, 147, 129, 139, 160, 116, 73, 122, 154, 153, 170, 168, 156]
R6[152, 150, 10, 128, 125, 11, 12, 149, 133, 169, 89, 105, 15, 163, 151]
R7[145, 142, 140, 138, 13, 144, 137, 135, 126, 119, 131, 134, 123, 130]
R8[97, 14, 120, 113, 107, 148, 141, 136, 16, 127, 117, 104, 17, 109, 100, 64]
R9[61, 110, 124, 103, 121, 118, 114, 112, 96, 74, 102, 76]
R10[111, 101, 19, 68, 99, 108, 115, 106, 98, 93, 20, 95, 18, 88]
R11[21, 92, 87, 79, 85, 80, 94, 91, 86, 77, 90, 83, 22, 23, 59]
R12[24, 45, 41, 31, 70, 25, 27, 78, 26, 28, 30, 75]
R13[81, 71, 29, 69, 66, 67, 72, 63, 60, 57, 33, 46]
R14[34, 36, 35, 55, 62, 56, 37, 58, 49, 54, 44, 53]
R15[39, 47, 51, 32, 65, 48, 52, 40, 38, 42, 50, 43]
------------------------------------------
