 
------------------------------------------
CANTIDAD DE EJECUCIONES: 100
HEURÍSTICA DE CONSTRUCCIÓN: NearestNeighborWithRLC
COSTO TOTAL: 8904.08
TOTAL DE RUTAS: 15
TIEMPO DE EJECUCIÓN: 547 milisegundos
 
R1[200, 197, 198, 1, 199, 196, 2, 193, 190, 158, 167, 191, 125, 188]
R2[192, 195, 3, 5, 184, 194, 187, 186, 185, 181, 117, 183]
R3[180, 84, 82, 4, 176, 179, 178, 175, 155, 173, 172, 189, 182, 170, 177, 161]
R4[132, 7, 157, 159, 151, 8, 169, 174, 171, 6, 11, 165]
R5[143, 9, 144, 138, 166, 135, 150, 10, 164, 160, 13, 14]
R6[152, 153, 105, 163, 156, 145, 168, 134, 162, 12, 154, 149, 15, 146]
R7[142, 114, 140, 137, 16, 111, 98, 127, 131, 139, 148, 17, 129, 141, 136]
R8[147, 133, 123, 120, 30, 130, 97, 126, 121, 122, 128, 119, 18, 113, 116, 110]
R9[19, 20, 21, 112, 109, 100, 124, 115, 103, 118, 22]
R10[24, 25, 85, 107, 90, 108, 106, 102, 26, 96, 92, 23, 89, 59]
R11[40, 74, 28, 29, 101, 27, 99, 31, 95, 46, 36, 104, 33]
R12[93, 91, 94, 86, 65, 51, 87, 32, 80, 79, 81, 37, 88, 58, 63, 38]
R13[35, 34, 39, 83, 41, 77, 42, 76, 68, 62, 78, 67, 73]
R14[70, 69, 43, 71, 72, 60, 57, 66, 47, 64, 45, 48]
R15[61, 50, 44, 75, 52, 49, 55, 54, 53, 56]
------------------------------------------
