 
------------------------------------------
CANTIDAD DE EJECUCIONES: 100
HEURÍSTICA DE CONSTRUCCIÓN: CMT
COSTO TOTAL: 3624.84
TOTAL DE RUTAS: 17
TIEMPO DE EJECUCIÓN: 624 milisegundos
 
R1[79, 29]
R2[169, 89, 153, 105]
R3[21, 92, 23, 182, 75, 163, 194, 52, 195, 145]
R4[80, 85, 173, 178, 27, 45, 64, 41, 154, 100, 109, 179]
R5[198, 26, 14, 133, 130, 59, 15, 152, 40, 48, 96]
R6[122, 43, 13, 175, 2, 90, 67, 155, 78, 39, 113, 107]
R7[168, 87, 112, 156, 50, 134, 42, 170, 123]
R8[192, 19, 196, 97, 28, 30, 74, 120, 146, 68, 102, 44, 131]
R9[197, 200, 69, 141, 124, 174, 51, 171, 94, 103, 136, 148]
R10[99, 53, 93, 55, 135, 37, 81, 62, 183, 137, 138, 199, 17, 101, 9]
R11[150, 38, 22, 140, 187, 16, 159, 151, 114, 111, 142, 63, 177, 3, 56]
R12[70, 189, 65, 115, 86, 32, 160, 47, 91, 164, 147]
R13[6, 116, 129, 11, 73, 139, 66, 12]
R14[31, 25, 172, 77, 110, 162, 20, 24, 61, 149, 76]
R15[144, 1, 184, 58, 71, 126, 119, 35, 166, 157, 98, 88, 161, 18, 104]
R16[4, 185, 132, 54, 127, 186, 8, 117, 181, 49, 7, 84, 128]
R17[5, 10, 33, 34, 36, 46, 57, 60, 72, 82, 83, 95, 106, 108, 118, 121, 125, 143, 158, 165, 167, 176, 180, 188, 190, 191, 193]
------------------------------------------
