 
------------------------------------------
CANTIDAD DE EJECUCIONES: 100
HEURÍSTICA DE CONSTRUCCIÓN: Sweep
COSTO TOTAL: 7372.82
TOTAL DE RUTAS: 15
TIEMPO DE EJECUCIÓN: 143 milisegundos
 
R1[149, 169, 198, 14, 145, 89, 105, 10, 59, 195, 130, 194, 52, 96, 74]
R2[15, 163, 92, 75, 28, 97, 23, 182, 190, 30, 76]
R3[120, 196, 46, 21, 68, 193, 192, 19, 62, 131, 146, 102, 44]
R4[108, 121, 188, 165, 118, 33, 101, 36, 57, 99, 1, 176, 144, 53]
R5[143, 9, 83, 71, 119, 126, 183, 166, 137, 138, 81, 38, 199, 35, 150, 22, 114]
R6[159, 37, 56, 93, 184, 151, 16, 135, 111, 63, 142, 55]
R7[140, 125, 187, 58, 191, 4, 72, 177, 157, 161, 49, 98, 3, 82, 104, 18]
R8[117, 88, 181, 8, 185, 84, 54, 60, 186, 127, 7]
R9[180, 132, 86, 115, 94, 65, 51, 171, 32, 174, 189, 136]
R10[124, 197, 141, 103, 148, 69, 200, 160, 147, 47, 66]
R11[164, 91, 70, 12, 116, 129, 11, 122, 6, 73, 139, 162]
R12[110, 172, 25, 77, 31, 80, 85, 41, 20, 24, 61, 100, 154, 64]
R13[179, 43, 13, 167, 27, 173, 109, 45, 113, 29, 178, 87, 2, 79]
R14[175, 168, 34, 155, 42, 112, 123, 50, 156, 90, 78, 67, 48, 107, 134]
R15[95, 170, 39, 133, 153, 128, 106, 40, 26, 152, 158, 17, 5]
------------------------------------------
