 
------------------------------------------
CANTIDAD DE EJECUCIONES: 100
HEURÍSTICA DE CONSTRUCCIÓN: NearestNeighborWithRLC
COSTO TOTAL: 9022.32
TOTAL DE RUTAS: 15
TIEMPO DE EJECUCIÓN: 554 milisegundos
 
R1[175, 2, 193, 190, 191, 188, 176, 180, 167, 165, 166, 144, 199, 187, 198]
R2[200, 197, 196, 1, 192, 3, 186, 195, 194, 184, 4, 143]
R3[6, 7, 183, 138, 137, 185, 161, 157, 181, 132, 159, 8, 179]
R4[189, 174, 173, 182, 177, 151, 150, 5, 10, 9, 178, 11, 172, 170, 168]
R5[169, 162, 164, 171, 13, 160, 14, 156, 12, 155, 158, 128]
R6[149, 152, 163, 145, 16, 146, 17, 154, 133, 130, 120, 131, 153, 148, 147, 141]
R7[142, 18, 135, 127, 140, 117, 126, 129, 136, 134, 123, 15, 19, 114, 119]
R8[139, 21, 112, 116, 124, 122, 125, 22, 23, 24, 100, 110, 25, 85]
R9[109, 45, 64, 102, 107, 90, 118, 20, 80, 96, 97, 105, 89]
R10[59, 40, 26, 48, 87, 92, 52, 79, 77, 61, 27, 68, 76]
R11[113, 121, 115, 94, 29, 74, 28, 111, 108, 31, 106, 95, 101, 99]
R12[30, 103, 86, 91, 32, 78, 73, 69, 83, 72, 33, 84]
R13[34, 82, 36, 60, 57, 104, 88, 58, 98, 93, 81, 71, 67, 37, 35]
R14[38, 63, 39, 70, 66, 65, 41, 62, 53, 55, 54]
R15[75, 42, 56, 49, 43, 46, 44, 50, 47, 51]
------------------------------------------
