 
------------------------------------------
CANTIDAD DE EJECUCIONES: 100
HEURÍSTICA DE CONSTRUCCIÓN: RandomMethod
COSTO TOTAL: 14959.28
TOTAL DE RUTAS: 15
TIEMPO DE EJECUCIÓN: 94 milisegundos
 
R1[64, 92, 60, 112, 107, 77, 164, 23, 173, 43, 108, 38, 70]
R2[170, 62, 18, 26, 89, 8, 111, 7, 72, 153, 199, 159]
R3[79, 75, 10, 76, 3, 196, 80, 54, 59, 191, 24, 65]
R4[120, 67, 36, 106, 185, 22, 128, 147, 183, 152, 102, 91, 66]
R5[20, 81, 178, 174, 30, 176, 61, 85, 114, 35, 160]
R6[52, 165, 45, 13, 181, 195, 200, 190, 188, 184, 48, 9, 104, 88]
R7[129, 105, 11, 154, 42, 100, 175, 1, 98, 135, 144, 182, 6, 53, 12]
R8[177, 68, 27, 172, 138, 96, 58, 198, 155, 34, 150, 90, 156, 126, 2, 157, 142]
R9[87, 74, 41, 86, 78, 151, 134, 161, 50, 40, 148, 31, 49, 19]
R10[146, 84, 140, 113, 119, 47, 39, 82, 121, 37, 186, 99, 166, 83, 189]
R11[171, 116, 125, 118, 122, 143, 180, 57, 127, 97, 179, 192, 25]
R12[162, 55, 44, 5, 194, 132, 4, 136, 115, 73]
R13[15, 32, 149, 145, 133, 110, 163, 16, 123, 131, 117, 141, 124, 137, 139, 29]
R14[71, 63, 17, 56, 101, 93, 169, 69, 193, 51, 158, 130, 95, 167, 14]
R15[28, 109, 46, 94, 197, 187, 168, 21, 33, 103]
------------------------------------------
