 
------------------------------------------
CANTIDAD DE EJECUCIONES: 100
HEURÍSTICA DE CONSTRUCCIÓN: NearestNeighborWithRLC
COSTO TOTAL: 9125.78
TOTAL DE RUTAS: 16
TIEMPO DE EJECUCIÓN: 588 milisegundos
 
R1[179, 1, 193, 200, 197, 189, 198, 199, 2, 196, 194, 192, 3]
R2[190, 191, 125, 180, 5, 6, 195, 184, 187, 177, 188, 183, 185, 186, 161]
R3[132, 181, 157, 178, 176, 165, 158, 7, 166, 4, 175, 155, 9, 167, 106, 10]
R4[11, 164, 172, 182, 170, 173, 169, 168, 12, 162, 160, 13]
R5[174, 171, 163, 159, 8, 150, 146, 149, 156, 154, 15, 16]
R6[142, 151, 140, 144, 138, 135, 143, 128, 147, 153, 152, 40, 145]
R7[148, 14, 133, 134, 141, 139, 137, 126, 18, 127, 17, 129, 136, 131, 20]
R8[19, 123, 21, 23, 24, 120, 130, 97, 112, 92, 110, 124, 116, 113]
R9[122, 109, 121, 119, 118, 117, 22, 26, 102, 105, 100, 64, 85, 25, 80]
R10[87, 89, 59, 76, 96, 74, 27, 68, 62, 114, 111, 104]
R11[108, 107, 99, 101, 98, 93, 95, 90, 91, 103, 94, 86, 29, 28, 79, 81]
R12[31, 77, 78, 73, 69, 115, 65, 51, 70, 67, 71, 83]
R13[33, 84, 82, 72, 60, 57, 36, 46, 66, 32, 61]
R14[75, 63, 58, 56, 30, 88, 54, 55, 37, 35]
R15[49, 53, 44, 48, 52, 45, 50, 41, 34, 38, 42, 47, 43]
R16[39]
------------------------------------------
