 
------------------------------------------
CANTIDAD DE EJECUCIONES: 100
HEURÍSTICA DE CONSTRUCCIÓN: NearestNeighborWithRLC
COSTO TOTAL: 8959.98
TOTAL DE RUTAS: 16
TIEMPO DE EJECUCIÓN: 548 milisegundos
 
R1[175, 200, 197, 189, 199, 187, 177, 3, 2, 190, 193, 106, 188, 165, 176]
R2[121, 143, 118, 191, 128, 46, 10, 5, 180, 167, 158, 125, 4]
R3[183, 198, 1, 196, 6, 179, 7, 192, 9, 185, 195, 182, 178, 194]
R4[172, 184, 181, 161, 11, 174, 12, 164, 173, 162, 160]
R5[155, 166, 186, 157, 169, 170, 168, 156, 163, 159, 154, 171, 148, 153, 149]
R6[146, 133, 130, 97, 152, 40, 26, 151, 8, 142, 144]
R7[138, 13, 147, 14, 105, 150, 38, 22, 140, 137, 132, 127, 117, 131, 135, 126]
R8[119, 101, 99, 114, 15, 16, 111, 120, 145, 141, 136, 17, 139, 134, 19, 123]
R9[96, 112, 89, 109, 129, 124, 122, 113, 110, 77, 116, 115]
R10[103, 94, 91, 107, 100, 108, 18, 102, 93, 21, 87, 79]
R11[52, 23, 92, 85, 20, 80, 41, 25, 31, 74, 76, 44]
R12[62, 68, 30, 28, 64, 61, 90, 83, 95, 84, 24, 78, 73, 27, 81]
R13[104, 98, 88, 82, 86, 65, 51, 29, 32, 69, 33, 34, 35]
R14[55, 37, 72, 39, 67, 43, 45, 70, 47, 48]
R15[59, 42, 75, 71, 66, 36, 57, 53, 49, 63, 56]
R16[54, 60, 58, 50]
------------------------------------------
