 
------------------------------------------
HEURÍSTICA DE CONSTRUCCIÓN: SaveSequential
COSTO TOTAL: 2968.73
TOTAL DE RUTAS: 18
TIEMPO DE EJECUCIÓN: 16.669989347457886
 
R1[21, 182, 163, 75, 194, 145, 195, 52, 92, 23]
R2[108, 84, 180, 82, 4, 191, 125, 72, 60, 176, 143]
R3[153, 170, 134, 50, 156, 112, 168, 79, 29, 87, 42, 123]
R4[26, 14, 198, 40, 152, 169, 89, 105, 15, 59, 96, 130]
R5[57, 83, 36, 33, 121, 165, 188, 193, 46, 128, 106, 10]
R6[80, 48, 133, 149, 74, 28, 19, 192, 196, 97, 196, 30, 68]
R7[34, 167, 5, 95, 158, 190, 118, 119, 166, 35, 7, 181]
R8[32, 65, 115, 86, 94, 51, 171, 174, 136, 189, 124, 141]
R9[110, 172, 25, 31, 85, 41, 77, 69, 200, 197]
R10[148, 103, 160, 47, 66, 147, 164, 91]
R11[67, 175, 90, 2, 43, 13, 122, 11, 129, 12, 70, 116]
R12[154, 24, 20, 162, 73, 6, 139, 113, 155, 78, 39, 17]
R13[127, 186, 3, 88, 177, 187, 140, 22, 44, 146, 102]
R14[117, 161, 18, 132, 185, 104, 54, 8, 98, 157, 16]
R15[38, 150, 159, 151, 142, 111, 63, 114, 56, 58, 49, 135]
R16[109, 64, 100, 61, 173, 76, 45, 179, 178, 27, 178]
R17[101, 144, 126, 71, 9, 1, 99, 53, 93, 55, 184, 37]
R18[107, 183, 137, 81, 138, 131, 62]
------------------------------------------
