 
------------------------------------------
HEURÍSTICA DE CONSTRUCCIÓN: Sweep
COSTO TOTAL: 2326.11
TOTAL DE RUTAS: 3
TIEMPO DE EJECUCIÓN: 0.8180022239685059
 
R1[19, 4, 30, 69, 23, 27, 26, 59, 8, 11, 31, 58, 65, 38, 56, 51, 43, 9, 39, 46, 70, 20, 44, 60, 61]
R2[34, 52, 2, 6, 3, 29, 62, 45, 18, 25, 63, 55, 15, 66, 48, 14, 12, 68, 73, 28, 67, 13, 75, 47, 41, 22, 36, 42]
R3[10, 53, 74, 64, 40, 33, 72, 32, 57, 49, 35, 50, 16, 54, 1, 21, 5, 17, 7, 71, 37, 24]
------------------------------------------
