 
------------------------------------------
HEURÍSTICA DE CONSTRUCCIÓN: Sweep
COSTO TOTAL: 2250.67
TOTAL DE RUTAS: 3
TIEMPO DE EJECUCIÓN: 0.8797461986541748
 
R1[72, 12, 21, 51, 25, 9, 10, 3, 7, 66, 58, 37, 38, 31, 29, 17, 40, 41, 32, 62, 54, 19, 18, 53, 42]
R2[5, 26, 50, 44, 74, 67, 75, 13, 59, 14, 68, 73, 27, 36, 57, 65, 60, 71, 33, 47, 30, 28, 56, 55, 16, 34, 45]
R3[15, 8, 63, 52, 43, 39, 70, 48, 46, 35, 2, 6, 24, 23, 4, 11, 1, 64, 22, 49, 61, 20, 69]
------------------------------------------
