 
------------------------------------------
HEURÍSTICA DE CONSTRUCCIÓN: Sweep
COSTO TOTAL: 2306.63
TOTAL DE RUTAS: 3
TIEMPO DE EJECUCIÓN: 0.8991332054138184
 
R1[15, 71, 74, 46, 59, 35, 26, 32, 42, 61, 62, 64, 36, 8, 70, 69, 75, 1, 52, 48, 31, 33, 49, 65, 53, 14, 10]
R2[58, 68, 2, 20, 18, 25, 11, 7, 60, 66, 16, 57, 67, 38, 45, 21, 56, 63, 37, 17, 12, 54, 5]
R3[28, 22, 47, 41, 6, 29, 39, 43, 4, 55, 51, 27, 9, 23, 30, 3, 72, 19, 13, 44, 73, 24, 40, 34, 50]
------------------------------------------
