 
------------------------------------------
CANTIDAD DE EJECUCIONES: 100
HEURÍSTICA DE CONSTRUCCIÓN: NearestNeighborWithRLC
COSTO TOTAL: 59180.06
TOTAL DE RUTAS: 52
TIEMPO DE EJECUCIÓN: 6769 milisegundos
 
R1[598, 582, 600, 599, 1, 597, 2, 589, 578, 581]
R2[587, 3, 577, 593, 4, 5, 567, 555, 585, 401, 386, 6, 8, 537]
R3[590, 596, 594, 595, 592, 591, 588, 576, 568, 584, 573, 586, 583]
R4[7, 554, 10, 9, 579, 571, 580, 575, 572, 551, 548, 574, 566, 569, 570]
R5[565, 562, 560, 564, 563, 561, 559, 556, 553, 558, 557, 12]
R6[541, 546, 552, 539, 11, 542, 550, 549, 547, 544, 543]
R7[13, 545, 14, 540, 525, 528, 527, 538, 518]
R8[15, 532, 536, 535, 16, 534, 530, 531, 529, 533, 17, 517, 511]
R9[524, 526, 523, 516, 522, 515, 18, 510, 19, 521]
R10[506, 21, 519, 495, 514, 513, 520, 509, 512, 507, 508]
R11[502, 505, 501, 504, 500, 503, 471, 499, 498, 493, 491, 496]
R12[497, 492, 384, 354, 490, 419, 494, 20, 489, 487, 447]
R13[488, 481, 23, 472, 485, 459, 22, 479, 478, 486, 24]
R14[480, 482, 470, 467, 461, 455, 402, 361, 484, 476, 475, 474]
R15[464, 463, 468, 452, 466, 26, 483, 27, 451, 457, 450, 441]
R16[410, 387, 246, 232, 204, 292, 174, 25, 473, 28, 469, 29]
R17[477, 465, 30, 445, 458, 406, 454, 456, 462, 31, 446, 448, 444]
R18[460, 33, 442, 449, 34, 436, 373, 165, 439, 432]
R19[35, 428, 36, 420, 434, 443, 435, 437, 431]
R20[430, 453, 440, 413, 383, 409, 407, 438, 37, 398]
R21[380, 433, 429, 425, 424, 426, 427, 385, 403, 374, 399, 417]
R22[421, 32, 415, 423, 418, 38, 39, 404, 422, 416, 414, 412, 342]
R23[411, 408, 405, 40, 400, 395, 397, 371, 396, 394]
R24[393, 391, 390, 389, 388, 392, 41, 381, 382, 370, 87]
R25[378, 377, 375, 376, 360, 355, 372, 367, 368, 366, 365, 369]
R26[379, 351, 362, 359, 357, 343, 358, 350, 363, 42, 356, 44, 348, 345, 352]
R27[353, 349, 347, 43, 338, 333, 332, 364, 329, 340, 334, 344]
R28[337, 331, 346, 341, 269, 336, 323, 322, 330, 194, 229, 222]
R29[179, 45, 313, 321, 312, 247, 339, 326, 335, 46, 220, 49]
R30[327, 320, 289, 318, 317, 47, 324, 319, 328, 311]
R31[309, 308, 48, 316, 315, 304, 50, 303, 325, 306, 314, 310, 302]
R32[307, 51, 301, 291, 305, 298, 296, 284, 294, 52, 293, 53, 290, 300]
R33[288, 299, 286, 55, 295, 297, 283, 279, 273, 211, 276]
R34[287, 285, 282, 280, 281, 274, 271, 277, 278, 265, 270, 266]
R35[263, 262, 56, 261, 268, 57, 258, 252, 256, 267, 54]
R36[272, 260, 58, 255, 251, 244, 197, 238, 224, 250]
R37[264, 254, 257, 243, 231, 248, 59, 60, 61, 242, 63]
R38[241, 245, 275, 249, 240, 237, 230, 212, 210, 207, 225, 215, 223]
R39[178, 64, 66, 221, 236, 62, 253, 65, 259, 217]
R40[68, 235, 234, 226, 228, 67, 233, 239, 69, 213, 198, 219, 70, 227, 218]
R41[209, 216, 205, 191, 214, 208, 186, 71, 202, 206, 203, 200]
R42[72, 201, 199, 196, 195, 74, 193, 192, 190, 182, 176]
R43[188, 180, 189, 185, 187, 170, 159, 183, 184]
R44[175, 177, 166, 181, 76, 158, 167, 160, 73, 75, 163, 154, 78, 77]
R45[169, 173, 79, 171, 80, 162, 172, 168, 164, 157, 161, 145, 155, 139, 156]
R46[152, 153, 83, 146, 81, 149, 151, 84, 136, 132]
R47[105, 82, 148, 144, 147, 142, 141, 85, 130, 129, 138]
R48[86, 90, 150, 143, 137, 134, 89, 119, 126, 118, 120, 88, 140]
R49[133, 91, 135, 122, 131, 92, 127, 125, 124, 128, 110]
R50[112, 123, 115, 121, 93, 117, 94, 108, 96, 114, 113, 111]
R51[109, 107, 98, 106, 116, 104, 102, 103, 97, 99, 101]
R52[95, 100]
------------------------------------------
