 
------------------------------------------
CANTIDAD DE EJECUCIONES: 100
HEURÍSTICA DE CONSTRUCCIÓN: RandomMethod
COSTO TOTAL: 87577.86
TOTAL DE RUTAS: 52
TIEMPO DE EJECUCIÓN: 89 milisegundos
 
R1[516, 505, 222, 184, 483, 70, 77, 535, 304, 368, 118, 448]
R2[420, 486, 197, 268, 332, 408, 173, 532, 255, 319, 526, 553, 453]
R3[600, 436, 205, 76, 109, 347, 113, 24, 198, 369, 573]
R4[260, 162, 572, 164, 487, 446, 372, 239, 392, 576, 63, 380, 488, 247, 363, 246]
R5[69, 281, 501, 17, 249, 515, 394, 277, 179, 215, 355, 80]
R6[459, 5, 235, 199, 193, 581, 538, 350, 383, 543, 279, 48]
R7[115, 12, 175, 593, 39, 452, 536, 317, 22, 564, 101, 223]
R8[318, 241, 72, 134, 357, 432, 474, 440, 419, 461, 478, 400, 339]
R9[484, 331, 209, 147, 306, 117, 129, 499, 509, 552, 382, 300]
R10[498, 365, 422, 429, 409, 123, 236, 376, 398, 75, 230, 361, 272, 208]
R11[414, 40, 517, 66, 367, 158, 218, 424, 314, 88, 353, 201]
R12[98, 276, 327, 172, 81, 282, 443, 141, 146, 111]
R13[467, 294, 309, 588, 7, 133, 444, 471, 192, 595, 557]
R14[254, 441, 204, 575, 19, 195, 288, 31, 220, 333, 349, 496, 143, 559, 219]
R15[569, 73, 577, 330, 42, 462, 345, 216, 396, 312, 261, 565, 280]
R16[87, 267, 289, 33, 41, 50, 598, 597, 257, 93, 53, 554, 468]
R17[58, 431, 105, 210, 393, 213, 584, 599, 592, 541, 92, 351, 244, 310]
R18[324, 354, 60, 343, 271, 384, 370, 269, 362, 59, 503, 145]
R19[36, 510, 387, 558, 217, 44, 152, 55, 200, 206]
R20[74, 494, 38, 566, 527, 346, 15, 449, 278, 313, 489]
R21[470, 550, 301, 326, 539, 385, 590, 325, 524, 544, 149]
R22[189, 469, 106, 286, 410, 506, 403, 57, 316, 9, 578, 125]
R23[523, 107, 71, 178, 507, 500, 302, 594, 49, 334, 8, 296, 221]
R24[3, 442, 406, 548, 439, 328, 451, 165, 290, 11, 207]
R25[485, 112, 482, 513, 78, 148, 46, 16, 82, 395]
R26[26, 95, 529, 45, 528, 438, 90, 97, 427, 157]
R27[435, 329, 65, 464, 182, 176, 401, 23, 378, 102, 274, 47]
R28[240, 226, 390, 428, 56, 586, 250, 477, 287, 83, 94, 137]
R29[391, 104, 136, 323, 460, 228, 545, 114, 519]
R30[293, 522, 520, 243, 169, 336, 455, 140]
R31[322, 416, 10, 34, 211, 292, 295, 284, 263, 231]
R32[233, 371, 245, 426, 388, 27, 303, 14, 51, 421]
R33[479, 25, 540, 480, 542, 100, 337, 214, 340, 562, 202, 579, 454, 212]
R34[342, 29, 128, 191, 283, 321, 35, 571, 563, 159, 150, 298]
R35[177, 404, 62, 186, 270, 437, 561, 512, 570, 116]
R36[242, 568, 580, 366, 508, 425, 20, 502, 43, 52, 589, 265]
R37[537, 174, 264, 596, 21, 188, 234, 163, 305, 190, 567, 359, 531]
R38[504, 407, 379, 91, 297, 127, 521, 132, 447, 490, 273]
R39[61, 194, 465, 203, 457, 587, 37, 497, 86, 445, 96, 227]
R40[582, 121, 67, 166, 415, 374, 458, 225, 1, 181, 381, 530]
R41[514, 28, 232, 360, 352, 473, 160, 475, 549, 547, 493, 534, 591]
R42[418, 54, 463, 238, 386, 411, 335, 556, 275]
R43[399, 495, 124, 196, 153, 402, 138, 397, 585, 364, 266, 224]
R44[358, 126, 481, 320, 433, 344, 85, 338, 307]
R45[237, 89, 412, 560, 583, 248, 2, 491, 64]
R46[183, 131, 68, 187, 252, 99, 308, 492, 356, 417, 258]
R47[434, 518, 170, 122, 574, 315, 135, 262, 373, 551, 299]
R48[377, 180, 161, 430, 13, 168, 229, 466, 311, 108, 167, 472]
R49[291, 154, 525, 341, 103, 18, 389, 79, 405, 348, 142, 450, 84]
R50[120, 259, 139, 533, 110, 171, 251, 423, 285, 555, 155, 130, 511, 119, 253]
R51[413, 6, 476, 144, 256, 4, 185, 32, 375, 156, 30]
R52[546, 456, 151]
------------------------------------------
