 
------------------------------------------
CANTIDAD DE EJECUCIONES: 100
HEURÍSTICA DE CONSTRUCCIÓN: RandomMethod
COSTO TOTAL: 88104.67
TOTAL DE RUTAS: 52
TIEMPO DE EJECUCIÓN: 72 milisegundos
 
R1[522, 440, 256, 416, 234, 54, 46, 432, 39, 431, 419, 340, 137, 208]
R2[171, 193, 37, 328, 298, 231, 425, 108, 209, 155, 572, 393, 146]
R3[141, 34, 90, 562, 391, 269, 428, 311, 434, 405, 83]
R4[13, 528, 285, 418, 455, 1, 59, 499, 176, 374, 350, 247]
R5[429, 280, 319, 187, 395, 537, 120, 452, 578, 469, 150, 489]
R6[35, 556, 259, 122, 261, 116, 142, 194, 575, 15, 589, 342, 211]
R7[50, 557, 598, 476, 504, 414, 272, 441, 360, 152, 290]
R8[235, 316, 250, 478, 31, 498, 251, 349, 66, 271, 294, 365, 283, 446, 573]
R9[386, 379, 240, 291, 466, 7, 409, 444, 375, 467, 293, 363, 47]
R10[245, 157, 45, 486, 270, 392, 93, 523, 57, 535, 61, 325]
R11[491, 443, 449, 58, 512, 563, 2, 337, 72]
R12[165, 594, 149, 276, 507, 558, 323, 397, 320, 353, 297, 401]
R13[49, 295, 151, 388, 18, 548, 307, 81, 41]
R14[329, 162, 131, 117, 442, 103, 101, 481, 439, 5]
R15[596, 63, 292, 87, 188, 164, 118, 415, 462, 543, 161]
R16[48, 221, 145, 346, 430, 109, 181, 226, 25, 300, 492, 29, 380, 88]
R17[230, 239, 129, 505, 227, 156, 75, 398, 579, 468, 11, 30]
R18[517, 413, 338, 23, 115, 253, 336, 473, 403, 267, 123]
R19[376, 96, 348, 302, 533, 14, 140, 417, 100, 4, 367]
R20[381, 214, 373, 493, 124, 243, 225, 506, 519, 526]
R21[470, 143, 461, 68, 242, 27, 447, 110, 273, 186]
R22[206, 515, 406, 364, 266, 335, 74, 163, 485, 21]
R23[411, 144, 591, 236, 166, 86, 390, 148, 582]
R24[92, 394, 8, 147, 541, 341, 213, 399, 549, 590, 119, 313, 580]
R25[170, 370, 195, 408, 232, 229, 174, 190, 53, 510, 104, 383]
R26[106, 169, 509, 497, 501, 471, 550, 184, 420, 277, 32, 389, 201]
R27[496, 94, 536, 529, 80, 592, 347, 306, 177, 407, 282, 310, 107, 6]
R28[345, 524, 339, 488, 332, 76, 97, 216, 60, 569, 436, 554]
R29[91, 453, 355, 570, 588, 585, 203, 279, 67, 423, 539, 254, 343, 382, 237]
R30[532, 433, 136, 317, 105, 274, 238, 19, 113]
R31[324, 437, 284, 531, 223, 545, 424, 191, 542, 593]
R32[538, 463, 202, 182, 198, 358, 175, 42, 435, 303, 9]
R33[196, 217, 490, 268, 82, 126, 51, 224, 464, 385, 134, 275, 540]
R34[22, 551, 220, 130, 344, 566, 560, 520, 530, 241, 581]
R35[487, 248, 26, 571, 312, 314, 384, 258, 459, 555, 215]
R36[495, 158, 330, 402, 10, 38, 595, 168, 178, 552, 16, 185]
R37[445, 33, 55, 565, 154, 43, 189, 351, 318, 114]
R38[387, 192, 451, 305, 304, 583, 24, 222, 56, 12]
R39[286, 396, 576, 369, 534, 456, 600, 173, 514, 377, 180, 516]
R40[547, 246, 139, 89, 326, 503, 427, 525, 28, 260, 521]
R41[450, 62, 255, 404, 422, 331, 244, 228, 172, 333, 559, 65]
R42[98, 210, 197, 102, 568, 502, 77, 484, 597, 249, 299, 264]
R43[477, 472, 544, 3, 410, 79, 17, 200, 361, 362, 315, 85, 138, 378]
R44[288, 412, 356, 480, 567, 265, 359, 500, 52, 553, 460, 278, 352]
R45[475, 599, 112, 128, 133, 482, 281, 159, 426, 183]
R46[287, 400, 233, 448, 368, 479, 465, 296, 372, 99, 167, 40, 71, 587]
R47[179, 371, 205, 252, 204, 36, 64, 511, 111]
R48[584, 421, 132, 322, 263, 289, 218, 321, 95, 334, 366, 327, 518]
R49[135, 73, 70, 309, 69, 457, 586, 574, 577, 160, 199, 125, 44]
R50[357, 153, 494, 308, 546, 438, 527, 262, 483, 78, 564, 454]
R51[257, 458, 212, 84, 513, 20, 474, 508, 219, 561, 207]
R52[301, 121, 354, 127]
------------------------------------------
