 
------------------------------------------
CANTIDAD DE EJECUCIONES: 100
HEURÍSTICA DE CONSTRUCCIÓN: Sweep
COSTO TOTAL: 45281.08
TOTAL DE RUTAS: 52
TIEMPO DE EJECUCIÓN: 448 milisegundos
 
R1[271, 505, 126, 437, 101, 435, 520, 394, 259]
R2[488, 297, 466, 80, 272, 102, 481, 423, 72, 87, 43, 370, 414]
R3[192, 97, 405, 328, 119, 217, 79, 248, 311, 279, 210, 283]
R4[15, 563, 324, 89, 273, 473, 480, 522, 183, 203, 347]
R5[524, 507, 156, 65, 484, 586, 591, 431, 107, 148, 209, 302, 54, 549]
R6[556, 170, 487, 547, 211, 115, 199, 411, 212, 16]
R7[74, 453, 150, 424, 514, 291, 309, 51, 574, 307]
R8[443, 319, 171, 132, 239, 236, 100, 241, 214, 575, 502, 153, 98, 418]
R9[548, 92, 389, 499, 83, 227, 208, 594, 106, 286, 104, 206]
R10[449, 274, 595, 185, 144, 551, 186, 326, 355, 134, 518]
R11[513, 445, 498, 267, 469, 353, 460, 491, 372, 257, 67, 584]
R12[322, 350, 508, 381, 392, 196, 268, 396, 434, 295, 312]
R13[321, 564, 532, 218, 500, 421, 109, 416, 376, 233, 247, 121, 573, 305]
R14[60, 371, 366, 516, 243, 229, 228, 137, 175, 417, 222, 17]
R15[339, 47, 553, 544, 476, 177, 444, 194, 330, 179, 425, 536, 193]
R16[189, 592, 260, 202, 235, 511, 404, 333, 166, 10]
R17[308, 173, 368, 338, 181, 180, 393, 113, 76, 568, 517, 294, 496]
R18[4, 19, 452, 138, 384, 354, 62, 523, 501, 442, 178]
R19[492, 571, 420, 299, 572, 118, 23, 329, 28, 391, 284, 13]
R20[361, 254, 390, 402, 470, 184, 558, 360, 515, 455, 335, 231]
R21[78, 200, 123, 281, 187, 570, 526, 406, 314, 140, 310, 90]
R22[388, 565, 447, 509, 237, 230, 482, 419, 467, 216, 336, 535]
R23[486, 264, 25, 255, 174, 461, 103, 589, 292, 41, 578, 349, 296, 3, 433]
R24[29, 397, 133, 597, 313, 168, 495, 18, 223, 70, 114, 450, 204, 593]
R25[221, 86, 490, 30, 331, 154, 125, 332, 59]
R26[358, 475, 304, 120, 164, 534, 410, 387, 472, 68, 50, 24]
R27[232, 441, 569, 36, 244, 11, 382, 474, 246, 122, 506, 197, 345, 340, 163]
R28[146, 251, 464, 188, 201, 540, 20, 598, 542, 334]
R29[316, 471, 600, 367, 75, 289, 158, 252, 596, 250, 579]
R30[282, 320, 529, 127, 562, 56, 33, 365, 99, 451, 581, 21, 298]
R31[27, 576, 238, 224, 14, 577, 77, 71, 142, 399]
R32[303, 348, 131, 344, 582, 457, 226, 34, 38, 503, 463]
R33[55, 61, 468, 159, 412, 155, 580, 45, 256]
R34[525, 342, 415, 561, 379, 234, 546, 2, 40, 261, 458, 380]
R35[398, 42, 111, 566, 191, 242, 205, 112, 560, 337]
R36[96, 48, 510, 519, 167, 557, 258, 315, 37, 318, 362, 352]
R37[323, 583, 57, 356, 147, 73, 459, 478, 207, 545, 141]
R38[151, 124, 270, 266, 555, 440, 567, 413, 587, 530, 5]
R39[64, 9, 31, 53, 149, 39, 63, 383, 448, 66, 537]
R40[265, 436, 215, 88, 160, 293, 110, 317, 531, 58, 285, 8, 300]
R41[69, 409, 346, 407, 533, 374, 128, 359, 446, 176, 479, 44]
R42[262, 280, 135, 190, 130, 213, 552, 290, 287, 12, 288, 539, 277, 489]
R43[136, 465, 81, 432, 52, 93, 357, 485, 263, 554, 198, 528]
R44[343, 32, 225, 325, 165, 108, 541, 590, 117, 373, 403]
R45[521, 182, 428, 483, 599, 477, 35, 427, 527, 7, 278]
R46[585, 369, 145, 161, 386, 401, 385, 22, 588, 6, 95, 400, 94]
R47[219, 1, 85, 426, 84, 49, 351, 395, 26, 169, 46]
R48[439, 269, 129, 157, 438, 306, 327, 456, 341, 454, 462, 220]
R49[512, 152, 504, 116, 162, 538, 195, 494, 375, 364]
R50[543, 245, 82, 422, 249, 559, 430, 301, 429, 143]
R51[275, 276, 253, 139, 172, 408, 363, 105, 550, 91, 497, 493]
R52[377, 378, 240]
------------------------------------------
