 
------------------------------------------
CANTIDAD DE EJECUCIONES: 100
HEURÍSTICA DE CONSTRUCCIÓN: RandomMethod
COSTO TOTAL: 88389.18
TOTAL DE RUTAS: 52
TIEMPO DE EJECUCIÓN: 94 milisegundos
 
R1[86, 194, 269, 376, 4, 486, 558, 430, 19, 272, 403, 335, 191]
R2[75, 361, 121, 571, 536, 146, 452, 296, 393, 187, 447, 326]
R3[164, 374, 42, 585, 182, 348, 503, 436, 410, 217, 208, 502, 531, 257, 246, 305]
R4[459, 277, 68, 551, 596, 260, 553, 464, 24, 252]
R5[3, 77, 428, 222, 565, 80, 174, 498, 497, 425, 161, 434, 134, 31]
R6[309, 157, 315, 51, 219, 180, 243, 354, 67, 304, 405, 483]
R7[468, 173, 11, 165, 587, 105, 426, 38, 90, 343, 388, 387]
R8[201, 240, 245, 525, 138, 331, 71, 223, 32, 344, 310, 118, 573]
R9[98, 535, 578, 117, 129, 242, 345, 515, 156, 318, 369, 475]
R10[30, 23, 18, 584, 490, 99, 241, 151, 382, 583, 595]
R11[460, 451, 148, 74, 145, 508, 509, 271, 256, 463, 107, 123]
R12[176, 251, 537, 342, 5, 339, 569, 247, 278, 581, 275, 143, 306]
R13[106, 366, 427, 325, 63, 250, 205, 559, 197, 115, 70, 416, 446]
R14[435, 91, 152, 378, 49, 524, 599, 93, 166]
R15[175, 346, 25, 418, 244, 135, 249, 421, 267, 337, 340, 347, 76]
R16[365, 170, 198, 95, 48, 47, 137, 33, 311, 1, 104, 298, 57]
R17[116, 172, 400, 567, 456, 467, 522, 444, 308, 236, 155]
R18[69, 352, 224, 44, 550, 235, 181, 233, 210, 420, 282, 329, 513]
R19[81, 96, 592, 586, 572, 195, 448, 548, 591, 386, 530]
R20[312, 238, 442, 519, 84, 465, 225, 220, 119, 517, 301]
R21[327, 65, 230, 36, 112, 384, 171, 528, 504, 141]
R22[101, 213, 132, 154, 22, 266, 419, 13, 142, 431, 415]
R23[307, 140, 279, 10, 545, 188, 110, 21, 83, 163]
R24[28, 432, 484, 78, 372, 215, 289, 237, 538, 183, 543, 396, 518]
R25[259, 379, 546, 332, 437, 589, 600, 328, 120, 441, 285, 489]
R26[204, 367, 449, 323, 330, 136, 292, 547]
R27[85, 211, 368, 291, 35, 206, 516, 532, 564, 53, 458, 207, 494]
R28[358, 147, 554, 94, 226, 488, 560, 594, 409, 588, 469, 15]
R29[179, 232, 58, 56, 254, 413, 385, 149, 597, 87, 7]
R30[209, 202, 474, 126, 556, 150, 82, 283, 336, 424, 533]
R31[2, 37, 462, 114, 40, 370, 540, 321, 417, 196, 341, 357, 92]
R32[218, 338, 470, 72, 228, 221, 113, 177, 159, 192]
R33[375, 391, 351, 287, 527, 355, 297, 539, 541, 43, 288, 286, 377]
R34[125, 253, 371, 529, 212, 495, 293, 20, 52, 268, 433]
R35[526, 590, 255, 593, 14, 500, 248, 549, 144, 406]
R36[582, 473, 258, 227, 580, 299, 302, 576, 390, 262, 450]
R37[438, 402, 481, 521, 295, 203, 479, 487, 561, 168, 59]
R38[514, 200, 169, 423, 598, 563, 316, 122, 466, 445, 216]
R39[412, 411, 281, 124, 185, 472, 574, 373, 440, 562]
R40[108, 303, 349, 199, 276, 46, 568, 79, 363, 408, 461, 496]
R41[193, 523, 314, 407, 88, 394, 491, 153, 320, 542, 62]
R42[189, 162, 512, 265, 356, 480, 9, 506, 280, 45, 100, 274]
R43[300, 128, 422, 360, 575, 510, 290, 477, 507, 231, 350, 505]
R44[499, 399, 234, 61, 333, 184, 322, 50, 270, 319]
R45[520, 501, 158, 552, 334, 8, 404, 54, 397, 389, 579]
R46[395, 364, 457, 544, 103, 570, 6, 313, 261, 60, 12, 186]
R47[577, 294, 383, 534, 41, 178, 381, 102, 478, 353, 214]
R48[429, 29, 482, 398, 317, 380, 492, 566, 392, 414, 324, 273, 401]
R49[130, 64, 453, 454, 127, 284, 39, 167, 555, 34, 455, 362, 229, 190]
R50[55, 17, 26, 89, 359, 485, 27, 476, 511]
R51[66, 97, 439, 160, 111, 263, 493, 73, 16, 133, 264]
R52[109, 557, 239, 471, 139, 131, 443]
------------------------------------------
