 
------------------------------------------
CANTIDAD DE EJECUCIONES: 100
HEURÍSTICA DE CONSTRUCCIÓN: NearestNeighborWithRLC
COSTO TOTAL: 58125.98
TOTAL DE RUTAS: 52
TIEMPO DE EJECUCIÓN: 6544 milisegundos
 
R1[600, 2, 598, 582, 597, 596, 1, 599, 585, 593]
R2[595, 594, 591, 586, 592, 4, 584, 590, 588, 576, 3, 587, 583, 567]
R3[579, 5, 577, 581, 571, 578, 573, 580, 575, 589, 569, 566, 562, 572, 570]
R4[564, 574, 568, 563, 560, 557, 554, 533, 541, 552, 479]
R5[407, 8, 546, 555, 531, 537, 529, 565, 556, 558, 559, 553]
R6[551, 561, 550, 548, 549, 544, 536, 547, 545, 542]
R7[543, 539, 540, 528, 525, 527, 6, 401, 386, 385, 369, 278]
R8[477, 535, 534, 9, 7, 10, 532, 538, 526, 530]
R9[521, 506, 492, 518, 524, 523, 519, 522, 517]
R10[511, 516, 11, 509, 12, 510, 475, 515, 514, 13, 507, 505, 513]
R11[498, 512, 504, 520, 508, 502, 503, 501, 500, 499, 487]
R12[496, 495, 486, 482, 470, 491, 469, 460, 453, 16, 484]
R13[493, 480, 490, 489, 485, 494, 497, 275, 488, 249, 240]
R14[481, 476, 442, 461, 478, 457, 474, 468, 464, 463, 15, 472, 471]
R15[466, 452, 425, 445, 431, 449, 17, 421, 473, 443, 14]
R16[467, 455, 483, 18, 451, 365, 19, 447, 21, 448, 446, 465, 462]
R17[456, 458, 428, 459, 382, 255, 454, 20, 24, 440, 441]
R18[444, 434, 450, 433, 420, 439, 438, 327, 436, 426]
R19[22, 23, 26, 432, 419, 424, 430, 437, 429]
R20[422, 435, 423, 416, 418, 415, 427, 413, 409, 412, 417, 414]
R21[408, 405, 404, 411, 396, 372, 402, 361, 335, 397, 410, 27]
R22[28, 393, 390, 384, 406, 400, 395, 403, 398]
R23[387, 246, 232, 304, 399, 383, 380, 368, 392, 394, 391, 388]
R24[381, 379, 389, 377, 378, 25, 292, 371, 376, 360]
R25[373, 351, 359, 374, 362, 358, 367, 349, 314, 356, 357, 343, 355, 30]
R26[375, 29, 366, 353, 31, 33, 334, 352, 348, 238, 131, 354, 32]
R27[370, 364, 34, 36, 350, 363, 347, 345, 340, 342, 341]
R28[269, 336, 346, 333, 338, 344, 339, 330, 332, 331, 322]
R29[337, 320, 316, 318, 317, 325, 300, 329, 321, 324]
R30[328, 319, 35, 37, 38, 308, 39, 315, 313, 323, 307, 326, 311]
R31[312, 310, 281, 309, 40, 306, 293, 303, 298, 226, 142, 289, 296, 305]
R32[295, 302, 301, 41, 297, 299, 43, 294, 286, 291, 290, 285, 215]
R33[165, 288, 225, 284, 267, 287, 169, 282, 280, 42, 270, 44]
R34[265, 45, 260, 283, 279, 274, 277, 46, 266, 273]
R35[271, 276, 47, 48, 50, 272, 259, 268, 257, 262, 264, 263]
R36[49, 220, 219, 258, 256, 252, 251, 261, 254, 243, 231, 253]
R37[51, 217, 250, 244, 241, 239, 52, 242, 53, 213, 247, 235, 236, 248]
R38[211, 233, 229, 54, 245, 237, 230, 228, 224, 234, 205, 204]
R39[200, 216, 196, 55, 223, 221, 202, 222, 227, 214]
R40[56, 218, 212, 208, 209, 206, 210, 58, 207, 203]
R41[192, 195, 201, 59, 197, 120, 194, 179, 189, 186, 199]
R42[183, 185, 198, 190, 193, 181, 60, 191, 61, 188, 180]
R43[184, 177, 178, 187, 170, 175, 173, 166, 137, 172, 176]
R44[182, 160, 149, 167, 168, 171, 174, 164, 158, 163, 146, 154, 138, 156, 162]
R45[152, 150, 153, 62, 135, 161, 157, 145, 151, 147, 57]
R46[141, 124, 159, 139, 132, 83, 74, 143, 148, 144, 140]
R47[134, 64, 66, 155, 63, 130, 65, 136, 68, 67, 121]
R48[133, 125, 127, 111, 96, 128, 112, 69, 129, 117, 126]
R49[102, 119, 70, 123, 118, 122, 113, 116, 115, 109, 114, 110]
R50[71, 108, 107, 72, 105, 100, 98, 92, 87, 104, 106, 90, 76, 89, 97]
R51[75, 103, 99, 78, 79, 80, 91, 101, 86, 88, 95, 81]
R52[94, 93, 85, 84, 73, 77, 82]
------------------------------------------
