 
------------------------------------------
CANTIDAD DE EJECUCIONES: 100
HEURÍSTICA DE CONSTRUCCIÓN: Sweep
COSTO TOTAL: 45576.4
TOTAL DE RUTAS: 52
TIEMPO DE EJECUCIÓN: 572 milisegundos
 
R1[105, 550, 91, 497, 493, 377, 378, 240, 271, 505, 126]
R2[437, 101, 435, 520, 394, 259, 488, 297, 466]
R3[80, 272, 102, 481, 423, 72, 87, 43, 370, 414, 192, 97, 405]
R4[328, 119, 217, 79, 248, 311, 279, 210, 283, 15, 563, 324]
R5[89, 273, 473, 480, 522, 183, 203, 347, 524, 507, 156]
R6[65, 484, 586, 591, 431, 107, 148, 209, 302, 54, 549, 556, 170, 487]
R7[547, 211, 115, 199, 411, 212, 16, 74, 453]
R8[150, 424, 514, 291, 309, 51, 574, 307, 443, 319, 171, 132, 239]
R9[236, 100, 241, 214, 575, 502, 153, 98, 418, 548, 92, 389]
R10[499, 83, 227, 208, 594, 106, 286, 104, 206, 449, 274, 595]
R11[185, 144, 551, 186, 326, 355, 134, 518, 513, 445, 498]
R12[267, 469, 353, 460, 491, 372, 257, 67, 584, 322, 350, 508]
R13[381, 392, 196, 268, 396, 434, 295, 312, 321, 564, 532]
R14[218, 500, 421, 109, 416, 376, 233, 247, 121, 573, 305, 60]
R15[371, 366, 516, 243, 229, 228, 137, 175, 417, 222, 17, 339, 47]
R16[553, 544, 476, 177, 444, 194, 330, 179, 425, 536, 193, 189]
R17[592, 260, 202, 235, 511, 404, 333, 166, 10, 308, 173, 368]
R18[338, 181, 180, 393, 113, 76, 568, 517, 294, 496, 4, 19]
R19[452, 138, 384, 354, 62, 523, 501, 442, 178, 492, 571, 420]
R20[299, 572, 118, 23, 329, 28, 391, 284, 13, 361, 254, 390, 402]
R21[470, 184, 558, 360, 515, 455, 335, 231, 78, 200, 123]
R22[281, 187, 570, 526, 406, 314, 140, 310, 90, 388, 565]
R23[447, 509, 237, 230, 482, 419, 467, 216, 336, 535, 486, 264, 25]
R24[255, 174, 461, 103, 589, 292, 41, 578, 349, 296, 3, 433, 29, 397]
R25[133, 597, 313, 168, 495, 18, 223, 70, 114, 450, 204, 593, 221]
R26[86, 490, 30, 331, 154, 125, 332, 59, 358, 475]
R27[304, 120, 164, 534, 410, 387, 472, 68, 50, 24, 232, 441, 569]
R28[36, 244, 11, 382, 474, 246, 122, 506, 197, 345, 340, 163, 146]
R29[251, 464, 188, 201, 540, 20, 598, 542, 334, 316, 471]
R30[600, 367, 75, 289, 158, 252, 596, 250, 579, 282]
R31[320, 529, 127, 562, 56, 33, 365, 99, 451, 581, 21, 298, 27]
R32[576, 238, 224, 14, 577, 77, 71, 142, 399, 303]
R33[348, 131, 344, 582, 457, 226, 34, 38, 503, 463, 55]
R34[61, 468, 159, 412, 155, 580, 45, 256, 525]
R35[342, 415, 561, 379, 234, 546, 2, 40, 261, 458, 380, 398]
R36[42, 111, 566, 191, 242, 205, 112, 560, 337, 96, 48]
R37[510, 519, 167, 557, 258, 315, 37, 318, 362, 352, 323, 583]
R38[57, 356, 147, 73, 459, 478, 207, 545, 141, 151, 124]
R39[270, 266, 555, 440, 567, 413, 587, 530, 5, 64, 9]
R40[31, 53, 149, 39, 63, 383, 448, 66, 537, 265, 436, 215, 88, 160]
R41[293, 110, 317, 531, 58, 285, 8, 300, 69, 409, 346]
R42[407, 533, 374, 128, 359, 446, 176, 479, 44, 262, 280]
R43[135, 190, 130, 213, 552, 290, 287, 12, 288, 539, 277, 489, 136]
R44[465, 81, 432, 52, 93, 357, 485, 263, 554, 198, 528, 343, 32, 225]
R45[325, 165, 108, 541, 590, 117, 373, 403, 521, 182]
R46[428, 483, 599, 477, 35, 427, 527, 7, 278, 585, 369]
R47[145, 161, 386, 401, 385, 22, 588, 6, 95, 400, 94, 219, 1]
R48[85, 426, 84, 49, 351, 395, 26, 169, 46, 439]
R49[269, 129, 157, 438, 306, 327, 456, 341, 454, 462, 220, 512]
R50[152, 504, 116, 162, 538, 195, 494, 375, 364, 543]
R51[245, 82, 422, 249, 559, 430, 301, 429, 143, 275, 276]
R52[253, 139, 172, 408, 363]
------------------------------------------
