 
------------------------------------------
CANTIDAD DE EJECUCIONES: 100
HEURÍSTICA DE CONSTRUCCIÓN: RandomMethod
COSTO TOTAL: 86933.8
TOTAL DE RUTAS: 52
TIEMPO DE EJECUCIÓN: 110 milisegundos
 
R1[180, 46, 268, 402, 573, 466, 474, 55, 520, 506, 190, 319]
R2[411, 112, 523, 420, 178, 404, 235, 47, 111, 253, 525, 139, 5]
R3[233, 395, 109, 571, 355, 226, 284, 162, 75, 228, 307, 528, 462, 483]
R4[61, 97, 494, 142, 309, 583, 318, 45, 57, 93]
R5[492, 591, 430, 487, 295, 12, 463, 401, 458, 147, 298, 516, 535]
R6[522, 349, 436, 550, 521, 432, 498, 300, 63, 467, 597, 168, 410]
R7[223, 572, 291, 107, 58, 299, 199, 128, 359, 148, 227]
R8[270, 164, 366, 245, 333, 361, 234, 373, 379, 434, 472, 389, 264]
R9[464, 13, 189, 269, 166, 326, 565, 207, 363, 91, 124, 77, 95]
R10[103, 575, 144, 558, 76, 94, 65, 9, 196, 507, 252, 198]
R11[490, 439, 149, 460, 596, 496, 92, 10, 43]
R12[134, 491, 201, 191, 308, 510, 21, 237, 23, 102, 423, 348, 62]
R13[409, 579, 17, 273, 343, 163, 358, 115, 539, 99, 274, 177, 258, 156]
R14[502, 574, 106, 442, 471, 495, 214, 501, 441, 445, 150, 208, 96, 306, 216]
R15[130, 126, 26, 313, 455, 255, 188, 281, 312, 526]
R16[346, 552, 589, 213, 145, 204, 44, 564, 557, 341, 172]
R17[577, 304, 8, 101, 280, 370, 87, 397, 381]
R18[403, 468, 405, 481, 330, 595, 259, 428, 157, 357, 120]
R19[344, 6, 555, 497, 544, 35, 292, 80, 123, 59, 41, 71, 14]
R20[152, 66, 484, 566, 167, 158, 372, 174, 386, 505, 443, 116, 31]
R21[73, 3, 560, 399, 390, 473, 211, 585, 517, 254, 218]
R22[331, 135, 396, 383, 217, 210, 277, 206, 384, 549, 588, 242, 478]
R23[27, 530, 584, 25, 28, 334, 215, 310, 16, 56, 67, 376]
R24[582, 285, 537, 325, 480, 182, 263, 290, 541, 415]
R25[587, 479, 493, 431, 278, 567, 133, 433, 375, 419, 317]
R26[222, 337, 89, 374, 70, 186, 288, 350, 283, 371, 84]
R27[437, 561, 287, 79, 98, 311, 137, 365, 279, 542, 238]
R28[140, 393, 224, 40, 83, 49, 220, 369, 421, 452]
R29[500, 512, 212, 30, 568, 48, 592, 11, 456, 515]
R30[127, 294, 540, 239, 194, 272, 531, 69, 547, 329, 197, 53, 451, 477]
R31[165, 519, 117, 391, 499, 187, 570, 113, 503, 155]
R32[335, 328, 457, 453, 267, 122, 352, 527, 323, 250, 332]
R33[173, 146, 459, 426, 412, 543, 229, 385, 246, 125]
R34[193, 100, 545, 465, 143, 110, 378, 2, 184, 203, 524]
R35[249, 320, 339, 159, 282, 551, 32, 240, 600, 322]
R36[86, 360, 548, 314, 424, 131, 52, 275, 351, 476, 138]
R37[22, 209, 532, 129, 447, 231, 7, 171, 342, 563, 556, 179, 529]
R38[315, 400, 593, 590, 265, 444, 422, 302, 581, 305, 36, 536, 243]
R39[161, 170, 553, 271, 24, 324, 513, 569, 470]
R40[408, 454, 427, 37, 119, 257, 118, 136, 394, 580, 509, 105]
R41[435, 236, 598, 169, 559, 562, 504, 321, 68, 276, 33, 183, 232]
R42[413, 538, 181, 297, 266, 380, 554, 153, 19, 85, 1, 489]
R43[469, 518, 88, 398, 141, 205, 42, 34]
R44[221, 448, 114, 599, 586, 72, 104, 594, 301, 244, 578, 54, 251]
R45[261, 533, 160, 475, 200, 347, 176, 50, 546, 382, 508, 248, 414, 185]
R46[438, 60, 230, 289, 338, 202, 576, 64, 387, 132, 121, 286]
R47[345, 247, 482, 417, 368, 327, 175, 461, 514, 388]
R48[407, 406, 367, 534, 353, 296, 488, 82, 151, 195, 356]
R49[416, 15, 511, 241, 154, 262, 29, 446, 364, 260]
R50[354, 429, 90, 20, 418, 74, 392, 81, 340, 425, 78, 450]
R51[362, 486, 38, 219, 51, 39, 377, 293, 4, 449, 316, 108, 336]
R52[485, 303, 192, 256, 440, 225, 18]
------------------------------------------
