 
------------------------------------------
CANTIDAD DE EJECUCIONES: 100
HEURÍSTICA DE CONSTRUCCIÓN: CMT
COSTO TOTAL: 21823.52
TOTAL DE RUTAS: 55
TIEMPO DE EJECUCIÓN: 17032 milisegundos
 
R1[30, 331, 332, 223, 593, 90, 419, 86, 68, 490, 313, 597, 506, 580]
R2[394, 466, 423, 272, 481, 72, 559, 143, 126, 80, 102, 43, 429, 301]
R3[221, 18, 13, 120, 59, 244, 197, 345, 340, 284, 251]
R4[528, 225, 32, 428, 287, 288, 136, 489, 539, 485, 135, 458, 323]
R5[349, 461, 296, 397, 3, 103, 264, 535]
R6[262, 190, 130, 44, 407, 479, 213, 280, 552]
R7[96, 191, 270, 413, 440, 362, 318, 37, 5]
R8[34, 256, 399, 303, 224, 38, 55, 334]
R9[526, 455, 123, 200, 335, 470, 558, 515, 184, 402, 361, 254]
R10[358, 154, 475]
R11[2, 42, 352, 57, 73, 478, 205, 315, 519, 112, 356]
R12[454, 129, 46, 395, 439, 84, 1, 85, 219, 426]
R13[231, 536, 544, 573, 371, 444, 553, 243, 339, 366, 78, 305]
R14[403]
R15[67, 257, 460, 196, 372]
R16[179, 330, 194]
R17[238, 464, 576]
R18[396, 295, 268, 434, 584, 491, 532]
R19[507, 273, 283]
R20[337]
R21[537, 383, 9, 31, 63, 265, 110, 160, 149, 448, 39, 53, 587]
R22[252, 367, 579, 320, 600, 250, 99, 21, 365, 451, 289]
R23[204, 433, 41, 578, 486, 29, 589, 216, 25, 292, 174, 232, 534, 441, 164]
R24[321, 218, 312, 392, 508, 350, 381, 564, 109, 177, 235, 511, 173]
R25[374, 533, 317, 128, 446, 8, 531, 409, 69, 359, 176]
R26[258, 167, 557, 510, 560, 566, 111]
R27[403, 182, 483, 477, 599, 427, 108, 278, 161, 7, 369, 145, 401, 95, 585]
R28[518, 595, 104, 227, 98, 241, 185, 500, 445, 233]
R29[474, 163, 146, 598, 529, 562, 33, 127, 75, 282, 158, 56, 316]
R30[582, 71, 77, 348, 468, 64, 66, 88, 436, 215, 61, 293]
R31[351, 269, 220, 588, 521, 300, 58, 285, 346, 400, 341]
R32[501, 523, 571, 442, 4, 138, 368, 496, 420, 28, 180, 404]
R33[326, 134, 353, 469, 513, 498, 274, 171, 443, 514, 411, 199, 115]
R34[222, 476, 229, 516, 175, 417, 47, 60, 121, 247, 17, 137, 10]
R35[465, 290, 432, 81, 12, 277]
R36[105, 210, 207, 545, 459, 48, 561, 379, 159, 503, 240, 509]
R37[347]
R38[281, 570, 314, 565, 310, 140, 482, 467]
R39[357, 343, 263, 52, 554, 541, 325, 438, 198, 157, 306, 456, 386]
R40[50, 36, 188]
R41[54, 209, 431, 549, 586, 107, 563, 302, 591, 89, 473, 236, 156, 484]
R42[337, 530, 567, 242, 261, 380, 398, 546, 124, 266, 555, 141, 583]
R43[524, 309, 547, 211, 556, 148, 203, 522, 480]
R44[493, 253, 408, 363, 116, 152, 543, 538, 162]
R45[114, 70, 581, 27, 344, 577, 226, 14, 142, 457, 298, 168]
R46[294, 572, 391, 45, 412, 113, 62, 463, 155, 525, 76]
R47[499, 418, 239, 100, 92, 575, 502, 214, 389, 594, 186, 208, 286, 106]
R48[34, 131, 390, 118, 329, 452, 181, 393, 338, 568, 360, 234]
R49[49, 169, 26, 35, 527, 373, 117, 590, 93]
R50[449, 144, 51, 150, 16, 453]
R51[259, 297, 437, 101, 378, 91, 505, 435]
R52[119, 192, 405, 217, 328, 97, 279, 311, 248, 79, 183, 324, 550]
R53[495, 133, 450, 125, 304, 387, 569, 410, 246, 147]
R54[82, 462, 327, 6, 385, 94, 22, 151, 375, 512, 195]
R55[11, 15, 19, 20, 23, 24, 40, 65, 74, 83, 87, 122, 132, 139, 153, 165, 166, 170, 172, 178, 187, 189, 193, 201, 202, 206, 212, 228, 230, 237, 245, 249, 255, 260, 267, 271, 275, 276, 291, 299, 307, 308, 319, 322, 333, 336, 342, 354, 355, 364, 370, 376, 377, 382, 384, 388, 406, 414, 415, 416, 421, 422, 424, 425, 430, 447, 471, 472, 487, 488, 492, 494, 497, 504, 517, 520, 540, 542, 548, 551, 574, 592, 596]
------------------------------------------
