 
------------------------------------------
HEURÍSTICA DE CONSTRUCCIÓN: CMT
COSTO TOTAL: 839.54
TOTAL DE RUTAS: 6
TIEMPO DE EJECUCIÓN: 1.2719311714172363
 
R1[59, 66, 11, 65, 14]
R2[5, 36, 70, 37, 71, 60, 71, 71, 71, 47, 21, 74, 29, 48, 57]
R3[7, 53, 19, 35, 19, 35, 8, 46, 52]
R4[1, 43, 23, 42, 41, 41, 42, 42, 16, 33, 63, 73, 62, 61, 28, 49]
R5[30, 68, 75, 67, 34, 4, 45, 45, 27, 45, 26, 51, 17]
R6[31, 38, 10, 58, 32, 72, 50, 3, 44, 3, 25, 18, 55, 9, 39, 12, 40]
------------------------------------------
