 
------------------------------------------
HEURÍSTICA DE CONSTRUCCIÓN: CMT
COSTO TOTAL: 918.51
TOTAL DE RUTAS: 6
TIEMPO DE EJECUCIÓN: 1.290109634399414
 
R1[60, 70, 60, 36, 57, 15, 20, 37, 5, 47, 69, 48]
R2[49, 24, 56, 23, 16, 63, 3, 51, 6]
R3[22, 64, 42, 41, 43, 1, 73, 62, 33, 21, 61, 28, 74, 2]
R4[18, 55, 9, 25, 50, 32, 44, 39, 17, 12, 40, 31, 72, 10, 58]
R5[27, 29, 45, 30, 45, 68, 4, 52, 34, 75, 46, 54, 67, 8]
R6[53, 11, 38, 65, 66, 59, 66, 14, 35, 26, 7]
------------------------------------------
