 
------------------------------------------
HEURÍSTICA DE CONSTRUCCIÓN: CMT
COSTO TOTAL: 842.87
TOTAL DE RUTAS: 6
TIEMPO DE EJECUCIÓN: 1.3139240741729736
 
R1[1, 42, 41, 43, 43, 24, 49, 23, 41, 56, 23, 63, 16, 33, 62, 61, 28, 3, 44]
R2[52, 27, 54, 13, 8, 46, 34]
R3[53, 11, 14, 19, 35, 14, 59, 14, 38, 65, 58]
R4[69, 71, 60, 70, 20, 37, 36, 37, 15, 5, 47]
R5[31, 39, 9, 25, 55, 25, 18, 50, 72, 32]
R6[4, 74, 21, 48, 2, 51, 40, 12, 17, 6, 30, 29, 45, 26, 68, 67, 75]
------------------------------------------
