 
------------------------------------------
HEURÍSTICA DE CONSTRUCCIÓN: RandomMethod
COSTO TOTAL: 3265.36
TOTAL DE RUTAS: 4
 
R1[8, 26, 2, 96, 21, 14, 86, 80, 17, 37, 61, 97, 95, 34, 100, 70, 24, 43, 35, 28, 46, 59, 27, 50, 30, 57, 60, 9, 63, 87, 82]
R2[22, 13, 29, 39, 90, 77, 55, 1, 53, 84, 85, 99, 16, 56, 15, 44, 64, 7, 10, 5, 18, 49, 81, 88, 76]
R3[48, 72, 31, 89, 71, 78, 65, 32, 75, 23, 93, 6, 67, 94, 54, 52, 98, 19, 83, 79, 74, 33]
R4[38, 41, 4, 91, 12, 68, 36, 51, 45, 69, 47, 25, 11, 62, 58, 40, 3, 20, 66, 73, 42, 92]
------------------------------------------
