Antes de iniciar JVM
Antes de llamar a Controller
Antes de apagar la JVM
FIN
 
------------------------------------------
HEURÍSTICA DE CONSTRUCCIÓN: RandomMethod
COSTO TOTAL: 10941.52
TOTAL DE RUTAS: 24
TIEMPO DE EJECUCIÓN: 0.255401611328125
 
R1[117, 42, 147, 256, 275, 200, 213, 136, 125, 276, 90]
R2[110, 150, 131, 266, 142, 263, 28, 258, 264, 120, 224, 190, 172, 59, 41]
R3[218, 169, 160, 281, 8, 77, 248, 277, 180, 103, 265, 243, 69, 60, 186]
R4[119, 194, 112, 39, 118, 25, 20, 273, 140, 78]
R5[176, 205, 44, 68, 124, 86, 285, 104, 251, 212, 105, 220]
R6[253, 80, 72, 185, 11]
R7[109, 38, 101, 269, 158, 35, 284, 272, 27, 71, 288, 54, 31, 146]
R8[3, 226, 187, 75, 240, 282, 24, 242, 221, 262, 85, 4, 32, 115]
R9[198, 135, 66, 255, 67, 152, 179, 156, 204, 153]
R10[247, 283, 70, 257, 184, 235, 280, 92, 5, 51, 254, 56, 177]
R11[49, 260, 245, 61, 148, 15, 10, 53, 17, 79, 43, 48, 193, 233, 222, 171, 231]
R12[157, 89, 100, 202, 144, 217, 173, 111, 114, 165]
R13[238, 1, 46, 137, 229, 141, 162, 34, 19, 192, 138, 241, 270, 216, 225, 132]
R14[123, 159, 47, 30, 14, 210, 98, 55, 182, 52, 129, 164, 287, 197]
R15[45, 215, 195, 121, 143, 122, 261, 116, 279]
R16[230, 201, 163, 87, 267, 37, 76, 130, 199, 219, 149, 167]
R17[286, 26, 22, 139, 36, 74, 21, 246, 161, 81, 33, 175, 12, 228]
R18[84, 88, 278, 106, 102, 154, 108, 166, 29, 252, 259, 128, 91, 196]
R19[271, 178, 174, 206, 50, 133, 191, 16, 223, 236, 93, 57, 274]
R20[234, 97, 183, 65, 82, 145, 268, 134, 155, 189, 40]
R21[6, 208, 113, 58, 207, 244, 168, 188, 95, 211, 249, 13, 62, 107]
R22[237, 209, 203, 2, 23, 250, 94, 214, 99, 227]
R23[73, 126, 239, 9, 7, 64, 170, 63, 96, 232, 83, 151, 181, 18]
R24[127]
------------------------------------------
