Antes de iniciar JVM
Antes de llamar a Controller
Antes de apagar la JVM
FIN
 
------------------------------------------
HEURÍSTICA DE CONSTRUCCIÓN: SaveSequential
COSTO TOTAL: 4982.32
TOTAL DE RUTAS: 23
TIEMPO DE EJECUCIÓN: 0.7003452777862549
 
R1[200, 243, 103, 205, 80, 68, 42, 212, 124, 110, 275, 119, 136, 59, 142, 258, 266, 140]
R2[180, 190, 125, 176, 118, 253, 28, 273, 150, 20, 105, 169, 104, 186, 185]
R3[69, 220, 112, 248, 147, 213, 41, 276, 25, 224, 251]
R4[218, 160, 194, 256, 131, 90, 8, 263, 120, 44, 117]
R5[39, 264, 172, 277, 60, 72, 265, 77, 86, 285, 11, 281]
R6[10, 280, 56, 226, 24, 257, 193, 35, 71, 89, 240, 157, 158, 70, 115]
R7[283, 48, 43, 32, 31, 79, 260, 284, 4, 222, 85, 27, 235, 92, 233, 5]
R8[109, 184, 254, 152, 262, 53, 54, 204, 202, 15, 171, 165, 187, 51, 61, 144, 75]
R9[101, 153, 247, 67, 49, 269, 255, 231, 242, 3, 173, 217]
R10[282, 38, 245, 221, 17, 146, 272, 288, 148, 198, 135, 177, 114, 66]
R11[179, 111, 156, 100]
R12[286, 159, 34, 149, 143, 287, 197, 230, 278, 132, 161, 141]
R13[228, 182, 128, 121, 201, 22, 164, 154, 1, 37, 199, 52, 88]
R14[238, 29, 36, 123, 26, 195, 98, 219, 225, 259, 192, 162, 196, 46, 210]
R15[163, 47, 108, 21, 45, 30, 122, 76, 91, 116, 14, 216, 261, 137, 74]
R16[102, 166, 175, 55, 229, 138, 130, 279, 270, 87, 78, 84, 139]
R17[106, 81, 167, 215, 33, 12, 246, 241, 129, 267, 252]
R18[19]
R19[206, 94, 7, 174, 63, 134, 244, 9, 189, 93, 6, 214, 271, 178, 207, 208, 97]
R20[107, 188, 99, 127, 95, 16, 234, 13, 113, 73, 50, 183, 62, 18]
R21[58, 268, 145, 83, 168, 232, 223, 249, 133, 236, 250, 151, 274]
R22[96, 126, 57, 170, 155, 203, 227, 239, 227, 23]
R23[191, 181, 211, 209, 40, 64, 237, 2, 65]
------------------------------------------
