Antes de iniciar JVM
Antes de llamar a Controller
Antes de apagar la JVM
FIN
 
------------------------------------------
HEURÍSTICA DE CONSTRUCCIÓN: RandomMethod
COSTO TOTAL: 11383.64
TOTAL DE RUTAS: 23
TIEMPO DE EJECUCIÓN: 0.26279306411743164
 
R1[180, 8, 28, 25, 112, 119, 266, 11, 72, 110, 176, 84]
R2[20, 275, 42, 243, 205, 285, 140, 248, 194, 172, 69, 281, 80, 105, 68, 212]
R3[256, 253, 120, 186, 44, 273, 117, 77, 213, 147, 86]
R4[169, 131, 104, 190, 90, 263, 185, 251, 220, 59, 136, 103, 218]
R5[265, 118, 41, 125, 264, 160, 124, 39, 150, 60, 200, 224]
R6[276, 277, 258, 142, 14, 1]
R7[233, 24, 171, 153, 157, 260, 269, 148, 187, 67, 282, 15, 217, 75]
R8[165, 235, 4, 152, 3, 53, 158, 61, 247, 38, 226, 221, 70, 262]
R9[49, 92, 56, 204, 111, 254, 173, 5, 184, 280, 240, 202]
R10[245, 71, 48, 32, 79, 10, 35, 31, 109, 100, 193, 54, 242, 231, 198]
R11[179, 288, 146, 284, 27, 283, 222, 156, 257, 85, 17, 51, 255]
R12[177, 101, 66, 144, 43, 115, 135, 272, 89, 114]
R13[199, 106, 229, 149, 102, 286, 154, 161, 141, 122, 30, 138]
R14[164, 22, 33, 159, 88, 37, 196, 163, 241, 219, 76, 195, 246]
R15[197, 278, 78, 123, 175, 12, 19, 55, 182, 132, 270, 128, 46, 166]
R16[216, 98, 108, 45, 201, 167, 91, 210, 21, 143, 261, 225, 238, 252, 47, 29]
R17[259, 87, 215, 116, 52, 192, 230, 34, 26, 129, 162]
R18[287, 137, 74, 279, 139, 267, 121, 36, 81, 130, 228]
R19[168, 7, 207, 188, 16, 107, 13, 151, 236, 97, 83, 134, 40]
R20[57, 181, 62, 214, 58, 178, 268, 174, 208, 127, 73, 209, 239]
R21[249, 9, 191, 65, 18, 2, 96, 183, 50, 126, 244, 133, 227, 99, 206]
R22[95, 93, 6, 274, 250, 211, 155, 203, 271, 170, 145, 223, 63]
R23[113, 64, 23, 234, 94, 189, 232, 82, 237]
------------------------------------------
