Antes de iniciar JVM
Antes de llamar a Controller
Antes de apagar la JVM
FIN
 
------------------------------------------
HEURÍSTICA DE CONSTRUCCIÓN: NearestNeighborWithRLC
COSTO TOTAL: 8951.41
TOTAL DE RUTAS: 23
TIEMPO DE EJECUCIÓN: 3.5612130165100098
 
R1[86, 281, 264, 39, 77, 180, 285, 265, 160, 60, 277, 172, 118]
R2[190, 72, 253, 218, 11, 117, 125, 176, 185, 251, 200, 220, 28]
R3[256, 194, 69, 44, 150, 90, 120, 25, 273, 112, 8]
R4[224, 276, 131, 186, 41, 105, 20, 213, 266, 263, 147, 243, 140]
R5[103, 104, 205, 169, 258, 59, 248, 136, 110, 80, 68, 119, 142, 275]
R6[42, 212, 124, 149, 286]
R7[245, 179, 221, 282, 177, 66, 38, 100, 272, 156, 111, 114]
R8[135, 17, 109, 3, 146, 247, 217, 173, 153, 288, 242, 231, 75, 204, 54]
R9[184, 148, 255, 49, 101, 284, 198, 254, 67, 269, 202]
R10[262, 15, 165, 144, 53, 152, 260, 280, 233, 5, 171, 283, 51, 61, 27, 187, 4, 235]
R11[92, 10, 79, 31, 35, 193, 85, 222, 257, 115, 157, 48, 32, 71, 89, 43, 24]
R12[240, 158, 70, 56, 226]
R13[106, 19, 98, 102, 228, 139, 267, 252, 195, 246, 167, 81, 166]
R14[129, 215, 33, 12, 84, 47, 270, 175, 108, 74, 182, 87, 163, 196]
R15[78, 279, 162, 76, 30, 88, 122, 46, 137, 138, 14, 130, 241, 52]
R16[128, 21, 229, 55, 143, 116, 210, 219, 259, 1, 216, 278]
R17[261, 121, 45, 26, 238, 154, 201, 91, 123, 22, 29]
R18[287, 225, 230, 36, 192, 37, 132, 197, 199, 34, 161, 164, 159, 141]
R19[64, 211, 274, 191, 65, 40, 23, 107, 237, 232, 209, 2, 181, 126]
R20[145, 151, 57, 96, 83, 223, 18, 168, 58, 250, 62, 236, 188, 249]
R21[268, 73, 82, 170, 113, 133, 13, 50, 155]
R22[183, 95, 234, 99, 127, 203, 174, 97, 227, 208, 63, 207, 16, 134]
R23[239, 178, 244, 94, 9, 206, 93, 7, 189, 6, 214, 271]
------------------------------------------
