Antes de iniciar JVM
Antes de llamar a Controller
Antes de apagar la JVM
FIN
 
------------------------------------------
HEURÍSTICA DE CONSTRUCCIÓN: MoleJameson
COSTO TOTAL: 3792.48
TOTAL DE RUTAS: 19
TIEMPO DE EJECUCIÓN: 107.73990392684937
 
R1[140, 248, 59, 110, 68, 42, 212, 124, 80, 103, 205, 169, 105, 243, 20]
R2[263, 258, 142, 275, 119, 136, 104, 266, 224, 147, 213, 41, 276, 69, 200]
R3[264, 72, 256, 112, 131, 90, 194, 251, 185, 25, 120, 186, 44, 218]
R4[39, 172, 60, 150, 273, 28, 277, 253, 125, 190, 176, 118]
R5[114, 144, 51, 10, 56, 226, 24, 257, 193, 35, 27, 85, 71, 89, 222, 235, 5, 171]
R6[4, 283, 260, 17, 240, 157, 79, 31, 32, 115, 70, 158, 43, 48, 152]
R7[3, 173, 217, 231, 262, 284, 53, 233, 92, 15, 165, 187, 202, 75, 288, 66]
R8[282, 146, 221, 245, 38, 272, 135, 280, 61, 198, 148, 101, 177, 109]
R9[204, 269, 254, 100, 242, 255, 184, 49, 67, 247, 111]
R10[108, 21, 45, 201, 132, 22, 161, 164, 141, 52, 46, 259, 225, 199, 37, 192, 154, 1]
R11[14, 116, 91, 286, 159, 34, 149, 197, 287, 76]
R12[98, 139, 278, 230, 278, 122, 215, 278, 128, 30, 12, 47, 162, 81, 143, 84, 19]
R13[196, 241, 26, 123, 36, 29, 238, 219, 88, 130, 210, 229, 138, 55]
R14[163, 267, 175, 279, 270, 87, 137, 261, 216, 78, 74]
R15[167, 33, 228, 246, 129, 166, 195, 102, 106]
R16[99, 95, 271, 214, 6, 93, 189, 9, 244, 178, 207, 134, 63, 174, 208, 113]
R17[170, 183, 155, 50, 206, 7, 94, 239, 227, 203, 82]
R18[151, 250, 234, 16, 97, 13, 73, 126, 2, 96, 237]
R19[181, 211, 232, 145, 83, 168, 249, 127, 188, 133, 236, 223, 107, 191, 274, 65, 64]
------------------------------------------
