Antes de iniciar JVM
Antes de llamar a Controller
Antes de apagar la JVM
FIN
 
------------------------------------------
HEURÍSTICA DE CONSTRUCCIÓN: CMT
COSTO TOTAL: 4043.28
TOTAL DE RUTAS: 23
TIEMPO DE EJECUCIÓN: 14.992790937423706
 
R1[118, 176, 190, 253, 253, 125, 39, 172, 264, 39, 60, 28, 150, 72, 39, 277, 281, 86, 265, 200, 11, 285, 160, 117, 218, 8, 220, 69]
R2[248, 213, 147, 169, 275, 110, 119, 136, 59, 140, 131, 90]
R3[256, 251, 185, 266, 224, 194, 112, 276, 41, 25, 224, 44]
R4[263, 186, 258, 120, 142]
R5[42, 68, 205, 124, 212, 80, 20, 243, 105, 103]
R6[187, 193, 35, 193, 257, 27, 171, 171, 5, 15, 165, 56, 202, 10, 51, 235]
R7[70, 158, 43, 48]
R8[282, 272, 135, 288, 135, 288, 135, 135, 177, 114, 66, 75, 198, 148, 38, 221, 17, 245, 146, 179, 109, 153, 111, 156]
R9[157, 79, 31, 32, 31, 115]
R10[173, 3, 255, 269, 254, 262, 242, 184, 184, 247, 49, 242, 231, 184, 184, 67, 247, 204, 53, 260, 233, 283]
R11[222, 71, 89, 240, 89, 92]
R12[167, 81, 228, 81, 33, 12, 108, 163, 139, 106, 228, 228, 139, 139, 98, 252, 102]
R13[164, 161, 22, 45, 141, 154, 1]
R14[128, 121, 201, 132, 30, 30, 278, 21, 122, 230]
R15[238, 29, 36, 219, 123]
R16[229, 130, 138, 138, 130, 210, 55, 270, 87, 175, 74, 137, 88]
R17[196, 162, 241, 52, 241, 26, 46, 192, 225, 52, 259, 52, 166, 246, 195, 267]
R18[216, 286, 149, 287, 34, 159, 197, 287, 34, 34, 143, 76]
R19[268, 58]
R20[97, 113, 13, 16, 93, 6, 214, 6, 271, 189, 73]
R21[134, 244, 178, 207, 63, 206, 174, 208, 178, 9, 178, 50]
R22[209, 40, 18, 82, 82, 203, 239, 155, 170, 183, 23, 57, 62, 64, 126]
R23[191, 168, 83, 96, 2, 151, 223, 236, 133, 188, 95, 127, 95, 99, 95, 95, 237, 65, 274, 211, 232, 181, 107]
------------------------------------------
