Antes de iniciar JVM
Antes de llamar a Controller
Antes de apagar la JVM
FIN
 
------------------------------------------
HEURÍSTICA DE CONSTRUCCIÓN: MatchingBasedSavingAlgorithm
COSTO TOTAL: 6332.52
TOTAL DE RUTAS: 22
TIEMPO DE EJECUCIÓN: 0.8348684310913086
 
R1[104, 248, 258, 142, 59, 68, 80, 205, 275, 119, 136, 110, 110, 110]
R2[200, 251, 224, 41, 263, 147, 213, 140, 213, 169, 20, 273, 243, 150, 266]
R3[180, 190, 60, 253, 277, 125, 28, 44, 186, 44, 25, 276, 112, 131, 90]
R4[185, 118, 176, 72, 77, 172, 176, 281, 264, 39, 256, 69]
R5[117, 285, 11, 86, 265, 220, 194, 218, 160, 120, 42]
R6[104, 248, 258, 142, 59, 68, 80, 205, 275, 119, 136, 110, 110, 110]
R7[200, 251, 224, 41, 263, 147, 213, 140, 213, 169, 20, 273, 243, 150, 266]
R8[180, 190, 60, 253, 277, 125, 28, 44, 186, 44, 25, 276, 112, 131, 90]
R9[185, 118, 176, 72, 77, 172, 176, 281, 264, 39, 256, 69]
R10[117, 285, 11, 86, 265, 220, 194, 218, 160, 120, 42]
R11[141]
R12[238, 219, 36, 29, 123, 26, 225, 259, 199, 37, 164, 22, 132, 154, 161]
R13[108, 175, 55, 138, 229, 88, 196, 1, 45, 46, 46, 162, 241, 46, 52, 21, 210, 130]
R14[163, 121, 30, 102, 98, 279, 129, 47, 47, 163, 47, 12, 270, 278]
R15[267, 246, 122, 33, 182, 122, 197, 143, 122, 159]
R16[19, 195, 252, 228, 287, 139, 76, 81, 215, 167, 34, 286]
R17[78, 87, 261, 74, 106, 137, 261, 137, 261, 116]
R18[13, 97, 50, 94, 207, 206, 63, 208, 174, 134, 7, 244, 9, 178, 189, 93, 214]
R19[239, 155, 227, 183, 170, 113, 99, 113, 73, 234, 16]
R20[236, 65, 126, 57, 237, 274, 64, 62, 96, 2, 151, 250, 95, 127]
R21[191, 40, 107, 18, 168, 145, 23, 223, 133, 249, 188, 188, 249]
R22[232, 181, 211, 83, 58, 209, 268, 6]
------------------------------------------
