Antes de iniciar JVM
Antes de llamar a Controller
Antes de apagar la JVM
FIN
 
------------------------------------------
HEURÍSTICA DE CONSTRUCCIÓN: NearestNeighborWithRLC
COSTO TOTAL: 9113.1
TOTAL DE RUTAS: 23
TIEMPO DE EJECUCIÓN: 3.6147937774658203
 
R1[281, 86, 264, 39, 77, 180, 172, 285, 253, 160, 60, 118, 277, 72, 190]
R2[176, 11, 265, 218, 125, 220, 185, 117, 251, 200, 194, 164, 141]
R3[256, 28, 44, 69, 8, 90, 120, 276, 25, 112, 131, 150]
R4[224, 41, 186, 266, 20, 105, 273, 140, 263, 213, 147, 243, 103]
R5[248, 104, 59, 169, 205, 258, 80, 136, 68, 142, 110, 119, 275, 42]
R6[124, 212, 286]
R7[38, 245, 221, 282, 177, 179, 66, 100, 272, 156, 17]
R8[135, 146, 109, 114, 3, 111, 153, 247, 217, 288, 54, 242, 231, 75]
R9[173, 255, 204, 148, 49, 67, 198, 101, 284, 254, 184, 262]
R10[202, 53, 15, 269, 280, 144, 165, 260, 171, 233, 5, 51, 187, 61, 152, 27]
R11[235, 4, 35, 283, 79, 92, 31, 10, 115, 32, 222, 85, 257, 157, 71, 193, 56]
R12[89, 24, 43, 240, 48, 226, 158, 70]
R13[98, 252, 102, 19, 106, 139, 228, 267, 167, 246, 81, 166, 195]
R14[215, 129, 84, 33, 47, 12, 175, 270, 87, 74, 182, 108, 163, 196]
R15[78, 76, 162, 88, 137, 279, 241, 46, 122, 14, 30, 52, 130]
R16[128, 229, 138, 55, 116, 21, 121, 210, 219, 143, 259, 216]
R17[1, 45, 278, 91, 238, 261, 154, 26, 22, 225, 123, 29]
R18[36, 230, 201, 287, 37, 132, 34, 192, 197, 199, 161, 149, 159]
R19[211, 181, 274, 191, 237, 40, 64, 65, 232, 23, 209, 2]
R20[96, 145, 151, 107, 126, 83, 62, 57, 223, 168, 250, 58, 18, 236, 188]
R21[133, 268, 249, 113, 73, 170, 82, 50]
R22[155, 234, 183, 13, 203, 127, 99, 16, 97, 95, 227, 208, 63, 174]
R23[207, 206, 239, 178, 94, 134, 7, 244, 9, 271, 93, 6, 189, 214]
------------------------------------------
