Antes de iniciar JVM
Antes de llamar a Controller
Antes de apagar la JVM
FIN
 
------------------------------------------
HEURÍSTICA DE CONSTRUCCIÓN: CMT
COSTO TOTAL: 4268.85
TOTAL DE RUTAS: 23
TIEMPO DE EJECUCIÓN: 15.341421604156494
 
R1[180, 281, 190, 125, 264, 39, 60, 72, 218, 117, 118, 176, 11, 218, 277, 86, 265, 160, 265, 77, 172, 253, 28]
R2[186, 120, 263, 258, 258, 25, 44, 224, 266, 185, 251, 256, 194, 59, 276, 104, 136]
R3[119, 275, 110, 248, 169, 147, 213, 140, 41, 112, 131, 90]
R4[80, 124, 42, 212, 68, 205]
R5[105, 103, 273, 20, 150, 20, 69, 8, 200]
R6[101, 177, 114, 66, 148, 198, 148, 148, 288, 282, 272, 111, 38, 247, 109, 153, 156, 221, 245]
R7[71, 85, 222, 92, 235]
R8[115, 70, 158, 43, 48, 32, 31, 283, 79, 4]
R9[240, 89, 157]
R10[269, 152, 254, 260, 53, 233, 54, 217, 49, 67, 231, 231, 242, 231, 231, 242, 231, 3, 284, 17, 146, 204]
R11[24, 226, 24, 56, 10, 61, 51, 144, 280, 187, 27, 193, 35, 5, 171, 15, 165, 75, 202]
R12[128, 121, 12, 122, 182, 278, 230, 278, 230, 182, 215, 33, 122, 84]
R13[14, 116, 91, 159, 286, 34, 287, 149, 197, 143, 216, 76, 78, 137]
R14[37, 199, 225, 219, 26, 36, 26, 123, 259, 192]
R15[167, 81, 139, 19, 267, 47, 74, 98, 228, 98, 106, 195, 102, 252, 228, 106]
R16[229, 210, 138, 130, 138, 270, 55, 138, 279, 175, 29, 88]
R17[129, 166, 246, 241, 196, 46, 162]
R18[164, 141, 45, 22, 161, 22, 1]
R19[244, 178, 189, 93, 244, 9, 189, 244, 207]
R20[82, 203, 227, 239, 155, 183]
R21[271, 99, 127, 95, 133, 188, 249, 188, 236, 223]
R22[58, 40, 23, 107, 232, 181, 211, 18, 209, 268, 83, 168, 145, 211]
R23[126, 97, 234, 13, 113, 250, 73, 50, 206, 94, 134, 63, 134, 174, 63, 151, 57, 62, 274, 65, 2, 64, 96, 237]
------------------------------------------
