Antes de iniciar JVM
Antes de llamar a Controller
Antes de apagar la JVM
FIN
 
------------------------------------------
HEURÍSTICA DE CONSTRUCCIÓN: SaveSequential
COSTO TOTAL: 5143.63
TOTAL DE RUTAS: 23
TIEMPO DE EJECUCIÓN: 0.7090625762939453
 
R1[120, 186, 258, 142, 119, 275, 110, 42, 212, 124, 80, 68, 205, 103, 243, 140, 59, 104]
R2[277, 28, 273, 150, 20, 105, 169, 248, 136, 147, 213, 266, 185]
R3[8, 69, 200, 72, 90, 131, 112, 41, 276, 25, 224, 263, 44, 251]
R4[180, 190, 125, 176, 118, 253, 60, 256, 194, 220, 218]
R5[39, 264, 172, 77, 265, 160, 285, 117, 11, 281, 86]
R6[38, 35, 193, 257, 24, 226, 56, 10, 51, 61, 280, 144, 187, 5, 27, 85, 71, 222, 115, 109, 114, 66]
R7[15, 171, 235, 89, 240, 157, 158, 70, 43, 48, 32, 31]
R8[204, 54, 92, 4, 79, 283, 260, 233, 53, 284, 262, 152, 254, 269, 231]
R9[146, 165, 202, 75, 288, 148, 198, 101, 153, 247, 67, 49, 184, 255]
R10[100, 242, 3, 173, 217, 17, 221, 272, 282, 135, 177]
R11[245, 156, 111, 179]
R12[167, 30, 121, 132, 201, 161, 164, 141, 37, 192, 154, 1, 22, 45, 47]
R13[55, 210, 229, 138, 130, 238, 29, 36, 123, 199, 225, 259, 26, 52, 241, 46]
R14[122, 230, 149, 34, 159, 286, 287, 197, 278, 182]
R15[252, 219, 88, 279, 270, 261, 216, 91, 116, 14, 76, 84, 12, 139]
R16[98, 102, 129, 196, 162, 163, 108, 21, 128, 143, 78, 137, 74, 87, 175, 19]
R17[267, 166, 246, 33, 215, 81, 228, 106]
R18[195]
R19[23, 227, 239, 94, 7, 244, 9, 189, 93, 6, 214, 271, 178, 207]
R20[236, 249, 127, 99, 95, 16, 234, 97, 208, 134, 63, 174, 206, 50, 183, 62]
R21[145, 168, 188, 133, 223, 151, 250, 13, 113, 73, 126, 96, 65]
R22[107, 211, 209, 268, 58, 18, 82, 203, 155, 170, 57, 64]
R23[40, 181, 83, 232, 191, 274, 2, 237]
------------------------------------------
