Antes de iniciar JVM
Antes de llamar a Controller
Antes de apagar la JVM
FIN
 
------------------------------------------
HEURÍSTICA DE CONSTRUCCIÓN: CMT
COSTO TOTAL: 4102.11
TOTAL DE RUTAS: 22
TIEMPO DE EJECUCIÓN: 14.643800973892212
 
R1[42, 212, 124, 68]
R2[186, 120, 44, 224, 258, 263, 142, 266, 117]
R3[265, 160, 218, 185, 251, 185, 218, 185, 69, 25, 185, 218, 11, 200, 72, 8]
R4[118, 176, 125, 190, 190, 253, 277, 86, 60, 39, 264, 77, 180, 28, 60, 273, 150]
R5[169, 104, 248, 136, 59, 136, 136, 275, 136, 80, 103, 243, 20, 105, 140, 213, 147, 41, 112, 90, 131]
R6[269, 49, 254, 173, 231, 242, 184, 254, 262, 254, 184, 254, 231, 3, 67, 217]
R7[32, 31, 79, 70, 158, 70, 70, 70, 70, 157, 4]
R8[54, 100, 204, 245, 111, 153, 111, 111, 109, 156, 156, 156, 156, 38]
R9[24, 226, 56, 257, 10]
R10[177, 148, 272, 282, 135, 198, 101, 101, 114, 114, 66, 114, 75, 144, 51, 202]
R11[235, 92, 233, 85, 240, 89, 71, 71, 85, 35, 85, 85, 85, 27, 171, 15]
R12[122, 278, 143, 182, 121, 128, 76, 34, 287, 197, 197, 197, 286, 30, 14]
R13[167, 81, 84, 215, 81, 139, 228, 106, 228, 228, 47, 163, 246, 108, 98]
R14[279, 102, 252, 267, 87, 270, 175, 55, 229, 138, 210, 130, 210, 88, 195]
R15[216, 91, 159, 116, 78, 261, 137]
R16[22, 45, 21, 201, 132, 201, 164, 1, 154]
R17[46, 225, 123, 26, 37, 192, 141, 199, 36, 238, 29, 219, 259, 162, 196, 52, 241, 166, 129]
R18[209, 40, 145, 181, 211, 211, 62, 64, 57, 18, 268, 58, 268, 168, 232]
R19[65, 237, 274, 2, 73, 151, 274, 107, 223, 16, 236, 73, 126, 126, 274, 2, 2, 96, 50]
R20[134, 7, 9, 244, 178, 207, 208, 63, 174, 189, 206, 94]
R21[203, 227, 239, 155, 82, 183, 170]
R22[214, 6, 214, 271, 99, 95, 127, 133, 188, 249]
------------------------------------------
