Antes de iniciar JVM
Antes de llamar a Controller
Antes de apagar la JVM
FIN
 
------------------------------------------
HEURÍSTICA DE CONSTRUCCIÓN: CMT
COSTO TOTAL: 3955.86
TOTAL DE RUTAS: 22
TIEMPO DE EJECUCIÓN: 15.212628364562988
 
R1[112, 69, 8, 69, 200, 256, 105, 105, 8, 131, 41, 90, 131, 41, 194, 147]
R2[39, 125, 176, 118, 190, 180, 253, 28, 277, 264, 77, 150, 60, 253, 281, 264, 60, 86]
R3[212, 124, 80, 205, 68, 42, 103, 243]
R4[265, 285, 285, 218, 285, 160, 285, 285, 218, 220, 251, 44, 25, 224, 263, 266]
R5[248, 142, 275, 119, 275, 110, 136, 59, 104]
R6[4, 31, 79, 32, 283, 79, 89, 240, 89, 89, 92, 85, 71, 235, 27, 233]
R7[54, 284, 262, 53, 53, 53, 53, 53, 217, 173, 53, 15, 204, 202]
R8[70, 158, 43, 48]
R9[67, 49, 247, 184, 152, 184, 269, 255, 231, 242, 153, 111, 109]
R10[282, 38, 245, 156, 156, 156, 156, 156, 221, 135, 17, 146, 148, 198, 144, 280, 75, 288, 177, 179, 179, 61]
R11[51, 10, 226, 56, 24, 257, 35, 193, 187]
R12[34, 286, 286, 91, 116, 159, 159, 197, 14, 216]
R13[230, 278, 143, 122, 121, 128, 132]
R14[229, 138, 270, 219, 279, 210, 36, 279, 279, 229, 138, 229, 55, 229, 175, 137, 26]
R15[46, 166, 195, 102, 267, 267, 267, 52, 241, 199, 225, 259, 241, 196, 162, 246, 87, 74]
R16[164, 161, 22, 1, 45, 141, 154, 192, 37, 201]
R17[167, 84, 215, 33, 12, 47, 163, 47, 21, 30, 30, 30, 182, 30, 139, 228, 81, 106]
R18[127, 99, 95, 133, 188, 249, 188, 236, 168]
R19[134, 244, 207, 174, 174, 174, 63, 174, 7, 174, 174, 50, 97, 13, 113]
R20[93, 6, 214, 271, 189]
R21[239, 227, 203, 82, 155, 183, 170, 18]
R22[58, 268, 58, 209, 107, 211, 83, 65, 40, 151, 232, 57, 62, 73, 234, 223, 250, 65, 23, 181, 191, 96, 2, 64, 237, 274]
------------------------------------------
