Antes de iniciar JVM
Antes de llamar a Controller
Antes de apagar la JVM
FIN
 
------------------------------------------
HEURÍSTICA DE CONSTRUCCIÓN: NearestNeighborWithRLC
COSTO TOTAL: 9016.88
TOTAL DE RUTAS: 23
TIEMPO DE EJECUCIÓN: 3.4464497566223145
 
R1[180, 86, 39, 172, 264, 77, 281, 265, 253, 60, 160, 285, 277, 72, 164]
R2[218, 118, 190, 11, 117, 220, 125, 176, 185, 28, 200, 69, 251, 159, 161, 141]
R3[256, 44, 8, 150, 25, 194, 120, 276, 273, 112, 131]
R4[90, 224, 186, 41, 105, 20, 213, 140, 147, 266, 263, 104, 103]
R5[248, 169, 59, 243, 136, 80, 258, 110, 142, 212, 68, 275, 205, 119]
R6[124, 42, 149, 286]
R7[156, 245, 38, 179, 177, 66, 100, 282, 221, 17, 111, 114, 146, 109]
R8[272, 3, 153, 247, 135, 217, 288, 242, 173, 204, 54, 75, 148]
R9[255, 184, 67, 231, 198, 284, 269, 101, 262, 254]
R10[49, 53, 15, 165, 202, 152, 144, 280, 260, 187, 5, 51, 283, 233, 61, 235, 35, 171, 4]
R11[27, 79, 92, 10, 193, 32, 85, 115, 222, 31, 48, 257, 56]
R12[89, 71, 43, 157, 24, 158, 70, 240, 226]
R13[98, 106, 102, 19, 195, 252, 228, 139, 267, 81, 167, 166, 246]
R14[129, 33, 175, 215, 47, 84, 163, 270, 87, 12, 182, 108, 74]
R15[279, 196, 88, 162, 78, 137, 122, 30, 241, 46, 138, 14, 76, 52]
R16[128, 21, 130, 116, 55, 229, 219, 143, 210, 259]
R17[1, 121, 45, 261, 26, 278, 216, 238, 91, 154, 22, 123]
R18[29, 36, 287, 201, 197, 230, 37, 192, 132, 34, 199, 225]
R19[64, 211, 191, 274, 65, 237, 23, 40, 232, 209, 181, 2, 107, 145]
R20[126, 57, 62, 151, 223, 58, 96, 83, 250, 133, 188, 168]
R21[18, 236, 268, 249, 113, 82, 13, 73, 183, 170, 155, 127]
R22[234, 95, 50, 16, 174, 203, 97, 208, 99, 227, 63, 207, 206]
R23[134, 239, 94, 244, 7, 178, 189, 9, 271, 6, 214, 93]
------------------------------------------
