Antes de iniciar JVM
Antes de llamar a Controller
Antes de apagar la JVM
FIN
 
------------------------------------------
HEURÍSTICA DE CONSTRUCCIÓN: RandomMethod
COSTO TOTAL: 11347.83
TOTAL DE RUTAS: 23
TIEMPO DE EJECUCIÓN: 0.2505524158477783
 
R1[69, 86, 276, 72, 172, 253, 281, 218, 285, 25, 39, 275, 136]
R2[42, 186, 160, 125, 147, 264, 212, 90, 142, 224, 8, 258, 185, 194, 277, 213]
R3[59, 180, 103, 190, 256, 68, 273, 243, 117, 251, 110, 263, 119, 220]
R4[176, 248, 104, 11, 205, 266, 200, 60, 140, 80, 124, 105, 169]
R5[112, 28, 131, 265, 118, 120, 44, 77, 20, 150]
R6[41, 143, 270, 78]
R7[148, 282, 71, 85, 49, 255, 226, 231, 202, 31, 54, 27]
R8[158, 32, 187, 70, 114, 269, 254, 111, 242, 222, 17, 177]
R9[157, 48, 61, 38, 56, 144, 66, 75, 5, 245, 280, 15, 4, 43, 260, 284, 288, 217]
R10[35, 135, 257, 24, 152, 109, 179, 165, 198, 79, 53, 10, 92, 193]
R11[156, 240, 221, 283, 89, 272, 115, 100, 146, 3, 204, 235, 184, 67, 171]
R12[173, 247, 153, 233, 101, 262, 51]
R13[121, 230, 287, 167, 26, 154, 259, 45, 137, 216, 201]
R14[102, 74, 161, 19, 22, 229, 219, 196, 182, 195, 279, 46, 21]
R15[210, 132, 88, 36, 166, 286, 241, 30, 162, 33, 129, 225, 278, 76, 98, 14]
R16[1, 215, 55, 246, 138, 159, 130, 52, 261, 149]
R17[128, 267, 84, 123, 106, 199, 164, 34, 108, 122, 87]
R18[228, 47, 12, 116, 175, 29, 252, 139, 238, 91, 197, 141, 192, 81, 37, 163]
R19[97, 234, 236, 50, 211, 126, 274, 94, 63, 57, 271, 189, 244, 95, 183, 188]
R20[223, 214, 208, 134, 155, 181, 99, 64, 73, 18, 93, 168, 203, 13]
R21[206, 237, 127, 16, 62, 209, 83, 6, 113, 9, 96]
R22[58, 227, 178, 268, 232, 151, 40, 65, 249, 2, 107]
R23[250, 23, 82, 7, 191, 133, 207, 145, 170, 174, 239]
------------------------------------------
