Antes de iniciar JVM
Antes de llamar a Controller
Antes de apagar la JVM
FIN
 
------------------------------------------
HEURÍSTICA DE CONSTRUCCIÓN: SaveSequential
COSTO TOTAL: 5012.83
TOTAL DE RUTAS: 23
TIEMPO DE EJECUCIÓN: 0.721343994140625
 
R1[200, 243, 103, 205, 68, 42, 212, 124, 80, 110, 275, 119, 136, 59, 142, 258, 266, 140]
R2[285, 186, 263, 224, 104, 248, 147, 213, 169, 131, 90, 105, 69, 185]
R3[180, 190, 125, 176, 118, 253, 28, 273, 150, 20, 8, 112]
R4[39, 277, 60, 72, 256, 41, 276, 25, 44, 120, 117, 11, 251]
R5[265, 220, 194, 218, 281, 86, 160, 77, 172, 264]
R6[115, 43, 158, 157, 240, 89, 71, 35, 193, 257, 24, 226, 56, 10, 51, 61]
R7[235, 27, 85, 222, 4, 79, 31, 32, 70, 48, 152, 49, 67, 109, 114]
R8[66, 187, 217, 284, 53, 260, 233, 92, 283, 254, 269, 262, 231, 255, 184]
R9[247, 153, 101, 198, 148, 288, 280, 144, 165, 5, 171, 15, 202, 75, 204, 54, 146, 17]
R10[100, 242, 3, 173, 245, 221, 272, 282, 135, 177]
R11[38, 156, 111, 179]
R12[132, 121, 30, 33, 201, 161, 164, 141, 37, 192, 154, 1, 22, 278]
R13[229, 210, 130, 88, 238, 29, 36, 123, 199, 225, 259, 26, 219, 46, 52, 241, 162]
R14[137, 261, 216, 159, 286, 34, 149, 197, 287, 91, 76, 84]
R15[81, 12, 163, 47, 108, 21, 45, 128, 230, 143, 122, 182, 215, 14]
R16[19, 139, 116, 78, 74, 87, 55, 138, 279, 270, 175, 166, 98]
R17[106, 228, 167, 246, 196, 129, 267, 102, 195]
R18[252]
R19[62, 183, 239, 94, 7, 244, 9, 189, 93, 6, 214, 271, 178, 207, 134, 63, 174, 208, 236]
R20[206, 73, 113, 13, 234, 97, 16, 95, 99, 127, 249, 188, 107]
R21[145, 83, 168, 133, 223, 151, 250, 50, 170, 155, 18]
R22[126, 57, 227, 203, 82, 209, 58, 268, 211, 232, 191]
R23[181, 40, 23, 64, 237, 96, 2, 65, 274]
------------------------------------------
