Antes de iniciar JVM
Antes de llamar a Controller
Antes de apagar la JVM
FIN
 
------------------------------------------
HEURÍSTICA DE CONSTRUCCIÓN: SaveSequential
COSTO TOTAL: 5028.47
TOTAL DE RUTAS: 23
TIEMPO DE EJECUCIÓN: 0.6843967437744141
 
R1[140, 80, 68, 212, 42, 248, 131, 169, 110, 275, 119, 136, 59, 142, 258, 263, 186]
R2[251, 185, 266, 104, 213, 147, 205, 124, 103, 243, 105, 20, 150, 273, 200, 69]
R3[180, 39, 277, 28, 60, 8, 90, 112, 41, 276, 25, 224]
R4[265, 218, 160, 220, 256, 194, 256, 120, 117, 11]
R5[264, 72, 77, 172, 253, 125, 190, 176, 118, 281, 285, 86]
R6[204, 235, 71, 89, 240, 157, 158, 70, 43, 48, 115, 32, 31, 79, 4, 35]
R7[269, 254, 152, 262, 283, 222, 85, 27, 92, 233, 260, 53, 284, 217]
R8[109, 66, 114, 288, 280, 56, 226, 24, 257, 193, 10, 51, 61, 144, 187, 5, 171, 165, 202, 15]
R9[101, 153, 247, 67, 49, 184, 255, 231, 242, 3, 173, 54]
R10[38, 221, 245, 146, 17, 75, 148, 198, 135, 272, 282, 177]
R11[100, 156, 111, 179]
R12[88, 238, 29, 36, 123, 199, 225, 259, 26, 219, 46, 52, 241, 37, 141, 192, 164, 161, 132, 159]
R13[116, 91, 286, 34, 149, 197, 287, 230, 278, 84]
R14[163, 47, 108, 1, 154, 22, 45, 201, 21, 121, 128, 30, 182]
R15[19, 139, 12, 162, 166, 130, 210, 229, 138, 55, 261, 216, 78, 137, 74, 175]
R16[81, 33, 215, 122, 143, 76, 14, 87, 270, 279, 98]
R17[228, 167, 246, 196, 129, 195, 102, 267, 102]
R18[106]
R19[23, 227, 239, 94, 7, 244, 9, 189, 93, 6, 214, 271, 178, 207]
R20[183, 206, 174, 63, 134, 208, 113, 13, 234, 97, 16, 95, 99, 127, 249, 236]
R21[107, 145, 168, 83, 188, 133, 223, 151, 250, 73, 50, 203]
R22[65, 96, 126, 57, 62, 170, 155, 82, 18, 58, 268, 209]
R23[40, 181, 211, 232, 191, 274, 2, 237, 64]
------------------------------------------
