Antes de iniciar JVM
Antes de llamar a Controller
Antes de apagar la JVM
FIN
 
------------------------------------------
HEURÍSTICA DE CONSTRUCCIÓN: RandomMethod
COSTO TOTAL: 11114.89
TOTAL DE RUTAS: 22
TIEMPO DE EJECUCIÓN: 0.26212191581726074
 
R1[124, 253, 213, 142, 224, 176, 118, 276, 25, 86, 84]
R2[277, 60, 136, 105, 72, 251, 212, 69, 180, 200, 172, 8, 80, 41, 131, 77, 160, 264]
R3[185, 103, 112, 90, 275, 194, 119, 11, 44, 263, 139]
R4[28, 104, 147, 20, 248, 273, 243, 59, 256, 150, 68, 169, 190, 39]
R5[265, 125, 120, 258, 117, 205, 110, 218, 266, 285, 186, 140, 42, 281, 220]
R6[233, 280, 109, 10, 115, 221, 284, 66, 70, 71, 240, 148, 245, 235, 269, 49, 217, 260]
R7[24, 43, 38, 89, 158, 254, 152, 153, 17, 27, 79, 54, 114]
R8[156, 171, 56, 92, 231, 173, 101, 283, 204, 179, 53, 165, 144, 31]
R9[111, 135, 288, 282, 255, 198, 67, 177, 85, 35]
R10[100, 51, 202, 222, 184, 272, 257, 75, 15, 32, 157, 193]
R11[3, 262, 187, 226, 61, 242, 5, 146, 247, 4, 48, 34, 230]
R12[197, 261, 91, 88, 161, 286, 37, 22, 19, 98, 162, 123, 215, 182, 238]
R13[138, 241, 87, 122, 270, 167, 164, 219, 26, 199, 141, 201, 45]
R14[196, 29, 46, 52, 246, 279, 159, 81, 166, 267, 192, 287]
R15[55, 121, 129, 175, 130, 106, 47, 225, 137, 149, 143, 132]
R16[30, 154, 252, 195, 33, 216, 21, 229, 163, 36, 76, 278, 102, 1]
R17[14, 228, 12, 210, 78, 116, 108, 128, 259, 74]
R18[181, 58, 64, 96, 133, 95, 274, 223, 82, 97, 191, 18, 23, 65, 93]
R19[188, 7, 94, 57, 168, 268, 209, 73, 155, 107]
R20[237, 9, 16, 236, 113, 2, 83, 99, 208, 174, 178, 214, 183, 249, 227]
R21[206, 134, 6, 250, 63, 62, 207, 239, 203, 211, 271, 126, 40]
R22[151, 50, 189, 145, 244, 234, 232, 13, 127, 170]
------------------------------------------
