Antes de iniciar JVM
Antes de llamar a Controller
Antes de apagar la JVM
FIN
 
------------------------------------------
HEURÍSTICA DE CONSTRUCCIÓN: NearestNeighborWithRLC
COSTO TOTAL: 8855.95
TOTAL DE RUTAS: 23
TIEMPO DE EJECUCIÓN: 3.4764678478240967
 
R1[180, 86, 39, 281, 172, 264, 77, 265, 285, 60, 160, 118, 277, 159, 141]
R2[253, 72, 176, 218, 190, 117, 11, 125, 185, 251, 220, 194, 200, 161]
R3[256, 69, 8, 25, 44, 90, 150, 28, 120, 276, 273, 131]
R4[224, 186, 20, 266, 41, 112, 213, 140, 105, 243, 147, 104, 169, 103]
R5[205, 263, 258, 59, 136, 110, 68, 142, 212, 248, 119, 275, 80]
R6[124, 42, 149]
R7[156, 245, 179, 282, 38, 66, 221, 177, 272, 114, 17, 111]
R8[100, 146, 109, 135, 153, 3, 173, 247, 288, 54, 217, 204, 75, 255, 148]
R9[184, 49, 242, 231, 101, 67, 269, 284, 254, 262, 202]
R10[198, 280, 15, 144, 152, 53, 233, 165, 260, 171, 187, 5, 283, 51, 61, 27, 35, 4]
R11[92, 79, 235, 31, 115, 10, 85, 193, 222, 157, 32, 257, 56, 48, 43]
R12[71, 240, 70, 24, 89, 158, 226]
R13[106, 19, 252, 228, 195, 102, 98, 139, 167, 267, 84, 166, 81, 215]
R14[33, 246, 12, 47, 175, 129, 163, 108, 87, 270, 74, 182, 76]
R15[279, 88, 78, 137, 162, 122, 196, 241, 138, 14, 46, 30, 52, 229]
R16[128, 116, 55, 130, 121, 21, 210, 219, 259, 278, 143, 45]
R17[261, 216, 91, 238, 26, 1, 22, 154, 201, 29, 36, 123]
R18[230, 197, 225, 287, 37, 132, 192, 199, 286, 34, 164]
R19[211, 181, 64, 274, 65, 191, 40, 237, 23, 209, 2, 232, 145]
R20[96, 151, 107, 57, 83, 223, 126, 18, 62, 168, 250, 58, 236, 133, 249]
R21[188, 268, 73, 170, 13, 82, 50, 155, 113]
R22[234, 95, 203, 183, 16, 127, 99, 208, 227, 97, 239, 63, 207, 174]
R23[134, 244, 206, 7, 178, 94, 9, 189, 271, 214, 93, 6]
------------------------------------------
