Antes de iniciar JVM
Antes de llamar a Controller
Antes de apagar la JVM
FIN
 
------------------------------------------
HEURÍSTICA DE CONSTRUCCIÓN: SaveSequential
COSTO TOTAL: 5095.4
TOTAL DE RUTAS: 23
TIEMPO DE EJECUCIÓN: 0.7018892765045166
 
R1[200, 243, 103, 205, 42, 212, 124, 80, 68, 205, 169, 110, 275, 119, 59, 140]
R2[120, 186, 263, 224, 266, 142, 258, 136, 248, 147, 213, 104, 41, 112]
R3[218, 185, 251, 220, 69, 8, 90, 131, 194, 256, 276, 25, 72]
R4[77, 60, 150, 273, 20, 28, 277, 253, 125, 190, 176, 118, 117]
R5[86, 44, 160, 265, 285, 11, 281, 180, 39, 172, 264]
R6[115, 222, 157, 240, 89, 71, 35, 202, 193, 257, 24, 226, 56, 10, 51, 61, 280, 144, 187]
R7[66, 114, 109, 48, 43, 158, 70, 32, 31, 79, 4, 92, 85, 27, 235]
R8[254, 152, 49, 67, 247, 111, 179, 269, 283, 260, 233, 53, 171]
R9[15, 204, 54, 3, 217, 173, 284, 262, 231, 255, 184, 242]
R10[100, 153, 221, 272, 282, 135, 17, 146, 5, 165, 75, 288, 148, 198, 101]
R11[177, 38, 245, 156]
R12[252, 37, 52, 46, 88, 55, 138, 229, 210, 238, 29, 219, 36, 123, 199, 225, 259, 26, 29, 159]
R13[14, 91, 286, 34, 149, 197, 287, 230, 278, 84, 139]
R14[98, 162, 47, 1, 154, 192, 141, 164, 22, 21, 108, 22, 201, 132, 121, 128]
R15[267, 166, 241, 196, 129, 130, 279, 270, 261, 19]
R16[163, 12, 33, 30, 182, 122, 143, 76, 116, 216, 78, 137]
R17[228, 81, 215, 167, 246, 195, 102, 175, 87, 74]
R18[106]
R19[206, 94, 7, 244, 9, 189, 93, 6, 214, 271, 178, 207, 134, 63, 174, 208, 97]
R20[145, 268, 58, 18, 82, 203, 227, 239, 155, 183, 170, 62, 126]
R21[191, 133, 95, 99, 127, 249, 188, 236, 16, 234, 13, 113, 274]
R22[64, 23, 57, 50, 73, 250, 151, 223, 107, 232, 168, 83, 211]
R23[181, 209, 40, 96, 2, 65, 237]
------------------------------------------
