Antes de iniciar JVM
Antes de llamar a Controller
Antes de apagar la JVM
FIN
 
------------------------------------------
HEURÍSTICA DE CONSTRUCCIÓN: CMT
COSTO TOTAL: 4045.99
TOTAL DE RUTAS: 22
TIEMPO DE EJECUCIÓN: 15.26533818244934
 
R1[118, 176, 125, 190, 11, 117]
R2[266, 224, 44, 263, 186, 120, 258, 25, 276, 41]
R3[39, 180, 281, 77, 72, 265, 185, 251, 218, 60, 277, 264, 172, 172, 86, 172, 172, 172, 220, 194, 256, 69, 200, 273, 150, 112, 8, 90]
R4[59, 142, 136, 110, 275, 119, 275, 248, 140]
R5[68, 42, 212, 124, 80, 103, 205, 20, 131, 169, 147, 213, 147, 105]
R6[233, 53, 260, 152, 269, 3, 231, 283, 217, 284, 217, 173, 54, 262, 54]
R7[5, 35, 165, 187, 202, 202, 202, 165, 15, 165, 75, 10, 75, 204, 193, 288, 146, 272, 17]
R8[240, 89, 71]
R9[24, 226, 56, 257]
R10[101, 198, 114, 66, 177, 245, 221, 179, 111, 109, 179, 156, 282, 135, 66, 177, 38, 221, 100, 49, 184, 255, 242]
R11[4, 43, 70, 158, 70, 43, 48, 222, 235, 32, 115, 31, 79, 92]
R12[164, 161, 22, 192, 141, 154, 192]
R13[123, 52, 241, 52, 129, 162, 196, 46, 219, 36, 26, 26, 225, 259, 46, 29, 267]
R14[163, 1, 21, 45, 201, 108, 47, 246]
R15[216, 78, 14, 116, 91, 34, 286, 286, 91, 91, 91, 91, 287]
R16[138, 130, 55, 229, 130, 210, 210, 279, 270, 175]
R17[167, 121, 128, 33, 102, 195, 12, 182, 278, 230, 197, 149, 143, 143, 76, 122, 182, 215, 84, 98, 19, 139, 228, 81, 106]
R18[62, 203, 227, 64, 94, 237, 96, 23, 170, 183, 50, 155, 155, 183, 23, 2, 57, 82, 18]
R19[250, 13, 113, 234, 13, 113, 113, 113, 151, 236, 95, 236, 223, 274, 65]
R20[189, 178, 244, 9, 244, 134, 207, 63]
R21[58, 268, 40, 181, 209, 211, 83, 168, 145, 191, 232, 188, 249, 191, 133, 127, 99]
R22[6, 271, 93, 214]
------------------------------------------
