Antes de iniciar JVM
Antes de llamar a Controller
Antes de apagar la JVM
FIN
 
------------------------------------------
HEURÍSTICA DE CONSTRUCCIÓN: SaveSequential
COSTO TOTAL: 4968.39
TOTAL DE RUTAS: 23
TIEMPO DE EJECUCIÓN: 0.6904499530792236
 
R1[220, 112, 248, 110, 275, 119, 136, 59, 142, 258, 263, 186, 266, 104, 140, 68, 243]
R2[256, 169, 147, 213, 147, 212, 124, 80, 205, 103, 105, 200]
R3[117, 120, 44, 224, 25, 276, 41, 131, 90, 8, 69, 194, 185]
R4[160, 251, 72, 60, 20, 150, 273, 28, 277, 253, 125, 190, 176, 118, 180]
R5[11, 281, 86, 285, 218, 265, 77, 172, 264, 39]
R6[100, 158, 70, 43, 48, 115, 32, 31, 79, 157, 240, 89, 71, 85, 24, 114]
R7[148, 61, 56, 226, 257, 193, 35, 27, 222, 92, 235, 4, 283, 260, 233, 53, 5]
R8[66, 109, 231, 254, 152, 262, 284, 54, 204, 171, 187, 10, 51, 144, 280, 165, 202, 15]
R9[179, 111, 247, 67, 49, 184, 269, 255, 242, 173]
R10[217, 156, 153, 101, 198, 288, 75, 272, 282, 135, 177]
R11[38, 245, 146, 17, 221, 17]
R12[141, 161, 132, 278, 230, 149, 34, 159, 286, 287, 197, 143]
R13[195, 26, 123, 36, 29, 238, 219, 199, 225, 259, 37, 192, 164, 45, 47, 162]
R14[1, 154, 21, 22, 201, 121, 128, 30, 182, 122, 76, 84]
R15[19, 14, 91, 116, 216, 261, 137, 78, 74, 87, 55, 210, 88, 52, 98]
R16[175, 270, 279, 138, 229, 130, 46, 241, 196, 129, 166, 102, 163, 139]
R17[228, 167, 81, 215, 33, 12, 108, 246, 267, 252]
R18[106]
R19[64, 94, 7, 244, 9, 189, 93, 6, 214, 271, 178, 207, 134, 63, 174, 208, 206, 183, 62]
R20[113, 13, 234, 97, 16, 236, 133, 95, 99, 127, 249, 188]
R21[145, 168, 83, 268, 58, 18, 82, 203, 227, 239, 155, 126, 274]
R22[211, 191, 232, 107, 223, 151, 250, 73, 50, 170, 57, 23]
R23[181, 209, 40, 96, 2, 65, 237]
------------------------------------------
