Antes de iniciar JVM
Antes de llamar a Controller
Antes de apagar la JVM
FIN
 
------------------------------------------
HEURÍSTICA DE CONSTRUCCIÓN: RandomMethod
COSTO TOTAL: 11398.39
TOTAL DE RUTAS: 23
TIEMPO DE EJECUCIÓN: 0.2652909755706787
 
R1[265, 266, 131, 169, 200, 77, 180, 277, 86, 194, 256, 110, 243, 160, 52]
R2[253, 59, 150, 90, 248, 264, 80, 136, 112, 147, 42, 20]
R3[218, 117, 125, 213, 251, 41, 44, 276, 124, 39, 72, 142]
R4[275, 11, 224, 172, 25, 212, 285, 281, 28, 176]
R5[119, 8, 258, 60, 185, 220, 103, 186, 140, 104, 273, 118, 69, 205, 190]
R6[263, 105, 120, 68, 1]
R7[4, 10, 255, 144, 177, 171, 115, 260, 148, 165, 89, 257, 288, 32, 135, 226]
R8[235, 231, 3, 198, 179, 35, 146, 53, 157, 109, 111, 283, 101, 245, 49, 61]
R9[71, 204, 184, 272, 27, 233, 17, 100, 222, 242, 79, 280, 85, 282, 70]
R10[153, 51, 193, 187, 247, 75, 152, 156, 92, 240, 24, 66, 31]
R11[284, 56, 173, 5, 262, 269, 43, 54, 67, 38, 202]
R12[158, 114, 15, 217, 254, 48, 221]
R13[47, 55, 141, 21, 267, 84, 76, 278, 286, 166, 74, 121, 128, 129, 45]
R14[201, 78, 12, 143, 270, 30, 46, 287, 122, 197, 19]
R15[219, 195, 196, 215, 14, 33, 182, 106, 26]
R16[37, 91, 34, 22, 175, 162, 228, 81, 259, 199, 36, 98, 138, 102, 154, 216]
R17[229, 192, 29, 87, 279, 246, 163, 167, 137, 159, 252, 123, 164]
R18[210, 130, 238, 149, 261, 88, 139, 108, 225, 132, 116, 230, 241, 161]
R19[191, 203, 249, 64, 236, 13, 40, 214, 18, 50, 94, 181, 58, 113]
R20[96, 9, 232, 151, 93, 23, 237, 209, 168, 7]
R21[2, 189, 133, 206, 155, 99, 82, 62, 183, 16, 207, 250, 239]
R22[65, 211, 107, 188, 57, 83, 95, 178, 274, 223, 145, 271, 134, 174, 208, 97, 73]
R23[234, 6, 268, 127, 126, 244, 170, 227, 63]
------------------------------------------
