Antes de iniciar JVM
Antes de llamar a Controller
Antes de apagar la JVM
FIN
 
------------------------------------------
HEURÍSTICA DE CONSTRUCCIÓN: Sweep
COSTO TOTAL: 11037.88
TOTAL DE RUTAS: 23
TIEMPO DE EJECUCIÓN: 2.747343063354492
 
R1[140, 263, 169, 119, 205, 112, 248, 186, 275, 200, 277, 124, 104]
R2[60, 265, 8, 185, 105, 190, 276, 266, 147, 25, 180, 256, 224, 68, 72, 81]
R3[172, 117, 125, 131, 150, 258, 176, 220, 59, 41, 273, 194]
R4[118, 90, 42, 212, 80, 39, 285, 28, 77, 44, 86, 103, 243]
R5[218, 213, 120, 251, 136, 264, 253, 20, 142, 160, 281, 11, 69]
R6[110, 154]
R7[177, 193, 283, 24, 226, 32, 217, 115, 222, 284, 92, 148, 48, 79, 257, 100]
R8[66, 231, 280, 111, 202, 204, 242, 114, 198, 53, 153, 75, 262, 43, 184]
R9[260, 5, 10, 157, 288, 61, 54, 254, 269, 35, 49, 31, 171, 152]
R10[70, 17, 247, 144, 71, 282, 67, 85, 4, 187, 179, 38, 255]
R11[156, 27, 165, 51, 101, 233, 245, 158, 3, 109, 135]
R12[56, 221, 15, 146, 235, 89, 240, 173, 272]
R13[137, 33, 215, 261, 195, 106, 84, 230, 37, 26, 47, 55]
R14[91, 216, 143, 149, 163, 182, 241, 46, 228, 87, 138, 175]
R15[196, 45, 192, 141, 74, 130, 29, 98, 139, 259, 132, 162, 102, 129, 19, 21, 36, 116]
R16[229, 78, 279, 167, 164, 246, 238, 52, 14, 108, 88, 287, 159]
R17[201, 12, 1, 199, 161, 219, 128, 225, 197, 76, 166, 267]
R18[22, 278, 122, 252, 123, 210, 121, 270, 286, 34, 30]
R19[203, 133, 206, 40, 97, 94, 62, 58, 239, 271, 2, 232]
R20[13, 170, 99, 50, 9, 268, 127, 223, 63, 249, 83, 188]
R21[6, 95, 183, 236, 126, 274, 174, 93, 209, 57, 191, 7, 244, 189]
R22[250, 214, 234, 23, 207, 168, 151, 113, 237, 181, 145, 64]
R23[211, 16, 178, 227, 73, 107, 96, 155, 208, 65, 134, 18, 82]
------------------------------------------
