Antes de iniciar JVM
Antes de llamar a Controller
Antes de apagar la JVM
FIN
 
------------------------------------------
HEURÍSTICA DE CONSTRUCCIÓN: CMT
COSTO TOTAL: 4056.46
TOTAL DE RUTAS: 23
TIEMPO DE EJECUCIÓN: 15.042759656906128
 
R1[169, 248, 147, 213, 213, 136, 276, 140, 41, 112, 131, 90, 105, 59, 276, 110, 140, 213, 140, 266]
R2[180, 190, 176, 118, 253, 172, 77, 264, 264, 39, 281, 281, 200, 72, 277, 277, 253, 277, 277, 28, 277, 265, 69, 220, 160, 256, 194, 218]
R3[42, 212, 124, 68, 80]
R4[119, 275, 142]
R5[224, 224, 44, 25, 251, 185, 44, 120, 117, 11, 285]
R6[255, 231, 242, 262, 284, 173, 254, 284, 260, 53, 217, 269, 115, 152, 146, 204, 53, 53, 217, 17, 100, 184, 245, 221, 38, 156]
R7[158, 70, 43, 48]
R8[67, 49, 247, 153, 111, 109, 179, 66, 114, 101, 177]
R9[280, 75, 272, 135, 288, 288, 282, 288, 148, 288, 135, 198, 148, 165, 15]
R10[226, 56, 24, 257, 193, 187, 35, 5, 171]
R11[222, 71, 85, 79, 31, 157, 157, 89, 240, 89, 4, 235, 92]
R12[216, 78, 14, 116, 14, 137, 84, 76, 91, 76]
R13[123, 219, 26, 36, 26, 36, 225]
R14[196, 241, 192, 52, 241, 241, 241, 259, 241, 129, 166, 195, 102, 267, 252]
R15[34, 149, 286, 159, 286, 197, 230, 278]
R16[163, 108, 47, 167, 215, 98, 182, 30, 12, 139, 106, 228, 106, 81, 81, 246, 1]
R17[22, 161, 21, 45, 201, 45, 132, 21, 154, 21]
R18[130, 55, 210, 229, 270, 74, 87, 261, 210, 279, 88, 175, 138]
R19[83, 232, 83, 145, 223, 191, 211, 181, 191, 107, 168, 145, 58, 40, 58]
R20[127, 99, 95, 188, 249, 133, 188, 236]
R21[96, 237, 64, 64, 64, 13, 113, 73, 250, 239, 203, 23, 64, 170, 64, 64, 64, 23, 62, 155, 183, 227, 170, 206, 174, 234, 63]
R22[178, 134, 7, 207, 208, 207, 208]
R23[189, 271, 214, 6, 93, 9]
------------------------------------------
