Antes de iniciar JVM
Antes de llamar a Controller
Antes de apagar la JVM
FIN
 
------------------------------------------
HEURÍSTICA DE CONSTRUCCIÓN: MatchingBasedSavingAlgorithm
COSTO TOTAL: 6595.44
TOTAL DE RUTAS: 21
TIEMPO DE EJECUCIÓN: 0.8205223083496094
 
R1[251, 266, 59, 104, 147, 248, 258, 136, 142, 142, 119, 110, 68, 212, 80, 140, 212]
R2[200, 69, 185, 41, 276, 263, 224, 263, 169, 112, 213, 169, 243, 273]
R3[117, 105, 90, 194, 120, 44, 256, 150, 20, 131, 25, 186]
R4[281, 86, 86, 11, 172, 118, 176, 264, 39]
R5[180, 77, 72, 265, 160, 218, 60, 220, 28, 277, 190, 125, 253, 253, 42]
R6[251, 266, 59, 104, 147, 248, 258, 136, 142, 142, 119, 110, 68, 212, 80, 140, 212]
R7[200, 69, 185, 41, 276, 263, 224, 263, 169, 112, 213, 169, 243, 273]
R8[117, 105, 90, 194, 120, 44, 256, 150, 20, 131, 25, 186]
R9[281, 86, 86, 11, 172, 118, 176, 264, 39]
R10[180, 77, 72, 265, 160, 218, 60, 220, 28, 277, 190, 125, 253, 253, 42]
R11[238, 26, 22, 132, 154, 123, 36, 219, 225, 199, 225, 259, 37, 164, 161]
R12[12, 201, 1, 121, 241, 46, 192, 162, 175, 278, 55, 138, 88, 46, 52, 52, 46, 229, 210]
R13[108, 196, 163, 47, 182, 33, 128, 30, 230, 149, 122, 159]
R14[139, 84, 81, 167, 129, 215, 143, 34, 197, 287, 287, 76, 91]
R15[98, 19, 267, 228, 102, 246, 279, 270, 279, 261]
R16[252, 195, 106, 116, 14, 216, 78, 87, 74, 137, 141]
R17[13, 97, 50, 174, 208, 207, 178, 134, 206, 63, 94, 7, 244, 9, 189, 93, 214]
R18[83, 127, 170, 183, 234, 113, 239, 113, 73, 16, 99, 95]
R19[145, 168, 126, 2, 96, 151, 250, 188, 249, 133, 188, 249]
R20[23, 191, 64, 268, 232, 57, 62, 237, 62, 62, 65, 274, 107, 232]
R21[181, 211, 58, 40, 82, 18, 18, 6]
------------------------------------------
