Antes de iniciar JVM
Antes de llamar a Controller
Antes de apagar la JVM
FIN
 
------------------------------------------
HEURÍSTICA DE CONSTRUCCIÓN: MoleJameson
COSTO TOTAL: 3711.7
TOTAL DE RUTAS: 19
TIEMPO DE EJECUCIÓN: 107.87623691558838
 
R1[119, 275, 42, 212, 124, 80, 68, 205, 110, 248, 140, 103, 105, 243]
R2[136, 59, 104, 147, 213, 41, 69, 266, 142, 258, 263, 186, 120, 44, 224, 25]
R3[185, 251, 169, 112, 90, 8, 131, 8, 200, 72, 256, 194, 220, 180]
R4[118, 176, 190, 125, 253, 277, 28, 273, 150, 20, 60, 77, 264]
R5[61, 56, 226, 24, 257, 51, 10, 193, 35, 27, 85, 71, 89, 222, 235, 5, 171]
R6[204, 233, 92, 4, 157, 32, 31, 79, 283, 260, 115, 70, 158, 43, 48, 109]
R7[240, 262, 269, 231, 53, 217, 54, 284, 15, 165, 187, 202, 144, 280, 75, 114, 66]
R8[184, 49, 67, 247, 254, 152, 255, 242, 3, 173, 100, 38]
R9[282, 221, 245, 17, 146, 272, 135, 288, 148, 198, 148, 177]
R10[201, 132, 164, 161, 22, 45, 21, 141, 225, 259, 52, 46, 259, 162, 37, 192, 154, 1, 163]
R11[14, 116, 91, 286, 159, 34, 149, 197, 287, 76]
R12[19, 84, 122, 278, 230, 143, 182, 128, 121, 30, 12, 33, 81, 139, 98]
R13[196, 241, 26, 123, 36, 29, 238, 219, 88, 130, 210, 229, 138, 55]
R14[47, 267, 175, 270, 279, 87, 137, 261, 137, 78, 74]
R15[215, 108, 246, 129, 166, 195, 102, 167, 228, 106]
R16[99, 95, 271, 214, 6, 93, 189, 9, 244, 178, 207, 134, 63, 174, 208, 113]
R17[170, 183, 155, 50, 206, 7, 94, 239, 227, 203, 82]
R18[73, 126, 2, 250, 13, 234, 16, 97, 236, 133, 223, 151]
R19[127, 249, 232, 211, 181, 188, 145, 83, 168, 107, 191, 274, 65, 96, 237, 64]
------------------------------------------
