Antes de iniciar JVM
Antes de llamar a Controller
Antes de apagar la JVM
FIN
 
------------------------------------------
HEURÍSTICA DE CONSTRUCCIÓN: RandomMethod
COSTO TOTAL: 11081.02
TOTAL DE RUTAS: 23
TIEMPO DE EJECUCIÓN: 0.2796630859375
 
R1[147, 131, 136, 205, 172, 103, 281, 119, 277, 186, 196, 88]
R2[265, 44, 90, 263, 110, 77, 120, 140, 169, 104, 190, 150, 161, 84, 210]
R3[118, 125, 28, 68, 105, 253, 264, 258, 39, 180, 8, 60, 185, 160, 117, 42, 69]
R4[124, 86, 285, 212, 266, 41, 200, 20, 142, 220, 80, 176]
R5[248, 213, 273, 11, 194, 251, 72, 276, 218, 275, 112]
R6[256, 243, 224, 59, 25, 261]
R7[152, 231, 17, 165, 115, 27, 3, 204, 31, 92, 5, 193, 101, 43]
R8[157, 111, 48, 217, 67, 284, 135, 226, 38, 71, 89]
R9[269, 282, 187, 156, 49, 54, 4, 222, 247, 255, 221, 235]
R10[51, 70, 158, 233, 173, 85, 56, 24, 66, 283, 61, 179, 109, 35, 146, 171]
R11[254, 288, 148, 245, 177, 262, 10, 202, 153, 240, 144, 198, 242]
R12[75, 257, 272, 100, 184, 280, 32, 260, 79, 15, 114, 53]
R13[108, 201, 21, 154, 47, 46, 286, 182, 159, 30, 230, 141, 267]
R14[106, 29, 74, 167, 225, 116, 228, 166, 98, 121, 163]
R15[1, 216, 37, 215, 87, 162, 197, 128, 19, 175, 129, 199, 36, 270, 45]
R16[287, 52, 195, 91, 55, 138, 81, 279, 164, 34, 246]
R17[76, 14, 238, 219, 259, 192, 102, 22, 137, 26, 139, 33]
R18[78, 252, 12, 123, 130, 132, 149, 278, 122, 143, 229, 241]
R19[6, 151, 239, 23, 155, 181, 107, 174, 268, 113, 62]
R20[127, 2, 244, 96, 178, 65, 208, 82, 40, 73, 133, 126]
R21[271, 83, 206, 134, 145, 191, 57, 94, 189, 95, 58, 168, 13, 207, 223]
R22[250, 93, 188, 232, 274, 50, 7, 211, 63, 203, 18, 236, 9, 64, 249]
R23[209, 237, 99, 234, 214, 227, 183, 97, 170, 16]
------------------------------------------
