Antes de iniciar JVM
Antes de llamar a Controller
Antes de apagar la JVM
FIN
 
------------------------------------------
HEURÍSTICA DE CONSTRUCCIÓN: NearestNeighborWithRLC
COSTO TOTAL: 9020.3
TOTAL DE RUTAS: 23
TIEMPO DE EJECUCIÓN: 3.5325205326080322
 
R1[281, 264, 86, 172, 77, 39, 180, 265, 160, 253, 277, 60, 285, 72, 164]
R2[118, 218, 176, 11, 117, 190, 125, 28, 251, 200, 194, 185]
R3[256, 69, 220, 44, 150, 8, 120, 90, 273, 25, 276]
R4[131, 112, 186, 224, 20, 41, 266, 213, 147, 263, 105, 243, 140, 104]
R5[103, 205, 59, 248, 258, 169, 80, 136, 110, 142, 119, 275, 212]
R6[124, 42, 68, 286]
R7[156, 38, 245, 282, 177, 66, 179, 221, 100, 114, 111, 272]
R8[17, 135, 109, 247, 146, 173, 217, 242, 153, 288, 54, 3, 75, 204, 231, 148]
R9[49, 255, 184, 198, 67, 269, 254, 284, 101, 15]
R10[262, 53, 165, 144, 152, 202, 260, 233, 280, 5, 187, 171, 51, 283, 27, 235, 35, 61, 79, 10, 4]
R11[193, 115, 92, 31, 222, 32, 85, 257, 48, 71, 89, 157, 43, 240]
R12[56, 24, 158, 70, 226]
R13[19, 252, 98, 228, 102, 106, 267, 81, 167, 246, 84, 195, 166]
R14[139, 129, 33, 12, 175, 47, 163, 215, 87, 74, 182, 279, 108, 76]
R15[196, 78, 162, 137, 270, 88, 30, 122, 138, 46, 130, 14]
R16[128, 241, 229, 116, 52, 55, 121, 143, 21, 259, 210, 219, 278]
R17[216, 1, 26, 261, 238, 91, 22, 201, 154, 225, 29]
R18[36, 45, 287, 197, 123, 230, 132, 192, 34, 37, 161, 199, 149, 159, 141]
R19[181, 191, 211, 64, 274, 40, 237, 23, 107, 209, 2, 96, 232]
R20[126, 145, 65, 57, 151, 223, 62, 58, 168, 83, 250, 133, 188, 18]
R21[268, 236, 73, 82, 170, 249, 13, 183, 155, 234, 127]
R22[95, 50, 113, 203, 16, 174, 99, 208, 97, 63, 227, 239, 207]
R23[134, 244, 206, 94, 9, 7, 178, 271, 214, 189, 6, 93]
------------------------------------------
