Antes de iniciar JVM
Antes de llamar a Controller
Antes de apagar la JVM
FIN
 
------------------------------------------
HEURÍSTICA DE CONSTRUCCIÓN: SaveSequential
COSTO TOTAL: 5142.38
TOTAL DE RUTAS: 23
TIEMPO DE EJECUCIÓN: 0.6953768730163574
 
R1[205, 68, 80, 124, 212, 42, 243, 103, 72, 105, 169, 110, 275, 136, 59, 142]
R2[200, 131, 248, 119, 258, 263, 186, 120, 44, 224, 266, 104, 140, 213, 147]
R3[69, 112, 8, 20, 150, 273, 28, 253, 125, 190, 176, 118]
R4[160, 25, 276, 41, 256, 194, 90, 220, 251, 185, 218, 285, 180]
R5[39, 264, 172, 60, 277, 77, 265, 117, 11, 281, 86]
R6[283, 115, 48, 43, 70, 158, 32, 31, 79, 157, 240, 89, 71, 85, 222]
R7[109, 67, 49, 152, 254, 269, 262, 260, 4, 92, 235, 27, 35, 24, 10, 61]
R8[66, 114, 101, 198, 56, 226, 257, 193, 187, 51, 144, 280, 165, 5, 171, 15]
R9[179, 111, 247, 153, 184, 255, 231, 242, 284, 233, 53, 217, 204]
R10[221, 17, 146, 282, 272, 135, 288, 148, 75, 202, 54, 173, 3, 100]
R11[156, 245, 38, 177]
R12[47, 163, 164, 161, 22, 45, 201, 132, 121, 128, 230, 149, 34, 159, 278]
R13[162, 52, 46, 219, 238, 29, 36, 123, 259, 225, 199, 141, 37, 192, 154, 1, 21]
R14[139, 84, 76, 197, 287, 286, 216, 261, 55, 138, 229, 210, 130, 88]
R15[19, 108, 12, 30, 182, 122, 143, 91, 116, 14, 78, 137, 175, 98]
R16[195, 129, 196, 241, 26, 241, 279, 270, 87, 74]
R17[106, 228, 81, 167, 33, 215, 33, 102, 267]
R18[252]
R19[16, 93, 6, 214, 271, 189, 9, 244, 7, 94, 206, 134, 178, 207, 208]
R20[107, 188, 249, 127, 99, 95, 133, 236, 97, 234, 13, 113, 63, 174, 183, 62, 18]
R21[73, 50, 170, 155, 239, 227, 203, 268, 58, 145]
R22[83, 232, 223, 151, 250, 2, 96, 126, 57, 82, 209]
R23[181, 211, 168, 40, 23, 64, 237, 65, 274, 191]
------------------------------------------
