Antes de iniciar JVM
Antes de llamar a Controller
Antes de apagar la JVM
FIN
 
------------------------------------------
HEURÍSTICA DE CONSTRUCCIÓN: CMT
COSTO TOTAL: 4194.7
TOTAL DE RUTAS: 23
TIEMPO DE EJECUCIÓN: 14.633458614349365
 
R1[243, 20, 150, 273, 105, 103, 169, 131]
R2[110, 119, 275, 136, 59, 248, 142]
R3[118, 176, 180, 253, 190, 125, 281, 253, 190, 125, 39]
R4[205, 68, 80, 212, 42, 212]
R5[266, 224, 25, 147, 140, 140, 213, 140, 213, 140, 41, 8, 256, 90, 276, 120, 263, 44, 160, 60, 72, 200, 69, 194, 220, 185, 251, 117, 264, 77, 172, 218, 285, 265, 86]
R6[70, 158, 43, 48]
R7[61, 10, 144, 280, 51, 226, 56, 24, 257]
R8[54, 260, 284, 173, 260, 32, 31, 79, 31, 53, 204, 146, 17, 3, 283, 4]
R9[5, 171, 235, 85, 71, 71, 71, 89, 240, 92, 15, 27, 193, 187, 165, 202, 157]
R10[101, 198, 148, 198, 288, 135, 272, 38, 221, 177, 114, 66, 114, 179, 245, 109, 153, 111, 156]
R11[269, 262, 152, 115, 152, 184, 231, 247, 67, 49, 242, 255, 100]
R12[22, 161, 164, 21, 45, 21, 201, 21, 201]
R13[229, 210, 29, 138, 138, 55, 138, 130, 175, 88, 175, 270, 175, 137, 74]
R14[34, 149, 287, 91, 286, 159, 286, 116]
R15[196, 162, 241, 26, 219, 123, 46, 36, 123, 26, 199, 225, 52, 259, 26, 129, 166, 246, 267, 195]
R16[84, 76, 215, 122, 14, 216, 78]
R17[128, 121, 30, 278, 230, 278, 182]
R18[167, 47, 163, 108, 163, 47, 108, 252, 102, 19, 139, 228, 81, 106]
R19[127, 99, 271, 214, 6, 16, 93, 95, 249, 188, 133]
R20[250, 151, 223, 73, 13, 234, 234, 13, 113, 126, 65, 96, 274, 2, 237]
R21[189, 9, 244, 178, 207, 208, 63, 134, 7, 206, 174, 7, 50]
R22[191, 107, 83, 107, 191, 181, 211, 107, 23, 191, 57, 62, 183, 170, 155, 168, 239, 209, 227]
R23[268, 203, 82, 18, 58]
------------------------------------------
