Antes de iniciar JVM
Antes de llamar a Controller
Antes de apagar la JVM
FIN
 
------------------------------------------
HEURÍSTICA DE CONSTRUCCIÓN: NearestNeighborWithRLC
COSTO TOTAL: 9148.7
TOTAL DE RUTAS: 23
TIEMPO DE EJECUCIÓN: 3.50394606590271
 
R1[180, 264, 39, 172, 86, 285, 265, 281, 253, 77, 277, 60, 190, 160, 159]
R2[118, 176, 218, 11, 117, 72, 125, 220, 28, 185, 251, 194]
R3[200, 256, 44, 8, 25, 150, 120, 90, 273, 69, 131, 224]
R4[41, 112, 276, 20, 266, 105, 186, 140, 263, 213, 243, 104, 147, 103]
R5[169, 205, 59, 136, 80, 258, 68, 110, 212, 119, 142, 124, 275]
R6[248, 42, 286]
R7[245, 38, 156, 282, 221, 66, 177, 272, 114, 17, 111, 100, 146]
R8[135, 3, 179, 153, 173, 109, 242, 247, 54, 204, 217, 75]
R9[255, 148, 288, 231, 184, 49, 101, 198, 269, 284, 262, 254]
R10[67, 53, 202, 165, 280, 15, 152, 144, 260, 187, 5, 51, 283, 171, 233, 235, 35, 61, 4, 79]
R11[92, 31, 27, 115, 10, 193, 32, 85, 222, 157, 48, 56, 71, 89, 24]
R12[240, 257, 43, 158, 70, 226]
R13[106, 98, 102, 19, 228, 195, 139, 267, 81, 167, 246, 166, 252]
R14[215, 33, 84, 12, 47, 129, 270, 163, 175, 74, 87, 108, 196, 182]
R15[78, 88, 76, 162, 30, 122, 241, 137, 138, 14, 46, 130, 279]
R16[229, 128, 52, 116, 143, 121, 21, 210, 55, 219, 259, 216, 45, 278]
R17[1, 91, 238, 22, 261, 201, 123, 154, 29, 225, 36]
R18[287, 26, 192, 37, 132, 197, 230, 199, 34, 161, 149, 164, 141]
R19[64, 211, 181, 191, 237, 40, 274, 107, 65, 209, 2, 232, 23]
R20[96, 145, 151, 62, 57, 126, 223, 83, 168, 58, 18, 250, 188]
R21[133, 236, 73, 249, 82, 268, 113, 13, 183, 50, 170]
R22[155, 234, 203, 95, 127, 16, 99, 208, 97, 227, 63, 174, 239]
R23[206, 134, 178, 244, 94, 207, 9, 93, 271, 214, 6, 189, 7]
------------------------------------------
