Antes de iniciar JVM
Antes de llamar a Controller
Antes de apagar la JVM
FIN
 
------------------------------------------
HEURÍSTICA DE CONSTRUCCIÓN: Sweep
COSTO TOTAL: 11288.01
TOTAL DE RUTAS: 23
TIEMPO DE EJECUCIÓN: 2.6356847286224365
 
R1[265, 118, 253, 169, 77, 120, 136, 277, 200, 124, 213, 264]
R2[160, 142, 248, 243, 185, 59, 218, 90, 205, 103, 20, 258, 251, 25, 263]
R3[11, 72, 8, 39, 276, 28, 86, 119, 281, 69, 44]
R4[224, 220, 60, 68, 105, 212, 150, 42, 285, 172, 256, 131, 190, 123]
R5[41, 266, 117, 112, 186, 275, 273, 147, 110, 194, 125, 180, 104, 140]
R6[176, 80, 154, 128]
R7[31, 3, 262, 231, 89, 260, 284, 282, 66, 202, 221, 67]
R8[177, 61, 70, 255, 148, 56, 53, 111, 71, 4, 156]
R9[158, 54, 79, 146, 157, 5, 171, 233, 49, 245, 92, 152, 247, 288, 114, 32]
R10[193, 10, 75, 283, 179, 115, 17, 101, 217, 235, 272, 48, 269, 43, 204, 109, 165]
R11[135, 198, 15, 254, 242, 144, 153, 187, 222, 35, 85, 240, 24]
R12[184, 27, 38, 173, 51, 257, 280, 100, 226]
R13[30, 98, 215, 195, 45, 162, 199, 267, 106, 26, 78, 261]
R14[33, 34, 279, 121, 132, 36, 1, 21, 287, 139, 52, 87]
R15[228, 175, 55, 210, 230, 138, 278, 29, 81, 159, 14, 12, 76, 122, 46, 163]
R16[286, 149, 196, 161, 164, 192, 137, 116, 197, 201, 108]
R17[229, 225, 19, 216, 102, 22, 37, 84, 74, 241, 167, 246, 259, 238, 47]
R18[252, 219, 130, 270, 88, 91, 143, 141, 129, 182, 166]
R19[133, 211, 170, 99, 9, 2, 155, 73, 191, 16, 93, 95]
R20[214, 113, 58, 203, 188, 237, 181, 83, 82, 250, 145]
R21[206, 178, 7, 244, 208, 271, 168, 183, 63, 227, 268, 189, 274, 23, 174]
R22[97, 50, 236, 62, 134, 223, 94, 96, 234, 209, 207, 151, 249]
R23[127, 13, 57, 239, 232, 65, 126, 64, 6, 107, 18, 40]
------------------------------------------
