Antes de iniciar JVM
Antes de llamar a Controller
Antes de apagar la JVM
FIN
 
------------------------------------------
HEURÍSTICA DE CONSTRUCCIÓN: MoleJameson
COSTO TOTAL: 3664.36
TOTAL DE RUTAS: 19
TIEMPO DE EJECUCIÓN: 107.20536065101624
 
R1[42, 212, 68, 205, 103, 110, 275, 59, 248, 105, 205, 80, 243, 20]
R2[276, 41, 213, 147, 140, 258, 142, 119, 136, 104, 266, 224, 263, 186, 120]
R3[265, 220, 194, 256, 90, 112, 169, 131, 8, 69, 200, 72]
R4[264, 172, 77, 60, 150, 273, 28, 277, 253, 125, 190, 176, 118, 180]
R5[51, 165, 187, 226, 56, 10, 144, 61, 10, 257, 193, 35, 27, 85, 71, 235, 5, 171]
R6[115, 32, 4, 222, 89, 157, 79, 31, 79, 260, 70, 158, 43, 48, 152, 109]
R7[146, 54, 92, 240, 233, 53, 262, 284, 15, 202, 204, 217, 173, 3]
R8[66, 114, 177, 135, 288, 148, 198, 148, 198, 101, 272, 282, 17, 221, 38, 100]
R9[255, 242, 231, 269, 254, 184, 49, 67, 247, 111]
R10[163, 164, 22, 132, 201, 45, 21, 161, 154, 192, 141, 37, 199, 225, 259, 52, 46, 162, 1]
R11[14, 116, 91, 286, 159, 34, 149, 197, 287, 76]
R12[108, 30, 128, 230, 278, 122, 143, 182, 121, 12, 215, 81, 139, 84, 19]
R13[88, 130, 138, 229, 55, 210, 238, 29, 36, 123, 26, 241, 219, 166, 98]
R14[47, 267, 175, 279, 270, 87, 137, 261, 216, 78, 74]
R15[167, 102, 195, 195, 252, 129, 195, 195, 102]
R16[99, 95, 271, 214, 6, 93, 189, 9, 244, 178, 207, 134, 63, 174, 208, 113]
R17[170, 183, 155, 50, 206, 7, 94, 239, 227, 203, 82]
R18[151, 250, 234, 16, 97, 13, 73, 126, 2, 96, 237]
R19[181, 211, 145, 83, 168, 188, 127, 232, 249, 133, 236, 223, 107, 191, 274, 65, 64]
------------------------------------------
