 
------------------------------------------
HEURÍSTICA DE CONSTRUCCIÓN: NearestNeighborWithRLC
COSTO TOTAL: 2042.98
TOTAL DE RUTAS: 4
 
R1[99, 100, 97, 96, 95, 94, 93, 92, 1, 77, 89, 3, 90, 88, 2, 87, 59, 85, 91, 98, 61, 84, 83, 86, 44, 60, 18]
R2[52, 69, 81, 80, 78, 82, 5, 45, 47, 79, 76, 74, 75, 73, 72, 68, 55, 67, 56, 39, 23, 58, 53, 70]
R3[66, 64, 63, 62, 11, 49, 48, 7, 71, 65, 6, 4, 54, 57, 43, 50, 33, 9, 35, 51, 40, 8, 10, 13, 28, 42, 15, 41]
R4[12, 37, 17, 16, 14, 46, 36, 32, 30, 20, 19, 31, 21, 27, 29, 34, 26, 22, 25, 24, 38]
------------------------------------------
