 
------------------------------------------
CANTIDAD DE EJECUCIONES: 100
HEURÍSTICA DE CONSTRUCCIÓN: RandomMethod
COSTO TOTAL: 3436.64
TOTAL DE RUTAS: 9
TIEMPO DE EJECUCIÓN: 49 milisegundos
 
R1[99, 24, 81, 74, 37, 9, 95, 2, 22, 59]
R2[27, 13, 91, 67, 97, 44, 63, 33, 56, 34]
R3[72, 61, 28, 51, 83, 4, 54, 17, 47, 20]
R4[57, 43, 16, 89, 10, 15, 5, 6, 96, 82, 38, 48, 11, 93, 25, 66]
R5[69, 75, 14, 41, 50, 49, 79, 35]
R6[86, 7, 18, 31, 78, 68, 98, 64, 30, 77, 70, 76, 65, 60, 8, 52, 26]
R7[100, 46, 29, 12, 94, 71, 73, 40, 32, 62]
R8[3, 42, 58, 23, 53, 92, 21, 80, 39, 1, 36]
R9[84, 45, 19, 85, 88, 87, 55, 90]
------------------------------------------
