 
------------------------------------------
CANTIDAD DE EJECUCIONES: 100
HEURÍSTICA DE CONSTRUCCIÓN: SaveSequential
COSTO TOTAL: 1020.68
TOTAL DE RUTAS: 2
TIEMPO DE EJECUCIÓN: 273 milisegundos
 
R1[2, 28, 61, 69, 71, 60, 70, 20, 37, 36, 47, 21]
R2[30, 74, 48, 5, 13, 54, 19, 53, 14, 59, 66, 65, 11, 38, 10, 31, 55, 25, 18, 50, 24, 49, 56, 41, 42, 64, 43, 23, 63, 1, 22, 62, 73, 33, 16, 3, 44, 32, 9, 39, 72, 58, 12, 40, 17, 51, 6, 68, 29, 15, 57, 27, 52, 8, 35, 7, 46, 34, 45, 4, 67, 26, 75]
------------------------------------------
