 
------------------------------------------
CANTIDAD DE EJECUCIONES: 100
HEURÍSTICA DE CONSTRUCCIÓN: HeuristicType.CMT
COSTO TOTAL: 905.0
TOTAL DE RUTAS: 3
TIEMPO DE EJECUCIÓN: 1.9120850563049316 milisegundos
 
R1[7, 67, 27, 58, 66, 11, 65, 66, 72, 4, 26, 8, 52, 53, 7, 53, 7, 35, 14, 59, 14, 54, 8, 46, 52]
R2[20, 37, 15, 5, 36, 60, 70, 60, 71, 69, 47, 29, 48, 21]
R3[18, 24, 25, 18, 25, 9, 9, 9, 32, 32, 24, 50, 18, 50, 44, 12, 40, 3, 62, 63, 17, 16, 30, 74, 43, 41, 1, 22, 28, 51, 2, 68, 75, 73, 33, 6]
------------------------------------------
