 
------------------------------------------
CANTIDAD DE EJECUCIONES: 100
HEURÍSTICA DE CONSTRUCCIÓN: HeuristicType.CMT
COSTO TOTAL: 920.96
TOTAL DE RUTAS: 3
TIEMPO DE EJECUCIÓN: 1.8927264213562012 milisegundos
 
R1[47, 36, 71, 60, 30, 29, 15, 37, 70, 70, 70, 71, 70, 71, 21, 48, 29, 74, 45, 4, 27, 2]
R2[53, 35, 54, 13, 52, 34, 46, 58, 38, 11, 38, 14, 19, 59, 59, 14, 14, 14, 8, 72, 67, 26, 39]
R3[64, 62, 73, 49, 1, 22, 43, 22, 42, 22, 16, 25, 55, 25, 9, 32, 44, 12, 40, 3, 63, 33, 23, 16, 18, 68, 17, 75, 6, 51]
------------------------------------------
