 
------------------------------------------
CANTIDAD DE EJECUCIONES: 100
HEURÍSTICA DE CONSTRUCCIÓN: NearestNeighborWithRLC
COSTO TOTAL: 1427.14
TOTAL DE RUTAS: 3
 
R1[75, 74, 73, 68, 67, 58, 65, 59, 66, 57, 71, 70, 61, 1, 3, 72, 2, 30, 48, 47, 36, 37, 20, 60, 5, 69, 64, 62, 63, 51]
R2[44, 56, 49, 55, 50, 40, 32, 26, 17, 16, 33, 6, 52, 4, 54, 53, 35, 7, 38, 39, 12, 9, 31]
R3[10, 46, 34, 8, 13, 27, 45, 29, 43, 28, 23, 41, 24, 14, 11, 15, 19, 21, 42, 22, 25, 18]
------------------------------------------
