 
------------------------------------------
CANTIDAD DE EJECUCIONES: 100
HEURÍSTICA DE CONSTRUCCIÓN: NearestNeighborWithRLC
COSTO TOTAL: 1447.41
TOTAL DE RUTAS: 3
 
R1[68, 1, 73, 62, 28, 75, 67, 46, 52, 74, 30, 48, 71, 69, 2, 33, 63, 3, 51, 72, 65, 59, 66, 4, 45, 6, 44]
R2[58, 57, 15, 60, 70, 61, 5, 47, 37, 36, 54, 19, 53, 40, 32, 56, 64, 43, 50, 25, 9, 39, 12, 26, 34]
R3[27, 38, 10, 35, 8, 29, 13, 20, 21, 7, 17, 11, 55, 18, 24, 23, 42, 49, 41, 31, 16, 14, 22]
------------------------------------------
