 
------------------------------------------
CANTIDAD DE EJECUCIONES: 100
HEURÍSTICA DE CONSTRUCCIÓN: NearestNeighborWithRLC
COSTO TOTAL: 1418.41
TOTAL DE RUTAS: 3
 
R1[2, 75, 73, 62, 68, 74, 71, 70, 69, 61, 1, 3, 63, 56, 51, 6, 52, 46, 67, 34, 57, 60, 47, 54, 59, 72, 4, 30, 5, 45]
R2[48, 64, 49, 58, 38, 7, 35, 65, 11, 66, 14, 26, 40, 9, 39, 32, 55, 50, 25, 31, 12, 53]
R3[27, 13, 15, 8, 19, 10, 44, 17, 16, 18, 41, 42, 22, 21, 43, 37, 20, 36, 23, 28, 29, 33, 24]
------------------------------------------
