 
------------------------------------------
CANTIDAD DE EJECUCIONES: 100
HEURÍSTICA DE CONSTRUCCIÓN: NearestNeighborWithRLC
COSTO TOTAL: 1422.88
TOTAL DE RUTAS: 3
 
R1[68, 6, 51, 75, 67, 53, 66, 65, 59, 74, 73, 63, 33, 2, 62, 69, 70, 71, 61, 64, 43, 3, 1, 4, 46, 34, 52]
R2[57, 54, 19, 8, 58, 72, 39, 9, 50, 49, 56, 55, 44, 32, 26, 48, 60, 47, 7, 35, 38, 10, 11, 40, 12]
R3[45, 37, 20, 13, 29, 36, 21, 28, 42, 5, 30, 41, 27, 14, 31, 18, 16, 23, 25, 24, 15, 22, 17]
------------------------------------------
