 
------------------------------------------
CANTIDAD DE EJECUCIONES: 100
HEURÍSTICA DE CONSTRUCCIÓN: NearestNeighborWithRLC
COSTO TOTAL: 1472.47
TOTAL DE RUTAS: 3
 
R1[68, 6, 75, 67, 72, 65, 66, 74, 30, 1, 73, 62, 28, 22, 64, 3, 2, 33, 5, 71, 69, 63, 7, 35, 8, 54, 59, 58, 39]
R2[40, 50, 44, 9, 32, 56, 61, 10, 38, 53, 14, 19, 4, 51, 17, 12, 52, 57, 70, 37, 48, 47]
R3[36, 45, 60, 20, 46, 29, 15, 34, 26, 27, 13, 21, 43, 42, 41, 16, 23, 55, 25, 31, 24, 11, 49, 18]
------------------------------------------
