 
------------------------------------------
CANTIDAD DE EJECUCIONES: 100
HEURÍSTICA DE CONSTRUCCIÓN: CMT
COSTO TOTAL: 1421.66
TOTAL DE RUTAS: 13
TIEMPO DE EJECUCIÓN: 437 milisegundos
 
R1[6, 9, 8, 10, 11, 16, 14, 12, 99]
R2[55, 56, 53, 60, 58, 54]
R3[30, 18, 19, 17, 28, 29, 27, 26, 13]
R4[49, 47, 52, 50, 51, 48, 46, 45, 44, 43, 42, 41]
R5[33, 37, 35, 38, 39, 32]
R6[91, 94, 92, 93, 95, 96, 98, 89]
R7[66, 69, 62, 68, 64, 61, 72, 57, 59, 67, 65]
R8[78, 76, 73, 70, 71, 77, 79, 81, 80]
R9[3, 1, 5, 4, 2, 100, 75, 7]
R10[90, 87, 86, 83, 82, 84, 85, 88]
R11[21, 97, 15, 36, 34, 31, 40]
R12[23, 63, 74]
R13[25, 24, 20, 22]
------------------------------------------
