 
------------------------------------------
HEURÍSTICA DE CONSTRUCCIÓN: SaveSequential
COSTO TOTAL: 817.13
TOTAL DE RUTAS: 6
TIEMPO DE EJECUCIÓN: 1.2402818202972412
 
R1[49, 23, 43, 41, 42, 64, 61, 21, 47, 36, 69, 71, 60, 70, 20, 37, 15, 57]
R2[1, 56, 24, 50, 18, 55, 25, 31, 10, 65, 66, 59, 72]
R3[13, 54, 19, 14, 11, 38, 58, 39, 9, 32, 44]
R4[3, 16, 63, 73, 22, 28, 62, 74, 48, 5, 29, 45, 27, 52, 8]
R5[53, 35, 46, 34, 7, 12, 40, 17, 51, 33, 2, 30]
R6[26, 67, 4, 68, 6, 75]
------------------------------------------
