 
------------------------------------------
HEURÍSTICA DE CONSTRUCCIÓN: SaveSequential
COSTO TOTAL: 787.61
TOTAL DE RUTAS: 6
TIEMPO DE EJECUCIÓN: 1.255660057067871
 
R1[73, 23, 43, 64, 42, 41, 56, 49, 24, 50, 18, 55, 25, 31, 10, 72]
R2[13, 54, 19, 53, 14, 59, 66, 65, 11, 38, 58]
R3[63, 1, 22, 61, 69, 71, 60, 70, 20, 37, 36, 47, 21, 28, 62, 74]
R4[75, 30, 48, 5, 15, 57, 29, 45, 27, 52, 8, 35, 7, 46]
R5[68, 2, 33, 51, 16, 3, 44, 32, 9, 39, 40, 12]
R6[6, 17, 26, 67, 34, 4]
------------------------------------------
