 
------------------------------------------
HEURÍSTICA DE CONSTRUCCIÓN: SaveSequential
COSTO TOTAL: 795.66
TOTAL DE RUTAS: 6
TIEMPO DE EJECUCIÓN: 1.2641196250915527
 
R1[73, 23, 43, 64, 42, 41, 56, 49, 24, 50, 18, 55, 25, 31, 10, 72]
R2[74, 62, 28, 21, 47, 36, 71, 60, 70, 20, 37, 69, 61, 22, 1, 63]
R3[3, 44, 32, 9, 39, 58, 38, 65, 66, 59, 14]
R4[30, 48, 29, 5, 15, 57, 13, 54, 19, 53, 11, 35, 8, 7]
R5[52, 27, 45, 68, 2, 6, 33, 16, 51, 40, 12, 17]
R6[75, 4, 34, 46, 67, 26]
------------------------------------------
