 
------------------------------------------
HEURÍSTICA DE CONSTRUCCIÓN: SaveSequential
COSTO TOTAL: 829.33
TOTAL DE RUTAS: 6
TIEMPO DE EJECUCIÓN: 1.2862207889556885
 
R1[49, 23, 43, 41, 42, 64, 61, 21, 47, 36, 69, 71, 60, 70, 20, 37, 15, 57]
R2[45, 29, 5, 48, 74, 28, 22, 1, 56, 24, 18, 55, 25, 39, 72]
R3[62, 73, 33, 63, 16, 3, 44, 50, 32, 9, 31, 10, 65]
R4[13, 54, 19, 35, 53, 14, 19, 66, 11, 38, 58]
R5[34, 46, 27, 52, 8, 7, 12, 40, 17, 51, 6, 2, 68]
R6[75, 30, 4, 67, 26]
------------------------------------------
