Antes de iniciar JVM
Antes de llamar a Controller
Antes de apagar la JVM
FIN
 
------------------------------------------
HEURÍSTICA DE CONSTRUCCIÓN: MoleJameson
COSTO TOTAL: 6507.49
TOTAL DE RUTAS: 27
TIEMPO DE EJECUCIÓN: 83.42788743972778
 
R1[1, 20, 28, 36, 9, 17, 25, 33, 34, 26, 18, 10, 2]
R2[3, 11, 19, 27, 35, 37, 29, 32, 24, 21, 13, 5]
R3[6, 39, 38, 30, 22, 14, 22, 31, 23, 15, 7]
R4[60, 68, 57, 65, 73, 74, 66, 58, 50, 42, 41, 49]
R5[43, 51, 59, 67, 75, 77, 69, 72, 64, 61, 53, 45]
R6[47, 46, 54, 62, 70, 78, 76, 52, 44]
R7[81, 100, 108, 89, 97, 105, 113, 114, 106, 98, 90, 82]
R8[83, 91, 99, 107, 115, 117, 109, 112, 104, 101, 93, 85]
R9[87, 86, 94, 102, 110, 118, 116, 92, 84]
R10[148, 140, 121, 129, 137, 145, 153, 154, 146, 138, 130, 122]
R11[123, 131, 139, 147, 155, 157, 149, 152, 144, 141, 133, 125]
R12[127, 126, 134, 142, 150, 158, 156, 132, 124]
R13[177, 185, 193, 169, 188, 180, 161, 194, 186, 178, 170, 162]
R14[163, 171, 179, 187, 195, 197, 189, 192, 184, 181, 173, 165]
R15[167, 166, 174, 182, 190, 198, 196, 172, 164]
R16[212, 220, 228, 236, 217, 225, 233, 234, 235, 227, 226, 218, 210, 209, 201]
R17[206, 214, 222, 230, 238, 239, 231, 232, 224, 223, 215, 207]
R18[208, 216, 240, 237, 229, 221, 213, 203, 205]
R19[252, 260, 268, 276, 273, 265, 257, 249, 258, 267, 275, 274, 266, 258, 250]
R20[246, 254, 262, 270, 278, 279, 271, 272, 264, 263, 255, 247]
R21[248, 256, 280, 277, 269, 261, 253, 243, 245]
R22[292, 300, 308, 316, 318, 310, 281, 289, 297, 305, 313, 314, 306, 298, 290]
R23[283, 291, 299, 307, 315, 317, 309, 312, 304, 301, 293, 285]
R24[288, 296, 320, 319, 311, 303, 295, 286, 287]
R25[340, 348, 337, 345, 353, 354, 346, 338, 330, 329, 321, 322]
R26[323, 331, 339, 347, 355, 357, 349, 352, 344, 341, 333, 325]
R27[327, 326, 334, 342, 350, 358, 356, 332, 324]
------------------------------------------
