Antes de iniciar JVM
Antes de llamar a Controller
Antes de apagar la JVM
FIN
 
------------------------------------------
HEURÍSTICA DE CONSTRUCCIÓN: MoleJameson
COSTO TOTAL: 6364.25
TOTAL DE RUTAS: 27
TIEMPO DE EJECUCIÓN: 82.8763976097107
 
R1[18, 26, 34, 33, 25, 17, 28, 36, 20, 9, 1, 10, 2]
R2[3, 11, 19, 27, 35, 37, 29, 32, 24, 21, 13, 5]
R3[6, 14, 22, 30, 38, 39, 40, 31, 23, 15, 7]
R4[57, 49, 68, 60, 41, 65, 73, 74, 66, 58, 50, 42]
R5[43, 51, 59, 67, 75, 77, 69, 72, 64, 61, 53, 45]
R6[47, 46, 54, 62, 70, 78, 76, 52, 44]
R7[110, 118, 108, 116, 105, 113, 114, 106, 98, 97, 89, 81, 90, 82]
R8[83, 91, 99, 107, 115, 117, 109, 112, 104, 101, 93, 85]
R9[88, 96, 120, 119, 111, 103, 95, 86, 87]
R10[129, 148, 140, 121, 137, 145, 153, 154, 146, 138, 130, 122]
R11[123, 131, 139, 147, 155, 157, 149, 152, 144, 141, 133, 125]
R12[127, 126, 134, 142, 150, 158, 156, 132, 124]
R13[169, 188, 180, 161, 177, 185, 193, 194, 186, 178, 170, 162]
R14[163, 171, 179, 187, 195, 197, 189, 192, 184, 181, 173, 165]
R15[167, 166, 174, 182, 190, 198, 196, 172, 164]
R16[209, 228, 220, 201, 217, 225, 233, 234, 226, 218, 210, 202]
R17[203, 211, 219, 227, 235, 237, 229, 232, 224, 221, 213, 205]
R18[207, 206, 214, 222, 230, 238, 236, 212, 204]
R19[241, 260, 268, 249, 257, 265, 273, 274, 266, 258, 250, 242]
R20[243, 251, 259, 267, 275, 277, 269, 272, 264, 261, 253, 245]
R21[247, 246, 254, 262, 270, 278, 276, 252, 244]
R22[289, 308, 300, 281, 297, 305, 313, 314, 306, 298, 290, 282]
R23[283, 291, 299, 307, 315, 317, 309, 312, 304, 301, 293, 285]
R24[287, 286, 294, 302, 310, 318, 316, 292, 284]
R25[350, 358, 348, 356, 345, 353, 354, 346, 338, 337, 329, 321, 330, 322]
R26[323, 331, 339, 347, 355, 357, 349, 352, 344, 341, 333, 325]
R27[328, 336, 360, 359, 351, 343, 335, 326, 327]
------------------------------------------
