Antes de iniciar JVM
Antes de llamar a Controller
Antes de apagar la JVM
FIN
 
------------------------------------------
HEURÍSTICA DE CONSTRUCCIÓN: MoleJameson
COSTO TOTAL: 6421.16
TOTAL DE RUTAS: 27
TIEMPO DE EJECUCIÓN: 82.72809171676636
 
R1[19, 27, 35, 34, 26, 18, 33, 25, 17, 9, 1, 10, 2]
R2[6, 23, 31, 14, 22, 30, 38, 36, 28, 20, 12, 4]
R3[8, 16, 39, 24, 32, 40, 37, 29, 21, 13, 5]
R4[41, 60, 68, 49, 57, 65, 73, 74, 66, 58, 50, 42]
R5[43, 51, 59, 67, 75, 77, 69, 72, 64, 61, 53, 45]
R6[47, 46, 54, 62, 70, 78, 76, 52, 44]
R7[105, 113, 114, 106, 97, 89, 108, 100, 81, 98, 90, 82]
R8[83, 91, 99, 107, 115, 117, 109, 112, 104, 101, 93, 85]
R9[87, 86, 94, 102, 110, 118, 116, 92, 84]
R10[140, 148, 137, 145, 153, 154, 146, 138, 130, 129, 121, 122]
R11[123, 131, 139, 147, 155, 157, 149, 152, 144, 141, 133, 125]
R12[127, 126, 134, 142, 150, 158, 156, 132, 124]
R13[180, 188, 177, 185, 193, 194, 186, 178, 169, 161, 170, 162]
R14[163, 171, 179, 187, 195, 197, 189, 192, 184, 181, 173, 165]
R15[167, 166, 174, 182, 190, 198, 196, 172, 164]
R16[230, 238, 228, 236, 225, 233, 201, 209, 217, 234, 226, 218, 210, 202]
R17[203, 211, 219, 227, 235, 237, 229, 232, 224, 221, 213, 205]
R18[208, 216, 240, 239, 231, 223, 215, 206, 207]
R19[257, 265, 273, 249, 276, 268, 260, 252, 241, 267, 275, 274, 266, 258, 250]
R20[246, 254, 262, 270, 278, 279, 271, 272, 264, 263, 255, 247]
R21[248, 256, 280, 277, 269, 261, 253, 243, 245]
R22[306, 314, 313, 305, 297, 289, 308, 300, 281, 298, 290, 282]
R23[283, 291, 299, 307, 315, 317, 309, 312, 304, 301, 293, 285]
R24[287, 286, 294, 302, 310, 318, 316, 292, 284]
R25[350, 358, 348, 356, 345, 353, 337, 329, 321, 354, 346, 338, 330, 322]
R26[323, 331, 339, 347, 355, 357, 349, 352, 344, 341, 333, 325]
R27[328, 336, 360, 359, 351, 343, 335, 326, 327]
------------------------------------------
