Antes de iniciar JVM
Antes de llamar a Controller
Antes de apagar la JVM
FIN
 
------------------------------------------
HEURÍSTICA DE CONSTRUCCIÓN: MoleJameson
COSTO TOTAL: 6434.42
TOTAL DE RUTAS: 27
TIEMPO DE EJECUCIÓN: 82.56149339675903
 
R1[20, 28, 36, 17, 9, 1, 25, 33, 34, 26, 18, 10, 2]
R2[3, 11, 19, 27, 35, 37, 29, 32, 24, 21, 13, 5]
R3[6, 14, 22, 30, 38, 39, 40, 31, 23, 15, 7]
R4[52, 60, 68, 76, 73, 65, 57, 49, 41, 67, 75, 74, 66, 58, 50]
R5[46, 54, 62, 70, 78, 79, 71, 72, 64, 63, 55, 47]
R6[48, 56, 80, 77, 69, 61, 53, 43, 45]
R7[81, 100, 108, 89, 97, 105, 113, 114, 106, 98, 90, 82]
R8[83, 91, 99, 107, 115, 117, 109, 112, 104, 101, 93, 85]
R9[87, 86, 94, 102, 110, 118, 116, 92, 84]
R10[132, 140, 148, 156, 145, 153, 154, 155, 147, 146, 138, 137, 129, 121, 130]
R11[126, 134, 142, 150, 158, 159, 151, 152, 144, 143, 135, 127]
R12[128, 136, 160, 157, 149, 141, 133, 123, 125]
R13[169, 161, 180, 188, 177, 185, 193, 194, 186, 178, 170, 162]
R14[163, 171, 179, 187, 195, 197, 189, 192, 184, 181, 173, 165]
R15[167, 166, 174, 182, 190, 198, 196, 172, 164]
R16[219, 227, 234, 226, 218, 210, 233, 225, 217, 209, 201, 202]
R17[203, 211, 235, 237, 229, 221, 213, 208, 205]
R18[206, 223, 231, 214, 222, 230, 238, 236, 228, 220, 212, 204]
R19[269, 277, 251, 259, 267, 275, 274, 266, 258, 273, 265, 257, 249, 241, 250]
R20[246, 263, 271, 254, 262, 270, 278, 276, 268, 260, 252, 244]
R21[245, 248, 256, 264, 272, 280, 279, 255, 247]
R22[305, 313, 314, 306, 297, 289, 308, 300, 281, 298, 290, 282]
R23[283, 291, 299, 307, 315, 317, 309, 312, 304, 301, 293, 285]
R24[287, 286, 294, 302, 310, 318, 316, 292, 284]
R25[345, 353, 354, 346, 338, 330, 337, 329, 348, 340, 321, 322]
R26[323, 331, 339, 347, 355, 357, 349, 352, 344, 341, 333, 325]
R27[327, 326, 334, 342, 350, 358, 356, 332, 324]
------------------------------------------
