Antes de iniciar JVM
Antes de llamar a Controller
Antes de apagar la JVM
FIN
 
------------------------------------------
HEURÍSTICA DE CONSTRUCCIÓN: MoleJameson
COSTO TOTAL: 6339.63
TOTAL DE RUTAS: 27
TIEMPO DE EJECUCIÓN: 82.2219500541687
 
R1[19, 27, 35, 26, 34, 33, 25, 17, 9, 1, 18, 10, 2]
R2[6, 23, 31, 14, 22, 30, 38, 36, 28, 20, 12, 4]
R3[8, 16, 39, 24, 32, 40, 37, 29, 21, 13, 5]
R4[41, 60, 68, 49, 57, 65, 73, 74, 66, 58, 50, 42]
R5[43, 51, 59, 67, 75, 77, 69, 72, 64, 61, 53, 45]
R6[47, 46, 54, 62, 70, 78, 76, 52, 44]
R7[113, 105, 97, 89, 108, 100, 81, 114, 106, 98, 90, 82]
R8[83, 91, 99, 107, 115, 117, 109, 112, 104, 101, 93, 85]
R9[87, 86, 94, 102, 110, 118, 116, 92, 84]
R10[121, 140, 148, 129, 137, 145, 153, 154, 146, 138, 130, 122]
R11[123, 131, 139, 147, 155, 157, 149, 152, 144, 141, 133, 125]
R12[127, 126, 134, 142, 150, 158, 156, 132, 124]
R13[190, 198, 188, 196, 193, 185, 177, 169, 161, 194, 186, 178, 170, 162]
R14[163, 171, 179, 187, 195, 197, 189, 192, 184, 181, 173, 165]
R15[168, 176, 200, 199, 191, 183, 175, 166, 167]
R16[217, 228, 220, 209, 201, 225, 233, 234, 226, 218, 210, 202]
R17[203, 211, 219, 227, 235, 237, 229, 232, 224, 221, 213, 205]
R18[207, 206, 214, 222, 230, 238, 236, 212, 204]
R19[260, 268, 257, 265, 273, 249, 258, 274, 266, 258, 250, 242]
R20[243, 251, 259, 267, 275, 277, 269, 272, 264, 261, 253, 245]
R21[247, 246, 254, 262, 270, 278, 276, 252, 244]
R22[281, 300, 308, 289, 297, 305, 313, 314, 306, 298, 290, 282]
R23[283, 291, 299, 307, 315, 317, 309, 312, 304, 301, 293, 285]
R24[287, 286, 294, 302, 310, 318, 316, 292, 284]
R25[348, 340, 321, 329, 337, 345, 353, 354, 346, 338, 330, 322]
R26[323, 331, 339, 347, 355, 357, 349, 352, 344, 341, 333, 325]
R27[327, 326, 334, 342, 350, 358, 356, 332, 324]
------------------------------------------
