Antes de iniciar JVM
Antes de llamar a Controller
Antes de apagar la JVM
FIN
 
------------------------------------------
HEURÍSTICA DE CONSTRUCCIÓN: MoleJameson
COSTO TOTAL: 6381.09
TOTAL DE RUTAS: 27
TIEMPO DE EJECUCIÓN: 84.32234263420105
 
R1[12, 20, 28, 36, 25, 33, 34, 26, 19, 18, 17, 9, 1, 10]
R2[3, 11, 27, 35, 37, 29, 21, 32, 16, 13, 5]
R3[6, 14, 22, 30, 38, 39, 31, 40, 24, 23, 15, 7]
R4[60, 68, 57, 65, 73, 74, 66, 49, 41, 58, 50, 42]
R5[43, 51, 59, 67, 75, 77, 69, 72, 64, 61, 53, 45]
R6[47, 46, 54, 62, 70, 78, 76, 52, 44]
R7[81, 100, 108, 89, 97, 105, 113, 114, 106, 98, 90, 82]
R8[83, 91, 99, 107, 115, 117, 109, 112, 104, 101, 93, 85]
R9[87, 86, 94, 102, 110, 118, 116, 92, 84]
R10[139, 147, 154, 146, 138, 153, 145, 137, 129, 121, 130, 122]
R11[123, 131, 155, 157, 149, 141, 133, 128, 125]
R12[126, 143, 151, 134, 142, 150, 158, 156, 148, 140, 132, 124]
R13[188, 180, 161, 169, 177, 185, 193, 194, 186, 178, 170, 162]
R14[163, 171, 179, 187, 195, 197, 189, 192, 184, 181, 173, 165]
R15[167, 166, 174, 182, 190, 198, 196, 172, 164]
R16[229, 237, 211, 219, 227, 235, 234, 226, 218, 233, 225, 217, 209, 201, 210]
R17[206, 223, 231, 214, 222, 230, 238, 236, 228, 220, 212, 204]
R18[205, 208, 216, 224, 232, 240, 239, 215, 207]
R19[249, 257, 265, 273, 268, 260, 241, 274, 266, 258, 250, 242]
R20[243, 251, 259, 267, 275, 277, 269, 272, 264, 261, 253, 245]
R21[247, 246, 254, 262, 270, 278, 276, 252, 244]
R22[281, 300, 308, 289, 297, 305, 313, 314, 306, 298, 290, 282]
R23[283, 291, 299, 307, 315, 317, 309, 312, 304, 301, 293, 285]
R24[287, 286, 294, 302, 310, 318, 316, 292, 284]
R25[350, 358, 348, 356, 345, 353, 354, 346, 338, 330, 337, 329, 321, 322]
R26[323, 331, 339, 347, 355, 357, 349, 352, 344, 341, 333, 325]
R27[328, 336, 360, 359, 351, 343, 335, 326, 327]
------------------------------------------
