 
------------------------------------------
HEURÍSTICA DE CONSTRUCCIÓN: RandomMethod
COSTO TOTAL: 6419.36
TOTAL DE RUTAS: 9
TIEMPO DE EJECUCIÓN: 0.08780860900878906
 
R1[21, 87, 58, 86, 113, 80, 66, 63, 110, 49, 16, 44, 50, 43]
R2[90, 82, 89, 6, 30, 52, 54, 1, 118, 14, 62, 108]
R3[31, 11, 79, 15, 97, 45, 115, 72, 60, 4, 64, 35, 94, 88, 13]
R4[9, 27, 61, 117, 32, 106, 26, 39, 65, 98, 57, 75]
R5[92, 42, 105, 103, 29, 47, 46, 81, 23, 34, 28, 5, 18, 22, 109]
R6[24, 33, 41, 40, 104, 38, 102, 10, 84, 119, 48, 116, 95]
R7[76, 36, 101, 74, 56, 99, 112, 19, 53, 51, 20, 120, 77, 68]
R8[114, 25, 69, 37, 71, 73, 70, 7, 2, 3, 59, 107]
R9[96, 8, 111, 12, 83, 85, 91, 100, 78, 67, 93, 17, 55]
------------------------------------------
