 
------------------------------------------
HEURÍSTICA DE CONSTRUCCIÓN: NearestNeighborWithRLC
COSTO TOTAL: 3230.79
TOTAL DE RUTAS: 9
TIEMPO DE EJECUCIÓN: 1.2429397106170654
 
R1[120, 2, 3, 117, 118, 116, 114, 119, 112, 115, 111, 110, 108, 109, 107]
R2[106, 113, 105, 104, 103, 100, 102, 99, 98, 101, 96, 95, 97, 93, 91]
R3[94, 90, 88, 92, 89, 85, 86, 84, 83, 87, 82, 81]
R4[7, 9, 18, 10, 6, 5, 70, 69, 67, 15]
R5[1, 4, 11, 13, 76, 8, 80, 73, 71, 68, 79, 14, 78]
R6[75, 74, 77, 17, 16, 72, 21, 40, 12, 43]
R7[39, 38, 37, 42, 19, 26, 41, 25, 22, 24, 53, 52, 20, 28, 45, 23]
R8[56, 55, 48, 54, 44, 32, 46, 47, 35, 31, 30, 49, 29, 36, 33, 34, 27, 50, 51]
R9[62, 57, 61, 60, 59, 65, 58, 64, 66, 63]
------------------------------------------
