 
------------------------------------------
HEURÍSTICA DE CONSTRUCCIÓN: RandomMethod
COSTO TOTAL: 6638.92
TOTAL DE RUTAS: 9
TIEMPO DE EJECUCIÓN: 0.07095146179199219
 
R1[11, 45, 12, 61, 118, 103, 72, 116, 26, 90, 86, 43]
R2[60, 50, 20, 70, 98, 9, 32, 36, 107, 67, 87, 94, 109, 89, 52]
R3[93, 16, 99, 102, 117, 108, 91, 83, 42, 110, 58, 75]
R4[49, 119, 23, 40, 5, 81, 73, 101, 15, 95, 77, 64, 68, 66]
R5[1, 63, 78, 19, 41, 112, 92, 80, 39, 48]
R6[38, 65, 35, 51, 21, 29, 100, 53, 47, 44, 120, 106, 69]
R7[25, 76, 56, 55, 6, 24, 3, 4, 37, 28, 7, 14, 79, 57, 62, 13]
R8[10, 27, 71, 96, 59, 82, 17, 111, 18, 8, 54, 31, 84, 85]
R9[34, 114, 30, 46, 105, 22, 88, 104, 113, 74, 97, 115, 2, 33]
------------------------------------------
