 
------------------------------------------
HEURÍSTICA DE CONSTRUCCIÓN: NearestNeighborWithRLC
COSTO TOTAL: 3391.68
TOTAL DE RUTAS: 10
TIEMPO DE EJECUCIÓN: 1.1999599933624268
 
R1[2, 120, 119, 118, 3, 116, 115, 113, 117, 114, 110, 109, 108, 111]
R2[106, 105, 112, 103, 104, 102, 100, 99, 101, 97, 98, 95, 107, 94, 96]
R3[92, 93, 89, 91, 88, 87, 85, 90, 86, 83, 82, 81, 7]
R4[18, 84, 9, 10, 6, 1, 5, 67, 11, 70, 69, 15]
R5[76, 13, 4, 8, 14, 73, 79, 71, 68, 12, 80, 77, 78]
R6[16, 75, 72, 74, 40, 17, 20, 43, 42, 41, 19]
R7[39, 37, 38, 23, 22, 26, 25, 53, 52, 21, 28, 24]
R8[55, 54, 45, 56, 44, 47, 32, 48, 46, 35, 27, 29, 49, 31, 36, 33, 34, 30]
R9[58, 57, 62, 61, 59, 50, 51, 64, 65, 63, 66]
R10[60]
------------------------------------------
