 
------------------------------------------
HEURÍSTICA DE CONSTRUCCIÓN: Sweep
COSTO TOTAL: 6299.29
TOTAL DE RUTAS: 9
TIEMPO DE EJECUCIÓN: 3.079096555709839
 
R1[93, 87, 59, 73, 80, 117, 104, 60, 68, 57, 54, 66, 41]
R2[16, 115, 100, 58, 98, 33, 30, 22, 34, 7, 78, 67, 72, 63]
R3[105, 79, 31, 116, 107, 24, 55, 111, 49, 8, 119, 97, 23, 46, 84, 43]
R4[61, 118, 9, 96, 40, 19, 114, 15, 11, 81, 86, 74, 88]
R5[32, 47, 50, 94, 45, 6, 13, 109, 90, 20, 12, 92, 51, 110]
R6[38, 53, 37, 21, 62, 69, 106, 95, 82, 70, 42, 76, 5, 52]
R7[113, 108, 102, 75, 2, 27, 101, 65, 36, 83, 91, 28]
R8[1, 26, 77, 18, 71, 112, 89, 64, 39, 4, 99, 85]
R9[35, 29, 44, 48, 10, 56, 17, 3, 25, 103, 14, 120]
------------------------------------------
