 
------------------------------------------
HEURÍSTICA DE CONSTRUCCIÓN: RandomMethod
COSTO TOTAL: 6282.77
TOTAL DE RUTAS: 9
TIEMPO DE EJECUCIÓN: 0.06923079490661621
 
R1[47, 74, 70, 9, 12, 80, 76, 78, 29, 56, 39, 106, 119, 13, 19, 95, 71, 68, 103]
R2[11, 14, 26, 109, 51, 99, 4, 44, 28, 59, 61, 100]
R3[32, 24, 92, 69, 67, 89, 117, 114, 72, 81, 38, 79, 73, 102, 45, 48]
R4[86, 36, 16, 111, 5, 75, 21, 25, 43, 57, 17]
R5[34, 15, 97, 84, 120, 33, 113, 116, 108, 87, 20, 50, 53, 93]
R6[22, 118, 85, 66, 64, 46, 62, 107, 83, 101, 49, 18, 65, 58, 82]
R7[6, 31, 63, 55, 35, 77, 94, 98, 23, 112, 110, 8, 41]
R8[10, 3, 2, 91, 30, 40, 1, 60, 105, 115, 7, 27, 88, 54]
R9[96, 37, 90, 42, 52, 104]
------------------------------------------
