 
------------------------------------------
HEURÍSTICA DE CONSTRUCCIÓN: CMT
COSTO TOTAL: 1634.42
TOTAL DE RUTAS: 10
TIEMPO DE EJECUCIÓN: 5.09431004524231
 
R1[103, 104, 107, 100, 99, 100, 110, 116, 98, 97, 101, 106, 94]
R2[68, 52, 53, 55, 54, 56, 62, 65, 61, 65, 58, 60]
R3[113, 83, 5, 3, 10, 11, 7, 9, 2, 2, 1, 2, 117, 118]
R4[87, 86, 85, 112, 92, 89, 84, 84, 111, 88, 82, 81, 82, 93]
R5[70, 72, 75, 74, 78, 80, 73, 76, 71, 67, 69, 67]
R6[19, 50, 51, 59, 63, 59, 48, 57, 57, 66, 57]
R7[27, 24, 22, 25, 33, 30, 31, 28, 36, 35, 32, 35, 23, 17, 20, 26]
R8[38, 41, 39, 42, 47, 46, 49, 44, 47, 43, 40]
R9[95, 14, 15, 13, 8, 12, 21, 29, 109, 108, 114, 105]
R10[96, 18, 120, 90, 102]
------------------------------------------
