 
------------------------------------------
HEURÍSTICA DE CONSTRUCCIÓN: CMT
COSTO TOTAL: 1605.92
TOTAL DE RUTAS: 10
TIEMPO DE EJECUCIÓN: 4.9692158699035645
 
R1[83, 113, 117, 112, 90, 84, 114, 118, 118, 108, 118]
R2[38, 41, 48, 42, 39, 40, 45, 43, 45, 47, 50]
R3[1, 2, 3, 10, 5, 4, 10, 11, 9, 11, 7, 14]
R4[88, 87, 120, 82, 119, 82, 81, 111, 86, 111, 95, 92, 91]
R5[98, 69, 110, 96, 102, 100, 116, 101, 105, 99, 107, 104, 107, 103, 100, 116]
R6[19, 66, 63, 64, 62, 60, 59, 58, 57, 61, 65]
R7[56, 54, 53, 55, 53, 55, 53, 77, 75, 76]
R8[94, 93, 97, 115, 67, 71, 72, 74, 73, 68]
R9[16, 32, 36, 35, 35, 29, 46, 49, 46, 44, 29, 34, 33, 31, 28, 24, 25, 21]
R10[13, 8, 12, 17, 26, 22, 23, 20]
------------------------------------------
