 
------------------------------------------
HEURÍSTICA DE CONSTRUCCIÓN: SaveParallel
COSTO TOTAL: 1060.53
TOTAL DE RUTAS: 5
TIEMPO DE EJECUCIÓN: 5.746883869171143
 
R1[40, 37, 38, 39, 42, 41, 44, 47, 46, 49, 50, 51, 48, 45, 43, 68, 52, 65, 61, 62, 64, 66, 63, 60, 59, 58, 57, 56, 54, 55, 53, 79, 80, 78, 77, 76, 73]
R2[81, 1, 2, 8, 12, 16, 22, 24, 27, 31, 30, 33, 34, 36, 35, 32, 28, 25, 19, 23, 26, 29, 109]
R3[107, 104, 103, 100, 116, 69, 70, 74, 72, 75, 71, 67, 98, 110, 115, 18, 118, 114, 90, 91, 89, 92, 95]
R4[82, 85, 112, 117, 83, 113, 84, 6, 7, 5, 4, 3, 10, 11, 15, 14, 13, 9, 17, 20, 21, 108, 97, 94, 93, 96, 99, 101, 102, 105, 106, 120]
R5[87, 86, 111, 88, 119]
------------------------------------------
