 
------------------------------------------
HEURÍSTICA DE CONSTRUCCIÓN: Sweep
COSTO TOTAL: 5918.16
TOTAL DE RUTAS: 9
TIEMPO DE EJECUCIÓN: 3.0313217639923096
 
R1[114, 113, 64, 51, 25, 44, 53, 43, 117, 39, 29]
R2[72, 67, 82, 104, 73, 9, 100, 75, 93, 109, 15]
R3[61, 69, 118, 80, 77, 112, 38, 57, 103, 34, 52, 56, 68]
R4[22, 81, 76, 87, 3, 47, 31, 49, 37, 14, 10, 95, 88, 35]
R5[92, 115, 71, 45, 27, 89, 59, 62, 116, 28, 50, 97, 111, 5, 65, 20, 19, 41, 12, 66]
R6[86, 105, 83, 42, 17, 26, 24, 13, 98, 40, 110, 102, 78]
R7[106, 94, 85, 60, 58, 30, 21, 16, 55, 54, 70, 11, 119]
R8[36, 18, 6, 107, 99, 33, 74, 46, 48, 4, 91, 7, 8, 108, 120]
R9[1, 96, 84, 63, 79, 23, 90, 32, 2, 101]
------------------------------------------
