 
------------------------------------------
HEURÍSTICA DE CONSTRUCCIÓN: RandomMethod
COSTO TOTAL: 6483.63
TOTAL DE RUTAS: 9
TIEMPO DE EJECUCIÓN: 0.10970258712768555
 
R1[81, 84, 63, 41, 26, 12, 76, 106, 86, 5, 13, 38]
R2[31, 56, 88, 103, 21, 7, 52, 60, 27, 30, 35, 118, 75, 109, 20]
R3[9, 1, 95, 29, 101, 16, 34, 105, 92, 89, 3, 91, 24, 114]
R4[32, 50, 4, 51, 59, 112, 36, 87, 40, 22, 46, 54, 65, 78, 33]
R5[113, 67, 45, 77, 69, 94, 42, 71, 100, 117, 115, 2, 57, 66]
R6[61, 64, 53, 55, 73, 108, 6, 79, 104, 11, 72, 19, 44, 119]
R7[83, 28, 97, 110, 107, 39, 49, 116, 10, 74, 43, 25, 82, 111]
R8[18, 102, 68, 58, 23, 90, 14, 62, 70, 37, 99]
R9[96, 80, 120, 15, 17, 8, 93, 48, 85, 98, 47]
------------------------------------------
