 
------------------------------------------
HEURÍSTICA DE CONSTRUCCIÓN: CMT
COSTO TOTAL: 1641.2
TOTAL DE RUTAS: 10
TIEMPO DE EJECUCIÓN: 5.311863422393799
 
R1[1, 2, 3, 4, 15, 11, 15, 11, 9, 5, 6, 7]
R2[59, 60, 63, 63, 62, 56, 54, 57, 58, 57, 58, 53, 79]
R3[103, 67, 69, 70, 75, 72, 71, 74, 73, 76, 104]
R4[86, 85, 95, 81, 82, 82, 82, 82, 119, 82, 88, 82, 112, 106, 107]
R5[52, 61, 65, 40, 43, 48, 51, 45, 51, 42, 47]
R6[77, 68, 77, 78, 80, 26, 38, 39, 41, 44, 46, 34, 32]
R7[92, 89, 93, 96, 93, 93, 116, 96, 96, 93, 100, 94, 90, 117]
R8[8, 33, 30, 27, 31, 36, 37, 29, 35, 28, 24, 25, 22, 23, 20, 118]
R9[108, 12, 17, 16, 21, 16, 19, 16, 110, 115, 109]
R10[113, 114, 18, 83]
------------------------------------------
