 
------------------------------------------
HEURÍSTICA DE CONSTRUCCIÓN: CMT
COSTO TOTAL: 1673.83
TOTAL DE RUTAS: 10
TIEMPO DE EJECUCIÓN: 5.0585854053497314
 
R1[43, 48, 39, 38, 41, 44, 46, 49, 47, 42, 47, 50]
R2[3, 4, 6, 9, 10, 9, 10, 11, 1, 7, 11, 14]
R3[88, 112, 83, 112, 81, 86, 111, 111, 111, 111, 84, 85, 87, 91, 118]
R4[53, 55, 54, 56, 58, 57, 62, 63, 64, 66, 59, 60, 79]
R5[22, 24, 25, 30, 27, 33, 27, 34, 35, 36, 28, 19, 32, 23, 16, 26, 20]
R6[104, 52, 61, 65, 37, 51, 29, 17, 21, 40, 76]
R7[107, 100, 105, 102, 101, 99, 106, 106, 106, 106, 106, 106]
R8[72, 75, 72, 67, 70, 69, 71, 78, 80, 73]
R9[89, 108, 12, 8, 13, 109, 77, 68, 115, 93]
R10[96, 97, 94, 90, 114, 18, 90, 95]
------------------------------------------
