 
------------------------------------------
HEURÍSTICA DE CONSTRUCCIÓN: RandomMethod
COSTO TOTAL: 6269.65
TOTAL DE RUTAS: 9
TIEMPO DE EJECUCIÓN: 0.10041427612304688
 
R1[4, 86, 108, 13, 55, 27, 11, 21, 104, 38, 85, 29, 67, 110, 119, 63]
R2[96, 56, 118, 32, 17, 15, 102, 58, 31, 16, 80, 77]
R3[106, 20, 109, 51, 97, 117, 107, 49, 60, 75, 105]
R4[1, 113, 7, 2, 35, 43, 12, 111, 112, 84, 64, 95]
R5[92, 87, 66, 26, 39, 28, 22, 54, 120, 79, 46, 53]
R6[47, 115, 34, 116, 44, 30, 40, 25, 73, 76, 114, 91, 69, 48, 103]
R7[72, 6, 23, 19, 82, 8, 94, 81, 10, 14, 24, 57, 71, 98, 100]
R8[3, 18, 61, 37, 101, 52, 74, 5, 9, 83, 33, 90]
R9[93, 59, 88, 99, 78, 42, 89, 70, 36, 65, 62, 50, 45, 41, 68]
------------------------------------------
