 
------------------------------------------
HEURÍSTICA DE CONSTRUCCIÓN: CMT
COSTO TOTAL: 1585.3
TOTAL DE RUTAS: 10
TIEMPO DE EJECUCIÓN: 5.243952512741089
 
R1[61, 65, 45, 48, 50, 51, 42, 47, 43, 42, 39, 42]
R2[19, 29, 36, 28, 30, 33, 36, 35, 34, 36, 27, 35, 35, 36, 32, 26, 20]
R3[1, 2, 5, 10, 10, 11, 15, 3, 4, 3, 9, 6]
R4[57, 58, 60, 59, 52, 53, 53, 56, 63, 64, 55, 54, 56]
R5[82, 86, 85, 117, 83, 117, 84, 8, 118, 113, 81, 112, 111, 85, 88]
R6[106, 37, 41, 41, 44, 41, 38, 41, 37, 41, 80, 76]
R7[107, 107, 104, 105, 105, 102, 101, 99, 101, 100, 70, 69, 119, 71]
R8[108, 77, 68, 73, 78, 75, 75, 72, 75, 91]
R9[98, 110, 115, 109, 114, 18, 97, 116, 96, 90, 89, 94]
R10[87, 93, 92]
------------------------------------------
