 
------------------------------------------
HEURÍSTICA DE CONSTRUCCIÓN: NearestNeighborWithRLC
COSTO TOTAL: 2973.18
TOTAL DE RUTAS: 8
TIEMPO DE EJECUCIÓN: 1.361266851425171
 
R1[119, 2, 3, 117, 120, 116, 114, 118, 112, 113, 111, 115, 108, 110, 107]
R2[106, 105, 103, 102, 109, 100, 104, 101, 99, 98, 96, 95, 93, 94, 92, 97]
R3[89, 88, 87, 90, 86, 91, 85, 83, 84, 18, 82, 81, 7, 6]
R4[10, 9, 5, 4, 1, 70, 76, 73, 71, 67, 69, 11, 68, 13, 8, 14, 12, 15, 79, 78]
R5[77, 75, 74, 16, 80, 72, 21, 17, 40, 43]
R6[39, 38, 20, 19, 22, 42, 37, 26, 25, 23, 52]
R7[24, 56, 53, 55, 54, 41, 28, 48, 45, 44, 46, 32, 35, 47, 30, 29]
R8[27, 31, 36, 34, 49, 58, 50, 33, 51, 57, 61, 60, 59, 64, 62, 66, 63, 65]
------------------------------------------
