 
------------------------------------------
HEURÍSTICA DE CONSTRUCCIÓN: NearestNeighborWithRLC
COSTO TOTAL: 3000.97
TOTAL DE RUTAS: 9
TIEMPO DE EJECUCIÓN: 1.327347993850708
 
R1[120, 2, 118, 119, 116, 3, 114, 115, 113, 112, 111, 109, 108, 117, 110]
R2[106, 107, 105, 103, 104, 101, 102, 100, 98, 99, 96, 97, 93, 95, 91]
R3[90, 94, 89, 87, 88, 85, 86, 84, 83, 81, 92, 82]
R4[7, 18, 6, 5, 9, 10, 4, 1, 70, 69, 76, 11, 15, 13, 8, 80]
R5[73, 79, 67, 14, 71, 78, 68, 12, 75, 74, 72]
R6[17, 16, 21, 77, 20, 19, 43, 42, 40, 41]
R7[39, 37, 38, 23, 25, 22, 26, 24, 52, 53, 56, 28]
R8[55, 54, 45, 44, 48, 46, 47, 35, 31, 32, 29, 30, 36, 27, 33, 34, 58, 50, 51]
R9[62, 61, 59, 49, 57, 64, 63, 65, 66, 60]
------------------------------------------
