 
------------------------------------------
HEURÍSTICA DE CONSTRUCCIÓN: NearestNeighborWithRLC
COSTO TOTAL: 3279.74
TOTAL DE RUTAS: 9
TIEMPO DE EJECUCIÓN: 1.3026456832885742
 
R1[2, 3, 120, 117, 116, 118, 114, 115, 119, 113, 111, 109, 112, 108, 110]
R2[105, 107, 103, 104, 101, 102, 106, 100, 98, 96, 97, 94, 95, 99, 93, 91]
R3[89, 92, 88, 87, 85, 86, 84, 82, 81, 90, 83, 9, 7]
R4[5, 18, 4, 70, 69, 6, 1, 11, 67, 15, 13]
R5[10, 14, 8, 80, 78, 77, 76, 73, 75, 79]
R6[72, 71, 12, 16, 68, 74, 17, 20, 40, 43, 39]
R7[38, 42, 21, 37, 26, 23, 41, 25, 22, 24, 53, 28, 19, 52]
R8[55, 54, 56, 48, 47, 45, 44, 32, 46, 31, 35, 29, 49, 36, 27, 33, 34, 50, 57, 51]
R9[62, 30, 61, 60, 58, 59, 64, 66, 65, 63]
------------------------------------------
