 
------------------------------------------
HEURÍSTICA DE CONSTRUCCIÓN: RandomMethod
COSTO TOTAL: 6465.19
TOTAL DE RUTAS: 9
TIEMPO DE EJECUCIÓN: 0.07139086723327637
 
R1[25, 63, 40, 7, 71, 112, 78, 66, 80, 60, 75]
R2[30, 33, 68, 93, 115, 102, 19, 5, 101, 1, 94, 48]
R3[46, 57, 12, 17, 67, 100, 41, 72, 69, 55, 99]
R4[18, 81, 38, 79, 103, 116, 107, 119, 105, 6, 97, 50, 23, 4, 15]
R5[54, 77, 114, 29, 91, 110, 74, 53, 10, 20, 31, 26, 86]
R6[83, 43, 76, 88, 85, 44, 113, 92, 82, 9, 36, 95, 117, 61, 52]
R7[24, 56, 118, 34, 49, 45, 89, 21, 58, 59, 35, 2, 37, 39, 73]
R8[70, 106, 96, 42, 84, 65, 62, 111, 22, 108, 98, 16, 28, 120]
R9[27, 3, 8, 32, 11, 51, 14, 90, 64, 104, 47, 87, 13, 109]
------------------------------------------
