 
------------------------------------------
HEURÍSTICA DE CONSTRUCCIÓN: CMT
COSTO TOTAL: 1634.49
TOTAL DE RUTAS: 10
TIEMPO DE EJECUCIÓN: 5.124368906021118
 
R1[97, 108, 114, 109, 115, 91, 90, 94, 18, 118, 18, 118, 113, 93]
R2[58, 59, 60, 59, 54, 62, 64, 56, 55, 57, 56, 57, 79]
R3[43, 51, 48, 45, 65, 61, 65, 52, 40, 47, 42]
R4[2, 1, 3, 5, 4, 11, 6, 10, 7, 9, 15, 14]
R5[19, 22, 24, 22, 25, 28, 34, 30, 33, 30, 31, 30, 32, 23, 16, 26, 20]
R6[106, 29, 41, 37, 38, 49, 46, 44, 41, 39, 41, 80, 78]
R7[70, 69, 72, 75, 77, 73, 74, 71, 67]
R8[103, 76, 13, 12, 8, 8, 98, 84, 117, 81, 112, 119, 111]
R9[89, 116, 104, 100, 101, 105, 104, 107, 104, 105, 102, 82, 85, 95, 88]
R10[87, 92, 86]
------------------------------------------
