 
------------------------------------------
HEURÍSTICA DE CONSTRUCCIÓN: NearestNeighborWithRLC
COSTO TOTAL: 3198.03
TOTAL DE RUTAS: 9
TIEMPO DE EJECUCIÓN: 1.227555274963379
 
R1[120, 119, 2, 3, 118, 115, 114, 113, 117, 112, 116, 110, 111, 109, 106, 107, 108, 103]
R2[105, 101, 104, 99, 98, 100, 97, 95, 94, 102, 93, 96, 92, 91]
R3[90, 88, 87, 85, 86, 83, 84, 81, 18, 7, 82, 6, 9, 4]
R4[1, 10, 89, 67, 70, 11, 69, 5, 15, 13, 14]
R5[76, 73, 80, 79, 71, 8, 77, 68, 75, 74, 78, 12]
R6[16, 21, 17, 20, 72, 40, 43, 42, 39, 19, 22, 23]
R7[38, 26, 37, 41, 53, 52, 45, 24, 44, 28, 32, 25]
R8[55, 56, 27, 47, 54, 35, 31, 49, 46, 29, 36, 48, 30, 33, 34, 57, 51]
R9[58, 62, 50, 60, 59, 61, 65, 64, 66, 63]
------------------------------------------
