 
------------------------------------------
HEURÍSTICA DE CONSTRUCCIÓN: RandomMethod
COSTO TOTAL: 6324.72
TOTAL DE RUTAS: 9
TIEMPO DE EJECUCIÓN: 0.11718225479125977
 
R1[53, 74, 88, 86, 116, 60, 72, 10, 57, 106, 102, 26, 14, 35, 2, 28, 51, 117, 68]
R2[44, 61, 85, 25, 52, 16, 43, 31, 120, 79, 59]
R3[75, 76, 24, 62, 70, 73, 54, 63, 87, 91, 3, 107]
R4[93, 21, 22, 112, 45, 36, 17, 5, 97, 8, 84, 47, 41, 65, 81]
R5[111, 46, 115, 64, 71, 50, 49, 20, 6, 77, 55, 118, 82, 103]
R6[38, 42, 18, 119, 27, 95, 69, 58, 80, 104, 37]
R7[89, 105, 108, 29, 101, 15, 114, 23, 19, 1, 48, 40, 100, 66]
R8[96, 11, 67, 78, 32, 39, 113, 7, 94, 56, 98, 30, 92]
R9[4, 90, 33, 34, 83, 110, 9, 12, 109, 13, 99]
------------------------------------------
