 
------------------------------------------
HEURÍSTICA DE CONSTRUCCIÓN: CMT
COSTO TOTAL: 1671.07
TOTAL DE RUTAS: 11
TIEMPO DE EJECUCIÓN: 5.173268795013428
 
R1[33, 34, 36, 35, 29, 32, 28, 31, 27, 30, 24, 49]
R2[16, 19, 25, 26, 23, 21, 26, 17, 20, 26, 44, 47]
R3[12, 8, 13, 14, 15, 11, 3, 4, 10, 9, 7, 6]
R4[120, 119, 82, 88, 105]
R5[94, 92, 89, 85, 86, 85, 84, 85, 85, 85, 85, 111, 85, 117, 118]
R6[1, 2, 5, 46, 50, 48, 41, 42, 45, 51, 57, 79]
R7[38, 39, 43, 40, 65, 61, 62, 66, 64, 63, 60]
R8[108, 83, 113, 83, 90, 114, 90, 95, 18, 97, 102, 101, 107]
R9[69, 53, 55, 56, 54, 55, 59, 58, 56, 78, 68, 76, 106]
R10[103, 77, 73, 71, 74, 72, 75, 72, 67]
R11[110, 98, 104, 116, 100, 99]
------------------------------------------
