 
------------------------------------------
HEURÍSTICA DE CONSTRUCCIÓN: CMT
COSTO TOTAL: 1693.32
TOTAL DE RUTAS: 10
TIEMPO DE EJECUCIÓN: 5.113729238510132
 
R1[83, 113, 117, 84, 117, 112, 81, 85, 114, 118, 18, 90, 86, 111, 82]
R2[70, 69, 67, 71, 74, 75, 72, 68, 78, 76, 73, 76]
R3[1, 2, 3, 4, 15, 11, 5, 10, 9, 14, 13, 6]
R4[120, 106, 105, 102, 107, 103, 100, 99, 101, 104, 107, 95, 88, 87, 93]
R5[59, 60, 63, 58, 57, 55, 54, 54, 56, 54, 53, 62]
R6[65, 61, 80, 25, 27, 34, 30, 33, 27, 24, 31, 28, 31, 36, 41]
R7[98, 52, 77, 40, 43, 45, 51, 50, 48, 42, 32]
R8[92, 26, 46, 47, 49, 46, 46, 46, 44, 39, 37, 38]
R9[89, 21, 17, 20, 16, 12, 8, 7, 109, 110, 115, 116, 91]
R10[97, 94, 96]
------------------------------------------
