 
------------------------------------------
HEURÍSTICA DE CONSTRUCCIÓN: NearestNeighborWithRLC
COSTO TOTAL: 3324.5
TOTAL DE RUTAS: 9
TIEMPO DE EJECUCIÓN: 1.3357043266296387
 
R1[120, 2, 118, 119, 116, 3, 114, 117, 113, 112, 110, 109, 115, 107, 108]
R2[111, 105, 104, 106, 101, 102, 100, 103, 97, 99, 98, 94, 93, 96, 91]
R3[92, 90, 88, 89, 95, 87, 85, 86, 82, 81, 83, 18]
R4[7, 84, 10, 9, 6, 4, 1, 67, 70, 11, 5, 76, 15]
R5[69, 8, 14, 73, 80, 71, 13, 68, 78, 79, 75, 12, 77]
R6[74, 72, 21, 17, 20, 43, 40, 39, 38, 37, 42]
R7[16, 26, 19, 23, 41, 25, 24, 53, 28, 56, 55, 52]
R8[54, 22, 45, 48, 47, 27, 35, 32, 46, 44, 29, 30, 36, 31, 33, 49, 34, 50]
R9[58, 57, 51, 62, 59, 65, 61, 60, 64, 66, 63]
------------------------------------------
