 
------------------------------------------
HEURÍSTICA DE CONSTRUCCIÓN: Sweep
COSTO TOTAL: 6218.18
TOTAL DE RUTAS: 9
TIEMPO DE EJECUCIÓN: 3.170463800430298
 
R1[102, 21, 8, 112, 50, 32, 98, 69, 57, 7, 88, 111, 116, 87, 120, 104]
R2[30, 12, 93, 45, 113, 84, 117, 110, 89, 58, 3, 15]
R3[11, 51, 109, 6, 107, 31, 60, 41, 100, 16, 35, 27, 101, 18, 14, 13]
R4[72, 108, 29, 43, 19, 2, 61, 17, 23, 71, 105]
R5[25, 42, 5, 79, 90, 10, 49, 68, 46, 63, 106, 103, 81, 95, 33, 99, 40]
R6[96, 118, 54, 20, 28, 48, 37, 82, 39, 64, 80, 77]
R7[56, 91, 97, 94, 65, 86, 44, 85, 53, 55, 47, 66, 24, 36, 115]
R8[75, 26, 22, 70, 62, 59, 76, 34, 92, 38, 78]
R9[114, 83, 52, 119, 9, 4, 1, 73, 67, 74]
------------------------------------------
