 
------------------------------------------
HEURÍSTICA DE CONSTRUCCIÓN: Sweep
COSTO TOTAL: 6523.24
TOTAL DE RUTAS: 9
TIEMPO DE EJECUCIÓN: 3.0277225971221924
 
R1[19, 20, 31, 1, 26, 34, 84, 45, 58, 113, 59, 28, 79]
R2[56, 69, 39, 41, 22, 81, 33, 21, 23, 38, 99, 74, 7, 104, 50]
R3[35, 15, 103, 86, 97, 37, 11, 5, 70, 106, 17, 71]
R4[91, 6, 32, 43, 105, 95, 53, 8, 85, 94, 4, 25, 60, 61, 88]
R5[96, 76, 114, 92, 117, 47, 54, 36, 89, 66, 65, 62, 24, 107]
R6[10, 82, 9, 64, 78, 100, 46, 119, 120, 116, 30, 108, 14, 29, 67]
R7[83, 55, 101, 111, 93, 115, 72, 90, 3, 87, 98, 12]
R8[18, 16, 75, 2, 73, 49, 27, 51, 68, 112, 77, 52, 42, 102, 63, 40, 48]
R9[109, 80, 57, 13, 118, 110, 44]
------------------------------------------
