 
------------------------------------------
HEURÍSTICA DE CONSTRUCCIÓN: RandomMethod
COSTO TOTAL: 6391.14
TOTAL DE RUTAS: 9
TIEMPO DE EJECUCIÓN: 0.06702852249145508
 
R1[24, 35, 93, 15, 21, 98, 54, 46, 48, 34, 104, 37, 120, 52]
R2[10, 105, 72, 115, 84, 7, 67, 77, 78, 68, 83]
R3[86, 42, 61, 39, 12, 69, 63, 94, 76, 73, 41, 97]
R4[90, 6, 74, 80, 55, 79, 13, 101, 81, 88, 26, 103, 49, 31, 58, 51]
R5[91, 8, 75, 22, 45, 111, 53, 5, 1, 102]
R6[56, 65, 20, 57, 107, 4, 110, 62, 32, 29, 25, 96, 66, 60, 106, 17, 33]
R7[38, 40, 100, 59, 71, 116, 118, 27, 89, 64, 19, 85, 117, 82]
R8[11, 30, 47, 112, 23, 70, 92, 36, 119, 16, 114, 108, 28, 109, 95]
R9[18, 2, 87, 99, 9, 3, 50, 44, 43, 113, 14]
------------------------------------------
