 
------------------------------------------
HEURÍSTICA DE CONSTRUCCIÓN: Sweep
COSTO TOTAL: 6304.22
TOTAL DE RUTAS: 9
TIEMPO DE EJECUCIÓN: 3.1101021766662598
 
R1[105, 74, 89, 84, 90, 117, 73, 49, 31, 46, 27, 67, 7, 91, 40]
R2[94, 37, 15, 108, 80, 38, 44, 43, 98, 101, 100, 120]
R3[39, 115, 75, 2, 35, 61, 78, 72, 29, 5, 77, 19]
R4[93, 113, 34, 60, 86, 12, 6, 53, 96, 26, 102, 92, 83, 107, 32, 63, 79, 116, 8, 20]
R5[47, 51, 71, 1, 48, 10, 25, 23, 14, 56]
R6[16, 18, 87, 104, 55, 118, 112, 81, 3, 11, 119, 33]
R7[70, 76, 30, 54, 28, 66, 85, 99, 82, 21, 106, 17, 4, 114, 45]
R8[69, 103, 36, 24, 22, 58, 59, 62, 64, 52, 42, 57, 68, 109, 41, 97, 13]
R9[111, 88, 50, 9, 110, 95, 65]
------------------------------------------
