 
------------------------------------------
HEURÍSTICA DE CONSTRUCCIÓN: NearestNeighborWithRLC
COSTO TOTAL: 2228.31
TOTAL DE RUTAS: 6
TIEMPO DE EJECUCIÓN: 0.3736550807952881
 
R1[68, 67, 52, 51, 75, 2, 46, 26, 4, 45, 73]
R2[40, 74, 72, 62, 63, 35, 58, 48, 53, 39, 3, 17, 44, 6, 34]
R3[12, 32, 7, 33, 29, 30, 27, 8, 16, 28, 19, 9]
R4[1, 57, 5, 13, 47, 10, 38, 54, 15, 21, 65, 61, 14]
R5[66, 50, 18, 11, 23, 22, 49, 37, 24, 43, 42, 41, 25]
R6[20, 71, 70, 36, 56, 31, 59, 69, 60, 64, 55]
------------------------------------------
