 
------------------------------------------
HEURÍSTICA DE CONSTRUCCIÓN: NearestNeighborWithRLC
COSTO TOTAL: 2239.37
TOTAL DE RUTAS: 6
TIEMPO DE EJECUCIÓN: 0.3875718116760254
 
R1[68, 75, 74, 73, 72, 2, 52, 51, 46, 45, 40, 67, 63, 35]
R2[62, 58, 34, 33, 26, 4, 53, 48, 30, 44, 39, 3]
R3[32, 28, 27, 19, 17, 29, 6, 13, 7, 8, 9, 12, 16]
R4[1, 10, 57, 5, 54, 49, 47, 21, 14, 38, 11, 15]
R5[66, 18, 50, 65, 23, 61, 22, 24, 37, 20, 36, 25, 42, 41, 43]
R6[56, 31, 55, 71, 69, 64, 60, 70, 59]
------------------------------------------
