 
------------------------------------------
HEURÍSTICA DE CONSTRUCCIÓN: NearestNeighborWithRLC
COSTO TOTAL: 2234.32
TOTAL DE RUTAS: 6
TIEMPO DE EJECUCIÓN: 0.4024639129638672
 
R1[68, 75, 74, 73, 67, 2, 72, 52, 51, 26, 4, 46, 62, 63]
R2[53, 58, 3, 45, 17, 6, 48, 34, 40, 39, 44, 35]
R3[32, 30, 29, 12, 7, 8, 28, 27, 33, 16, 19, 5, 13]
R4[10, 9, 57, 1, 54, 49, 47, 21, 38, 14, 15]
R5[11, 65, 66, 50, 18, 61, 22, 23, 24, 37, 20, 36, 25]
R6[42, 31, 43, 56, 41, 55, 71, 69, 59, 64, 70, 60]
------------------------------------------
