 
------------------------------------------
CANTIDAD DE EJECUCIONES: 100
HEURÍSTICA DE CONSTRUCCIÓN: NearestNeighborWithRLC
COSTO TOTAL: 1805.9
TOTAL DE RUTAS: 11
TIEMPO DE EJECUCIÓN: 227 milisegundos
 
R1[1, 75, 5, 7, 11, 10, 3, 6, 4, 8, 99]
R2[100, 98, 2, 9, 23, 52, 91, 96, 97, 95, 12, 16, 19]
R3[18, 17, 15, 13, 30, 29, 20, 90, 94, 93, 92, 14, 27, 26]
R4[25, 28, 24, 51, 68, 74, 89]
R5[21, 67, 72, 22, 50, 31, 35, 37, 39]
R6[38, 36, 33, 49, 32, 48, 47, 69]
R7[65, 88, 87, 84, 83, 82, 85, 86]
R8[79, 80, 78, 77, 81, 71, 76, 70, 40]
R9[42, 44, 41, 66, 63, 43, 45, 34]
R10[46, 64, 62, 61, 59, 55, 57]
R11[56, 60, 58, 53, 73, 54]
------------------------------------------
