 
------------------------------------------
CANTIDAD DE EJECUCIONES: 100
HEURÍSTICA DE CONSTRUCCIÓN: NearestNeighborWithRLC
COSTO TOTAL: 1780.41
TOTAL DE RUTAS: 9
TIEMPO DE EJECUCIÓN: 291 milisegundos
 
R1[1, 4, 7, 3, 5, 8, 6, 11, 9, 10, 75]
R2[99, 100, 2, 97, 98, 12, 15, 14, 19, 17, 18]
R3[16, 13, 27, 30, 26, 25, 24]
R4[29, 22, 20, 23, 21, 69, 28, 52, 31, 37, 33, 32, 35, 34]
R5[36, 39, 51, 68, 74, 72, 96, 93, 95, 94, 92, 89, 91, 90]
R6[88, 86, 87, 83, 84, 81, 82, 85, 78, 79, 80, 77, 40, 41, 43]
R7[67, 66, 65, 42, 46, 45, 44, 48, 64, 47, 49, 50]
R8[62, 61, 76, 71, 73, 70, 54, 53, 63, 55, 60]
R9[56, 58, 57, 38, 59]
------------------------------------------
