 
------------------------------------------
CANTIDAD DE EJECUCIONES: 100
HEURÍSTICA DE CONSTRUCCIÓN: NearestNeighborWithRLC
COSTO TOTAL: 1704.77
TOTAL DE RUTAS: 9
TIEMPO DE EJECUCIÓN: 260 milisegundos
 
R1[75, 1, 4, 3, 7, 5, 8, 6, 11, 2, 9, 99, 12, 16, 14]
R2[19, 15, 13, 10, 17, 18, 29, 28, 27, 30, 25, 22, 23]
R3[20, 21, 69, 26, 24, 52, 32, 34, 31, 35]
R4[37, 38, 39, 36, 51, 49, 50, 47, 46]
R5[45, 40, 42, 41, 43, 44, 48, 33, 68, 67, 89]
R6[97, 98, 95, 96, 100, 94, 91, 92, 88, 87, 86, 85]
R7[84, 93, 82, 81, 90, 83, 79, 77, 78, 80, 74, 66, 72]
R8[64, 65, 63, 61, 55, 57, 59]
R9[60, 56, 54, 58, 53, 76, 71, 62, 70, 73]
------------------------------------------
