 
------------------------------------------
CANTIDAD DE EJECUCIONES: 100
HEURÍSTICA DE CONSTRUCCIÓN: NearestNeighborWithRLC
COSTO TOTAL: 1840.52
TOTAL DE RUTAS: 10
TIEMPO DE EJECUCIÓN: 268 milisegundos
 
R1[75, 5, 7, 3, 1, 6, 11, 8, 10, 9, 4, 100, 12, 16]
R2[15, 14, 17, 30, 13, 28, 52, 74, 99, 98, 18, 19]
R3[27, 69, 91, 96, 95, 94, 93, 97]
R4[2, 90, 89, 92, 20, 22, 23, 26]
R5[25, 24, 21, 67, 29, 32, 34, 36]
R6[33, 31, 38, 37, 35, 39, 50]
R7[48, 49, 47, 46, 45, 44, 42, 43, 51, 40, 72, 66]
R8[68, 64, 63, 88, 87, 85, 41, 62, 61, 59, 57]
R9[58, 60, 56, 53, 55, 86, 84, 65]
R10[82, 83, 80, 79, 70, 73, 81, 76, 78, 71, 54, 77]
------------------------------------------
