Antes de iniciar JVM
Antes de llamar a Controller
Antes de apagar la JVM
FIN
 
------------------------------------------
HEURÍSTICA DE CONSTRUCCIÓN: Sweep
COSTO TOTAL: 18619.4
TOTAL DE RUTAS: 36
TIEMPO DE EJECUCIÓN: 1.5664491653442383
 
R1[8, 6, 23, 24, 32, 16, 4, 21, 37]
R2[15, 25, 26, 1, 34, 39, 12, 28, 35, 30, 3, 27, 22]
R3[20, 40, 5, 7, 31, 14, 11, 13, 19, 36]
R4[2, 18, 17, 10, 33, 9, 38, 29]
R5[75, 63, 71, 72, 67, 47, 41, 56, 69, 78, 45]
R6[42, 77, 62, 60, 49, 50, 55, 57, 73, 70, 54]
R7[80, 74, 43, 76, 65, 44, 59, 48, 79, 58, 52]
R8[64, 46, 68, 66, 61, 53, 51]
R9[100, 95, 101, 110, 98, 87, 115, 99, 116, 119, 105, 89, 104]
R10[91, 83, 85, 118, 96, 108, 81]
R11[82, 84, 88, 111, 120, 97, 112, 109, 117, 102]
R12[86, 90, 107, 114, 93, 106, 113, 103, 94, 92]
R13[154, 145, 153, 134, 124, 125, 141, 148, 155, 127]
R14[122, 160, 139, 123, 138, 143, 140, 130]
R15[128, 157, 146, 158, 131, 126, 144, 133, 159, 137, 147, 152, 151]
R16[150, 121, 135, 156, 129, 149, 136, 132, 142]
R17[185, 175, 173, 199, 161, 198, 183, 189, 165, 182, 184, 197]
R18[169, 195, 179, 178, 171, 190, 168, 164, 194]
R19[167, 162, 177, 192, 191, 196, 163, 186, 200, 180, 188, 193]
R20[174, 176, 172, 170, 181, 166, 187]
R21[216, 206, 233, 234, 228, 224, 205, 204, 231, 217]
R22[215, 239, 213, 207, 238, 201, 230, 236, 237, 227, 210, 226]
R23[208, 202, 221, 203, 220, 229, 232, 235, 219]
R24[209, 225, 212, 218, 222, 211, 223, 214, 240]
R25[253, 261, 273, 259, 248, 272, 266, 257, 270, 280, 275, 269, 241, 267]
R26[243, 254, 244, 252, 256, 277, 262, 278, 260, 265]
R27[251, 279, 268, 263, 250, 247, 249, 274, 258, 246]
R28[242, 255, 245, 264, 276, 271]
R29[301, 287, 317, 306, 298, 303, 295, 283, 281, 320]
R30[290, 293, 299, 310, 289, 282, 305, 300, 308, 307, 294]
R31[313, 302, 297, 296, 286, 284, 318, 292, 316, 314]
R32[285, 311, 304, 312, 319, 315, 309, 288, 291]
R33[328, 346, 351, 359, 343, 335, 333, 355, 332, 348, 337, 352, 341]
R34[344, 357, 334, 330, 358, 329, 345, 350, 324, 356, 326]
R35[321, 349, 325, 342, 322, 360, 331, 338, 353]
R36[323, 340, 327, 354, 336, 339, 347]
------------------------------------------
