Antes de iniciar JVM
Antes de llamar a Controller
Antes de apagar la JVM
FIN
 
------------------------------------------
HEURÍSTICA DE CONSTRUCCIÓN: Sweep
COSTO TOTAL: 18992.74
TOTAL DE RUTAS: 36
TIEMPO DE EJECUCIÓN: 1.5215976238250732
 
R1[1, 3, 20, 30, 23, 31, 11, 21, 19, 33, 22]
R2[16, 7, 18, 27, 14, 6, 24, 13, 40]
R3[12, 17, 2, 10, 37, 15, 34, 36, 28, 9, 26]
R4[8, 5, 35, 29, 38, 39, 32, 4, 25]
R5[67, 53, 75, 64, 70, 58, 52, 63, 80, 71, 50, 76, 78, 43, 65]
R6[60, 41, 59, 51, 46, 47, 61, 68, 72]
R7[69, 57, 79, 55, 44, 73, 66, 77, 45, 49]
R8[48, 62, 74, 56, 42, 54]
R9[93, 95, 111, 82, 108, 103, 97, 114, 100, 104, 91, 119, 120, 113]
R10[102, 85, 94, 115, 110, 87, 106, 96, 117, 107, 109, 98]
R11[90, 89, 116, 83, 112, 118, 101, 92, 86]
R12[88, 84, 99, 105, 81]
R13[138, 139, 128, 143, 160, 149, 124, 144, 148, 147, 157, 136, 141]
R14[123, 127, 152, 131, 130, 150, 133, 129]
R15[135, 153, 140, 125, 122, 142, 158, 126]
R16[134, 156, 132, 145, 137, 146, 121, 154, 151, 159, 155]
R17[177, 196, 173, 186, 197, 188, 167, 165, 190, 191, 198, 176]
R18[163, 161, 195, 168, 185, 170, 178, 184]
R19[164, 166, 189, 182, 179, 199, 194, 183, 174, 180, 169]
R20[162, 193, 192, 200, 171, 181, 175, 187, 172]
R21[228, 210, 237, 234, 204, 238, 201, 225, 206, 239, 240]
R22[211, 216, 236, 203, 213, 208, 223, 226]
R23[205, 232, 215, 231, 209, 229, 227, 233, 219, 207, 230]
R24[202, 222, 221, 220, 212, 218, 214, 224, 235, 217]
R25[245, 276, 280, 262, 268, 247, 270, 259, 258, 241]
R26[246, 271, 273, 252, 243, 253, 257, 275, 251, 265, 267]
R27[255, 244, 272, 277, 261, 269, 278, 266, 264, 242, 248]
R28[260, 263, 254, 279, 249, 274, 256, 250]
R29[315, 309, 295, 292, 286, 310, 287, 320, 283]
R30[288, 291, 297, 305, 294, 299, 289, 307, 296]
R31[285, 293, 306, 301, 311, 282, 290, 284]
R32[319, 312, 317, 308, 304, 281, 316, 318, 303, 300, 314, 298, 302, 313]
R33[341, 348, 352, 325, 327, 355, 321, 359, 331, 354]
R34[333, 334, 345, 353, 351, 339, 324, 357, 343, 342, 349, 346]
R35[322, 358, 356, 350, 337, 323, 347, 329, 360, 338, 330]
R36[328, 326, 344, 335, 336, 340, 332]
------------------------------------------
