Antes de iniciar JVM
Antes de llamar a Controller
Antes de apagar la JVM
FIN
 
------------------------------------------
HEURÍSTICA DE CONSTRUCCIÓN: Sweep
COSTO TOTAL: 18821.26
TOTAL DE RUTAS: 36
TIEMPO DE EJECUCIÓN: 1.5213241577148438
 
R1[9, 26, 10, 40, 34, 28, 39, 31, 3, 20, 23, 25, 30, 14]
R2[19, 11, 27, 6, 33, 15, 38, 16, 29, 32, 17, 18, 21]
R3[2, 37, 22, 8, 1, 36, 12, 24]
R4[7, 5, 13, 35, 4]
R5[52, 53, 77, 54, 74, 63, 55, 66, 50, 49, 60]
R6[67, 61, 79, 45, 70, 43, 46, 51, 64]
R7[62, 58, 71, 42, 69, 73, 47, 76, 57, 65, 80, 78, 48]
R8[41, 59, 75, 44, 72, 56, 68]
R9[103, 106, 105, 102, 82, 113, 88, 114, 115, 98, 85]
R10[81, 90, 91, 87, 99, 101, 93]
R11[89, 111, 110, 100, 117, 96, 83, 86, 120, 92, 108]
R12[109, 119, 107, 95, 104, 118, 116, 97, 112, 94, 84]
R13[160, 130, 125, 146, 129, 145, 154, 156, 148, 142, 159, 140, 127]
R14[141, 149, 131, 122, 150, 128, 126, 147, 157]
R15[134, 151, 155, 121, 144, 152, 158, 133, 138, 135]
R16[123, 139, 153, 137, 143, 136, 132, 124]
R17[200, 169, 170, 162, 174, 176, 184, 180, 189, 191]
R18[165, 192, 186, 187, 197, 163, 179, 199, 196, 183, 190, 181, 166]
R19[188, 171, 195, 172, 178, 185, 194, 193, 164, 175, 177]
R20[167, 198, 173, 182, 168, 161]
R21[222, 236, 208, 225, 217, 231, 216, 230, 215, 206, 219]
R22[202, 237, 239, 227, 240, 214, 205, 220, 212, 232, 221]
R23[207, 213, 228, 218, 201, 211, 204]
R24[210, 229, 224, 234, 203, 223, 238, 226, 233, 235, 209]
R25[280, 269, 245, 276, 271, 277, 278, 244, 251, 256, 247]
R26[264, 248, 243, 261, 259, 260, 249, 267]
R27[246, 273, 254, 241, 258, 252, 275, 257, 279, 274, 270]
R28[253, 266, 268, 262, 265, 242, 250, 255, 263, 272]
R29[315, 293, 283, 300, 295, 304, 320, 296, 301, 318, 307, 305]
R30[281, 298, 289, 282, 290, 306, 309, 303, 292]
R31[311, 299, 310, 316, 288, 313, 314, 312, 285, 319, 317, 291, 286]
R32[294, 284, 302, 308, 287, 297]
R33[350, 321, 323, 324, 340, 355, 332, 349, 338]
R34[331, 336, 334, 356, 347, 360, 322, 341, 348, 351, 326]
R35[337, 353, 325, 359, 343, 358, 346, 333, 327, 357, 335, 344, 354]
R36[328, 330, 342, 345, 329, 339, 352]
------------------------------------------
