Antes de iniciar JVM
Antes de llamar a Controller
Antes de apagar la JVM
FIN
 
------------------------------------------
HEURÍSTICA DE CONSTRUCCIÓN: Sweep
COSTO TOTAL: 18872.68
TOTAL DE RUTAS: 36
TIEMPO DE EJECUCIÓN: 1.4984431266784668
 
R1[15, 35, 34, 12, 20, 27, 18, 14, 29, 40, 28, 4]
R2[9, 30, 23, 25, 37, 22, 33, 38, 5, 16, 1, 17, 36]
R3[13, 6, 32, 21, 24, 10, 7]
R4[8, 39, 19, 31, 3, 2, 26, 11]
R5[62, 75, 70, 59, 56, 65, 54, 45, 74, 73, 78, 55, 49]
R6[52, 48, 77, 53, 67, 44, 60, 42]
R7[51, 76, 50, 69, 66, 63, 58, 80, 79, 71, 41, 57]
R8[47, 68, 61, 46, 72, 64, 43]
R9[106, 111, 101, 112, 88, 85, 107, 99, 91, 90]
R10[83, 117, 115, 93, 119, 95, 104, 105, 98, 103, 109, 114, 113, 118, 92]
R11[100, 94, 86, 87, 89, 120, 97, 96]
R12[82, 102, 116, 108, 81, 110, 84]
R13[132, 129, 136, 147, 150, 144, 158, 139, 142, 123, 157]
R14[135, 146, 145, 153, 134, 149, 154, 141, 137, 148, 131, 152, 159, 155, 151, 121]
R15[140, 160, 127, 133, 122, 138, 126, 156]
R16[128, 130, 124, 143, 125]
R17[192, 199, 190, 165, 169, 191, 174, 162, 194, 188]
R18[163, 196, 172, 193, 171, 168, 167]
R19[166, 184, 173, 187, 186, 179, 195, 170, 189, 183, 175, 185]
R20[164, 180, 161, 182, 181, 178, 177, 197, 198, 200, 176]
R21[218, 224, 207, 237, 240, 221, 206, 202, 235, 211]
R22[216, 210, 231, 205, 238, 213, 204, 239, 229, 228, 220]
R23[233, 232, 227, 214, 222, 219, 225, 223, 201, 209, 236, 230, 217, 226]
R24[208, 215, 203, 234, 212]
R25[247, 248, 244, 275, 267, 266, 250, 252]
R26[245, 270, 262, 278, 277, 243, 256, 261, 249, 276, 271]
R27[241, 258, 268, 264, 263, 242, 253, 259, 274, 269, 279]
R28[251, 280, 255, 273, 265, 257, 272, 254, 260, 246]
R29[301, 311, 288, 307, 305, 294, 310, 298, 289, 312, 290, 317]
R30[293, 296, 303, 286, 314, 287, 291, 308, 304]
R31[306, 281, 300, 299, 315, 319, 318, 295, 285, 316, 309, 292, 313]
R32[302, 320, 297, 283, 282, 284]
R33[333, 356, 339, 354, 350, 332, 334, 360, 326, 340, 331]
R34[343, 324, 330, 358, 351, 337, 359, 349, 323, 322]
R35[327, 345, 348, 353, 357, 342, 338, 325, 336, 321, 355]
R36[352, 344, 329, 328, 335, 346, 341, 347]
------------------------------------------
