Antes de iniciar JVM
Antes de llamar a Controller
Antes de apagar la JVM
FIN
 
------------------------------------------
HEURÍSTICA DE CONSTRUCCIÓN: Sweep
COSTO TOTAL: 18715.1
TOTAL DE RUTAS: 36
TIEMPO DE EJECUCIÓN: 1.548426628112793
 
R1[2, 29, 25, 5, 4, 7, 33, 18]
R2[3, 8, 20, 32, 26, 11, 40, 39, 21, 1]
R3[19, 24, 30, 28, 22, 9, 34, 10, 13, 12, 37, 23, 38, 35, 27]
R4[6, 16, 31, 17, 36, 15, 14]
R5[43, 50, 53, 64, 49, 76, 80, 69, 67, 73, 57, 59]
R6[44, 48, 45, 78, 63, 79, 56, 54, 74]
R7[62, 75, 55, 51, 47, 65, 77, 46, 68, 52]
R8[41, 71, 70, 58, 60, 42, 66, 61, 72]
R9[119, 112, 86, 89, 93, 117, 107, 90, 111, 95, 102, 99]
R10[116, 118, 110, 114, 82, 120, 115, 88, 87, 98, 108]
R11[85, 83, 96, 97, 106, 109, 100, 105, 91, 104]
R12[103, 113, 92, 101, 94, 81, 84]
R13[149, 132, 152, 136, 133, 151, 150, 127, 155, 157, 158, 128]
R14[145, 124, 135, 141, 139, 146, 159, 142, 160, 143, 140, 121]
R15[123, 126, 137, 134, 154, 148, 129, 130]
R16[125, 144, 153, 131, 138, 147, 156, 122]
R17[175, 179, 197, 194, 161, 167, 176, 177]
R18[164, 183, 180, 193, 184, 200, 190, 171, 189, 181, 162]
R19[172, 174, 178, 198, 185, 188, 191, 199, 166, 182, 165, 196, 186]
R20[173, 163, 169, 195, 192, 187, 170, 168]
R21[208, 215, 233, 224, 231, 227, 235, 225, 238, 216, 222, 203, 226, 239]
R22[204, 211, 232, 212, 221, 240, 205, 219, 213]
R23[218, 237, 206, 234, 236, 217, 209, 223, 214, 220, 201]
R24[207, 229, 202, 230, 228, 210]
R25[277, 248, 279, 269, 278, 258, 263, 271, 260, 255, 242]
R26[245, 275, 241, 261, 259, 246, 280, 264, 253]
R27[254, 257, 256, 249, 252, 276, 267, 247, 262]
R28[244, 251, 268, 266, 270, 265, 243, 273, 272, 250, 274]
R29[287, 303, 292, 281, 304, 305, 315, 320, 307, 288, 313]
R30[297, 314, 302, 312, 311, 301, 296, 290, 286, 319, 282, 309]
R31[293, 300, 298, 310, 291, 285, 289, 306, 295, 316, 317]
R32[294, 318, 308, 299, 283, 284]
R33[353, 321, 323, 327, 355, 336, 352, 344, 329]
R34[324, 322, 341, 331, 354, 334, 343, 356, 330]
R35[333, 325, 350, 340, 359, 342, 337, 358, 347, 339, 360, 351, 332, 338, 345]
R36[349, 357, 326, 328, 335, 348, 346]
------------------------------------------
