Antes de iniciar JVM
Antes de llamar a Controller
Antes de apagar la JVM
FIN
 
------------------------------------------
HEURÍSTICA DE CONSTRUCCIÓN: Sweep
COSTO TOTAL: 18628.8
TOTAL DE RUTAS: 36
TIEMPO DE EJECUCIÓN: 1.5231475830078125
 
R1[3, 35, 21, 2, 10, 7, 28, 13, 40]
R2[32, 14, 12, 31, 25, 26, 8, 20, 16, 24, 23]
R3[1, 11, 29, 6, 9, 22, 17, 19, 27]
R4[5, 38, 37, 34, 39, 36, 4, 15, 30, 33, 18]
R5[58, 61, 62, 69, 50, 72, 55, 79, 77, 42, 43, 74]
R6[41, 48, 64, 67, 46, 73, 66, 56]
R7[45, 53, 65, 47, 75, 51, 44, 78, 76]
R8[63, 57, 71, 80, 54, 70, 60, 68, 59, 52, 49]
R9[110, 116, 83, 104, 89, 86, 109, 99, 93, 119]
R10[91, 82, 112, 108, 96, 115, 107, 117, 103, 111, 81]
R11[85, 114, 98, 102, 106, 97, 84, 95, 90]
R12[87, 100, 94, 118, 120, 105, 92, 113, 101, 88]
R13[137, 126, 153, 135, 134, 138, 151, 143, 144, 131]
R14[129, 150, 128, 160, 156, 147, 148, 125, 142, 141, 155, 159, 139, 158]
R15[133, 149, 157, 136, 124, 154, 127, 121, 146]
R16[130, 152, 123, 145, 122, 132, 140]
R17[177, 176, 173, 165, 187, 195, 168, 188, 190, 196, 182, 181]
R18[191, 174, 198, 179, 199, 194, 178, 161, 170, 193, 186, 180, 169, 192, 197]
R19[175, 172, 171, 189, 167, 163, 183, 185]
R20[166, 164, 162, 184, 200]
R21[233, 232, 205, 218, 229, 219, 238, 235, 208, 224, 203]
R22[207, 223, 231, 230, 236, 240, 228, 217, 212, 225, 213, 227, 209]
R23[216, 222, 221, 239, 210, 215, 220, 201]
R24[204, 214, 206, 211, 237, 234, 226, 202]
R25[253, 264, 243, 247, 242, 277]
R26[244, 263, 275, 267, 261, 245, 254, 241, 273, 268]
R27[246, 259, 271, 249, 248, 256, 258, 274, 257]
R28[251, 252, 280, 279, 278, 276, 266, 265, 269, 250, 262, 260, 270, 272, 255]
R29[292, 294, 288, 286, 307, 296, 312, 289]
R30[295, 287, 297, 306, 315, 285, 303, 314, 313, 317, 320, 283]
R31[302, 298, 291, 311, 309, 282, 284, 300, 316, 304]
R32[293, 301, 310, 290, 299, 281, 318, 308, 305, 319]
R33[324, 328, 359, 358, 351, 337, 327, 354, 336]
R34[330, 349, 329, 348, 360, 326, 340, 334, 321, 352, 357]
R35[356, 344, 333, 342, 343, 332, 338, 350, 346, 323, 335, 345]
R36[347, 355, 331, 341, 325, 322, 353, 339]
------------------------------------------
