Antes de iniciar JVM
Antes de llamar a Controller
Antes de apagar la JVM
FIN
 
------------------------------------------
HEURÍSTICA DE CONSTRUCCIÓN: Sweep
COSTO TOTAL: 19179.05
TOTAL DE RUTAS: 36
TIEMPO DE EJECUCIÓN: 1.4734838008880615
 
R1[18, 6, 33, 28, 29, 8, 35, 14, 13, 15]
R2[3, 2, 36, 7, 40, 31, 20, 21, 39, 11]
R3[19, 34, 5, 26, 38, 27, 10, 1, 32, 4, 37]
R4[12, 24, 23, 30, 22, 17, 25, 9, 16]
R5[79, 58, 52, 54, 44, 78, 74, 61, 80, 69, 43, 62]
R6[55, 63, 65, 60, 76, 49, 67, 70, 41, 56]
R7[45, 73, 47, 57, 59, 77, 64, 72, 68, 42, 66]
R8[53, 51, 46, 48, 71, 75, 50]
R9[90, 113, 119, 89, 114, 86, 103, 84, 95, 102]
R10[109, 85, 88, 120, 104, 98, 106, 99, 81, 101, 115]
R11[83, 97, 96, 108, 82, 92, 116, 105, 110, 117, 111, 100]
R12[93, 112, 87, 107, 118, 94, 91]
R13[145, 151, 159, 128, 121, 146, 131, 152, 141, 138, 147, 155, 136]
R14[156, 124, 160, 123, 154, 126, 122]
R15[125, 142, 129, 153, 132, 137, 134, 149, 130, 143]
R16[139, 150, 157, 127, 140, 135, 158, 133, 148, 144]
R17[189, 181, 166, 169, 168, 199, 200, 164, 179]
R18[167, 174, 178, 196, 185, 176, 165, 171]
R19[172, 161, 197, 195, 177, 198, 184, 191, 190, 173, 192, 182, 187, 194, 193, 183]
R20[163, 170, 175, 162, 186, 180, 188]
R21[201, 205, 220, 234, 222, 213, 203]
R22[202, 238, 216, 211, 231, 233, 223, 218, 235, 240, 207, 217]
R23[219, 221, 229, 225, 214, 215, 237, 226, 209, 206, 224]
R24[208, 232, 239, 227, 204, 212, 236, 228, 230, 210]
R25[263, 265, 255, 249, 275, 250, 243, 272, 261, 268, 252, 280]
R26[274, 258, 247, 253, 248, 266, 251, 273, 278, 259]
R27[254, 276, 244, 270, 246, 264, 256, 241]
R28[262, 277, 279, 267, 260, 242, 245, 257, 269, 271]
R29[314, 318, 316, 300, 304, 283, 315, 295, 301, 282, 297, 289]
R30[292, 281, 306, 307, 285, 290, 303, 287]
R31[317, 298, 320, 291, 296, 309, 299, 319, 308, 311, 294, 313, 286, 305]
R32[284, 310, 312, 302, 288, 293]
R33[354, 353, 322, 338, 332, 350, 335, 341, 346, 356, 327]
R34[334, 351, 333, 331, 325, 330, 336, 343]
R35[321, 358, 344, 337, 340, 339, 359, 323, 355, 357, 329]
R36[324, 360, 342, 326, 345, 347, 349, 328, 348, 352]
------------------------------------------
