Antes de iniciar JVM
Antes de llamar a Controller
Antes de apagar la JVM
FIN
 
------------------------------------------
HEURÍSTICA DE CONSTRUCCIÓN: Sweep
COSTO TOTAL: 19014.94
TOTAL DE RUTAS: 36
TIEMPO DE EJECUCIÓN: 1.4917292594909668
 
R1[37, 17, 8, 14, 19, 35, 4, 16, 30, 24]
R2[6, 5, 27, 1, 33, 28, 10, 26, 13]
R3[32, 36, 23, 7, 2, 21, 11, 22, 40, 34, 31, 38]
R4[3, 29, 15, 9, 18, 20, 39, 25, 12]
R5[74, 79, 68, 43, 51, 45, 44, 53]
R6[54, 58, 64, 73, 55, 48, 62, 77, 56]
R7[46, 59, 69, 66, 80, 65, 57, 47, 75, 60, 71, 67, 61, 63, 78, 72]
R8[49, 76, 50, 70, 52, 41, 42]
R9[92, 114, 110, 90, 116, 93, 99, 113, 94, 91]
R10[84, 89, 103, 83, 115, 119, 102, 97, 81, 108]
R11[100, 112, 82, 85, 107, 98, 106, 109, 104, 118, 95, 120]
R12[86, 88, 105, 117, 101, 111, 96, 87]
R13[122, 155, 147, 133, 139, 158, 150, 159, 140, 154, 156, 121, 153, 157, 146]
R14[129, 141, 138, 128, 124, 151, 137, 149, 130]
R15[135, 131, 123, 144, 145, 160, 143, 152, 134]
R16[125, 127, 136, 148, 126, 132, 142]
R17[186, 166, 175, 187, 178, 199, 161, 169, 192, 194, 176]
R18[172, 177, 181, 179, 197, 193, 195, 162, 168, 182, 170]
R19[191, 198, 184, 189, 196, 190, 188, 183, 200, 171, 163, 164, 180, 185]
R20[167, 173, 165, 174]
R21[205, 232, 204, 226, 214, 231, 207, 209]
R22[202, 211, 210, 201, 229, 206, 238, 240, 227]
R23[203, 235, 208, 213, 217, 228, 216, 221, 225, 223]
R24[212, 234, 230, 237, 220, 233, 222, 218, 224, 219, 239, 215, 236]
R25[245, 272, 264, 255, 268, 256, 254, 265, 262, 269]
R26[243, 250, 280, 279, 249, 252, 266, 273, 241, 263, 271]
R27[248, 258, 275, 244, 247, 278, 246, 270, 260]
R28[277, 242, 253, 251, 259, 267, 257, 276, 274, 261]
R29[311, 288, 314, 302, 318, 282, 320, 284, 297, 309, 307, 305]
R30[287, 304, 295, 310, 303, 283, 315, 296, 293, 319]
R31[289, 294, 300, 312, 306, 290, 298, 286, 316, 299]
R32[285, 317, 301, 291, 292, 281, 308, 313]
R33[345, 331, 360, 325, 334, 349, 343, 323, 352, 347, 340, 356]
R34[328, 338, 355, 359, 322, 336, 329, 354, 321]
R35[324, 350, 337, 330, 341, 333, 357, 346, 348, 342, 344, 339]
R36[335, 332, 327, 353, 326, 358, 351]
------------------------------------------
