 
------------------------------------------
CANTIDAD DE EJECUCIONES: 100
HEURÍSTICA DE CONSTRUCCIÓN: NearestNeighborWithRLC
COSTO TOTAL: 2140.59
TOTAL DE RUTAS: 8
TIEMPO DE EJECUCIÓN: 301 milisegundos
 
R1[2, 5, 3, 15, 13, 12, 4, 14, 11, 10, 6, 7]
R2[1, 9, 8, 16, 118, 18, 17, 20, 28, 35, 36, 19, 23, 21]
R3[22, 25, 24, 27, 30, 31, 26, 33, 32, 29, 34, 38, 39, 42, 49]
R4[51, 47, 50, 37, 46, 44, 48, 41, 45, 40, 43, 53, 55, 58, 64, 63, 61, 66]
R5[65, 56, 54, 52, 62, 60, 59, 57, 79, 80, 67, 70, 69, 74, 78, 72, 77, 76, 71, 73]
R6[75, 120, 119, 88, 111, 112, 117, 81, 116, 115, 110, 109]
R7[114, 97, 82, 95, 106, 105, 104, 107, 102, 103, 101, 113, 84, 85, 96]
R8[100, 98, 108, 94, 93, 92, 99, 90, 87, 89, 86, 83, 91, 68]
------------------------------------------
