 
------------------------------------------
CANTIDAD DE EJECUCIONES: 100
HEURÍSTICA DE CONSTRUCCIÓN: NearestNeighborWithRLC
COSTO TOTAL: 2081.29
TOTAL DE RUTAS: 7
TIEMPO DE EJECUCIÓN: 326 milisegundos
 
R1[120, 119, 118, 117, 2, 3, 5, 4, 15, 11, 14, 13, 10, 9, 6, 8, 1, 7, 12]
R2[16, 17, 114, 18, 116, 115, 112, 113, 111, 108, 107, 109, 110, 106]
R3[103, 104, 101, 100, 105, 99, 98, 102, 97, 95, 93, 92, 91, 94, 89, 96, 87, 90, 85, 86, 83, 88, 82]
R4[81, 84, 78, 79, 76, 80, 75, 77, 74, 73, 71, 72, 68, 69, 70, 67, 65, 66, 62]
R5[61, 60, 59, 63, 64, 58, 56, 54, 55, 52]
R6[51, 57, 53, 50, 48, 47, 46, 45, 44, 43, 41, 40, 42, 49, 39, 37, 38, 32, 35, 19, 22]
R7[31, 20, 23, 28, 36, 33, 34, 27, 30, 25, 26, 29, 21, 24]
------------------------------------------
