 
------------------------------------------
HEURÍSTICA DE CONSTRUCCIÓN: CMT
COSTO TOTAL: 873.55
TOTAL DE RUTAS: 3
TIEMPO DE EJECUCIÓN: 1.8579583168029785
 
R1[7, 14, 59, 66, 11, 65, 38, 65, 11, 58, 10, 31, 72, 39, 75, 26, 67, 46, 34, 12, 67, 8, 19, 67, 17, 68, 40, 4]
R2[18, 32, 44, 3, 16, 42, 43, 41, 23, 49, 24, 18, 18, 50, 50, 50, 9, 51, 1, 33, 64, 22, 6, 73]
R3[69, 61, 28, 62, 5, 36, 37, 20, 13, 57, 71, 60, 70, 60, 15, 74, 2, 47, 48, 30, 27, 45, 29]
------------------------------------------
