 
------------------------------------------
HEURÍSTICA DE CONSTRUCCIÓN: CMT
COSTO TOTAL: 915.95
TOTAL DE RUTAS: 3
TIEMPO DE EJECUCIÓN: 1.6932792663574219
 
R1[1, 33, 43, 63, 43, 42, 64, 42, 41, 41, 42, 73, 28, 2, 61, 68]
R2[5, 47, 37, 15, 20, 70, 60, 71, 36, 21, 69, 36, 27, 45, 74, 52, 30, 48, 29, 15, 57, 19, 8, 34, 4, 46, 59, 14, 35, 67]
R3[3, 24, 18, 50, 55, 72, 31, 38, 10, 53, 11, 65, 66, 7, 12, 26, 49, 25, 55, 25, 9, 32, 16, 6, 40, 75, 44, 51, 17]
------------------------------------------
