 
------------------------------------------
HEURÍSTICA DE CONSTRUCCIÓN: CMT
COSTO TOTAL: 829.59
TOTAL DE RUTAS: 3
TIEMPO DE EJECUCIÓN: 1.9223453998565674
 
R1[68, 2, 62, 73, 62, 22, 62, 74, 33, 62, 62, 62, 62, 73, 63, 43, 23, 56, 47, 69, 48, 28, 64, 41, 1, 62, 45, 51]
R2[18, 50, 25, 24, 9, 44, 40, 32, 17, 58, 10, 31, 72, 12, 32, 32, 32, 32, 32, 26, 38, 65, 66, 11]
R3[13, 57, 60, 60, 60, 71, 71, 71, 37, 15, 5, 54, 19, 53, 14, 35, 7, 29, 8, 46, 27, 34, 52]
------------------------------------------
