 
------------------------------------------
HEURÍSTICA DE CONSTRUCCIÓN: CMT
COSTO TOTAL: 829.73
TOTAL DE RUTAS: 3
TIEMPO DE EJECUCIÓN: 1.8415157794952393
 
R1[7, 65, 65, 65, 65, 65, 38, 10, 38, 58, 67, 46, 17, 55, 25, 40, 38, 38, 14, 59, 11, 12, 19, 8, 26, 40, 54, 34]
R2[1, 43, 63, 16, 33, 44, 50, 3, 63, 23, 41, 41, 62, 63, 63, 73, 22, 43, 56, 23, 73, 51, 6, 2]
R3[45, 47, 21, 71, 60, 70, 70, 70, 70, 60, 70, 70, 5, 13, 27, 29, 52, 48, 74, 30, 68, 75, 4]
------------------------------------------
