 
------------------------------------------
HEURÍSTICA DE CONSTRUCCIÓN: CMT
COSTO TOTAL: 800.91
TOTAL DE RUTAS: 3
TIEMPO DE EJECUCIÓN: 1.7931044101715088
 
R1[40, 67, 72, 58, 39, 50, 18, 44, 32, 9, 32, 75, 51, 38, 12, 72, 39, 39, 39, 39, 9, 39, 39, 4, 68, 6]
R2[1, 41, 43, 41, 41, 41, 41, 42, 28, 61, 22, 73, 16, 49, 33, 62, 2, 74, 21, 69, 30, 47, 48]
R3[20, 20, 37, 57, 70, 5, 71, 60, 71, 71, 71, 71, 15, 14, 53, 29, 45, 7, 35, 19, 13, 27, 8, 52, 46, 34]
------------------------------------------
