 
------------------------------------------
CANTIDAD DE EJECUCIONES: 100
HEURÍSTICA DE CONSTRUCCIÓN: HeuristicType.RandomMethod
COSTO TOTAL: 2062.22
TOTAL DE RUTAS: 5
TIEMPO DE EJECUCIÓN: 0.06262469291687012 milisegundos
 
R1[52, 24, 16, 50, 56, 44, 4, 49, 43, 21, 40]
R2[14, 3, 36, 60, 17, 37, 48, 2, 57, 10, 69, 6, 26]
R3[5, 62, 30, 42, 25, 11, 66, 53, 8, 70, 45, 72, 12]
R4[31, 7, 33, 61, 74, 73, 20, 13, 1, 38, 19, 55, 64, 58]
R5[54, 32, 67, 47, 75, 18, 35, 9, 34, 71, 15, 51, 59, 27]
------------------------------------------
