 
------------------------------------------
CANTIDAD DE EJECUCIONES: 100
HEURÍSTICA DE CONSTRUCCIÓN: HeuristicType.RandomMethod
COSTO TOTAL: 2102.03
TOTAL DE RUTAS: 5
TIEMPO DE EJECUCIÓN: 0.04305458068847656 milisegundos
 
R1[30, 21, 35, 9, 64, 63, 54, 70, 53, 46, 43]
R2[66, 18, 31, 36, 67, 65, 2, 1, 25, 37, 4]
R3[32, 28, 75, 27, 13, 14, 7, 73, 52, 68, 33, 57, 41, 71]
R4[50, 26, 6, 11, 45, 61, 39, 38, 19, 58, 74, 15]
R5[24, 17, 29, 56, 48, 12, 51, 59, 23, 44, 62, 5, 34]
------------------------------------------
