 
------------------------------------------
CANTIDAD DE EJECUCIONES: 100
HEURÍSTICA DE CONSTRUCCIÓN: HeuristicType.RandomMethod
COSTO TOTAL: 1988.46
TOTAL DE RUTAS: 5
TIEMPO DE EJECUCIÓN: 0.04752612113952637 milisegundos
 
R1[23, 56, 16, 17, 62, 31, 53, 36, 54, 46, 44, 29, 8]
R2[20, 67, 68, 43, 27, 49, 22, 42, 48, 74, 4, 38, 73, 71, 69, 1]
R3[64, 65, 11, 3, 26, 15, 35, 19, 12, 33, 13, 41, 61, 37, 60]
R4[51, 63, 2, 45, 59, 5, 28, 34, 39, 9, 40]
R5[7, 55, 58, 30, 14, 52, 70, 47, 66, 24, 10]
------------------------------------------
