 
------------------------------------------
CANTIDAD DE EJECUCIONES: 100
HEURÍSTICA DE CONSTRUCCIÓN: NearestNeighborWithRLC
COSTO TOTAL: 4416.71
TOTAL DE RUTAS: 20
TIEMPO DE EJECUCIÓN: 1191 milisegundos
 
R1[196, 195, 197, 198, 186, 187, 185, 184]
R2[190, 194, 1, 176, 188, 189, 2, 193]
R3[191, 173, 84, 192, 172, 178, 183, 182, 175]
R4[3, 4, 180, 177, 171, 179, 170, 165]
R5[167, 166, 199, 5, 151, 117, 137, 152, 7, 174, 8, 181, 162, 160]
R6[161, 164, 163, 158, 9, 159]
R7[62, 168, 143, 124, 125, 153, 156, 157, 169]
R8[155, 10, 154, 6, 147, 150, 116, 146, 138]
R9[28, 132, 148, 128, 149, 145, 144, 142, 140, 133, 130, 134, 121, 136, 135, 131, 126, 129]
R10[120, 122, 127, 123, 107, 11, 141]
R11[118, 114, 113, 100, 119, 44, 104, 99]
R12[112, 115, 139, 110, 111, 109, 105, 106, 108]
R13[103, 12, 101, 102, 98, 97, 14, 91]
R14[85, 93, 95, 96, 94, 89, 92]
R15[87, 73, 13, 72, 88, 82, 90, 86, 61, 16, 37, 60, 18, 59, 83]
R16[76, 80, 15, 81, 79, 78, 71, 70, 31, 19, 69]
R17[68, 74, 75, 56, 39, 67, 55, 77]
R18[58, 17, 57, 43, 41, 22, 21, 53, 50, 54, 40, 42]
R19[48, 64, 63, 65, 20, 52, 24, 29, 25, 26, 27, 51, 33, 35, 34, 32, 66]
R20[49, 46, 36, 30, 23, 45, 38, 47]
------------------------------------------
