 
------------------------------------------
CANTIDAD DE EJECUCIONES: 100
HEURÍSTICA DE CONSTRUCCIÓN: NearestNeighborWithRLC
COSTO TOTAL: 4534.1
TOTAL DE RUTAS: 20
TIEMPO DE EJECUCIÓN: 1097 milisegundos
 
R1[198, 196, 184, 197, 187, 186, 195, 179]
R2[185, 169, 177, 163, 1, 194, 2, 193, 191, 192, 173]
R3[190, 189, 188, 4, 180, 3, 176, 199]
R4[5, 166, 147, 6, 178, 183]
R5[182, 175, 181, 162, 160, 168, 143, 8, 174, 167, 159, 157]
R6[164, 165, 9, 158, 7, 153, 10, 148, 156, 152, 172, 155, 12, 171]
R7[149, 13, 154, 151, 14, 141]
R8[16, 146, 150, 170, 161, 144, 137, 145]
R9[133, 142, 119, 117, 138, 139, 134, 136, 132, 11, 128]
R10[131, 129, 130, 127, 106, 82, 125, 114, 83, 60]
R11[118, 140, 100, 113, 17, 123, 19, 135]
R12[120, 103, 126, 124, 112, 105, 116, 111]
R13[18, 115, 122, 101, 109, 80, 121, 81, 102, 108, 110, 104, 99, 107, 90, 97, 96, 95, 98]
R14[93, 15, 92, 91, 89, 88, 70, 94, 87]
R15[85, 86, 84, 77, 20, 79, 21]
R16[22, 75, 74, 72, 76, 69, 73, 58]
R17[68, 78, 71, 24, 25, 23, 26, 40, 53, 27]
R18[28, 52, 62, 31, 50, 51, 35, 30, 32, 64, 66, 65, 29, 34, 33, 63]
R19[61, 59, 57, 43, 37, 54, 55, 39, 67, 56, 41, 42, 44, 45, 48, 46]
R20[47, 49, 36, 38]
------------------------------------------
