 
------------------------------------------
CANTIDAD DE EJECUCIONES: 100
HEURÍSTICA DE CONSTRUCCIÓN: SaveSequential
COSTO TOTAL: 1984.99
TOTAL DE RUTAS: 1
TIEMPO DE EJECUCIÓN: 1229 milisegundos
 
R1[52, 7, 143, 49, 64, 181, 63, 126, 90, 32, 131, 66, 65, 136, 35, 135, 71, 161, 103, 188, 20, 128, 160, 30, 122, 51, 9, 120, 164, 34, 78, 169, 29, 121, 24, 163, 134, 55, 25, 170, 67, 39, 187, 139, 23, 186, 56, 75, 133, 22, 41, 145, 15, 43, 38, 140, 86, 141, 44, 119, 14, 192, 191, 16, 113, 17, 45, 125, 46, 36, 47, 168, 124, 48, 19, 107, 175, 11, 123, 62, 159, 108, 10, 189, 148, 182, 88, 194, 106, 82, 174, 8, 114, 199, 83, 84, 173, 61, 91, 193, 100, 142, 42, 172, 57, 144, 87, 37, 98, 85, 93, 59, 92, 151, 97, 95, 117, 99, 104, 5, 118, 60, 166, 18, 153, 190, 31, 70, 101, 162, 1, 81, 33, 185, 129, 79, 3, 158, 77, 68, 80, 150, 177, 54, 130, 165, 4, 155, 197, 74, 171, 72, 73, 21, 198, 110, 179, 195, 109, 12, 116, 196, 76, 184, 157, 102, 50, 176, 132, 69, 127, 167, 27, 111, 138, 154, 149, 26, 180, 40, 115, 178, 2, 137, 13, 94, 96, 6, 183, 147, 89, 112, 58, 152, 105, 53, 28, 146, 156]
------------------------------------------
