 
------------------------------------------
CANTIDAD DE EJECUCIONES: 100
HEURÍSTICA DE CONSTRUCCIÓN: CMT
COSTO TOTAL: 2375.4
TOTAL DE RUTAS: 26
TIEMPO DE EJECUCIÓN: 1754 milisegundos
 
R1[121, 29, 24]
R2[47, 168, 124, 36, 143, 49, 48, 123]
R3[92, 151, 98, 117, 42, 172, 144, 87, 97, 37, 95, 137]
R4[73, 74, 23, 75, 41, 133, 22, 171, 145]
R5[89, 166, 6, 183, 112, 18, 147, 156]
R6[88, 7, 182, 148, 194, 106, 31, 153]
R7[136, 65, 35, 135, 71, 161, 66, 103]
R8[50, 102, 1, 176, 122, 51, 157, 76, 196]
R9[180, 40, 21, 186, 56, 197, 72, 110, 2, 115, 198]
R10[167, 146, 52, 127, 190, 27, 132, 69, 162, 101]
R11[108, 131, 128, 160, 32, 181, 90, 188]
R12[191, 44, 119, 140, 38, 43, 141, 142, 14, 192, 91]
R13[79, 129, 185, 81, 164, 9, 120, 78]
R14[150, 80, 134, 163, 169, 34, 3, 177, 68]
R15[11, 175, 107, 19, 64, 63, 126]
R16[8, 46, 174, 45, 125]
R17[114, 82, 199, 83]
R18[154, 138, 12, 109, 54, 195, 130, 165, 55, 25]
R19[10, 189, 159, 62, 20, 30, 70, 33, 158]
R20[61, 173, 17, 84, 113, 86, 16, 193]
R21[104, 67, 170, 39, 187, 139, 4, 77]
R22[155, 179]
R23[26, 149, 111, 116, 184, 28, 105, 53]
R24[96, 60, 118, 5, 99, 93, 59]
R25[178, 85, 100, 15, 57, 94, 58]
R26[152, 13]
------------------------------------------
