 
------------------------------------------
CANTIDAD DE EJECUCIONES: 100
HEURÍSTICA DE CONSTRUCCIÓN: RandomMethod
COSTO TOTAL: 6711.14
TOTAL DE RUTAS: 22
TIEMPO DE EJECUCIÓN: 66 milisegundos
 
R1[157, 145, 73, 173, 174, 37, 6, 190, 49]
R2[5, 77, 172, 137, 94, 168, 164]
R3[161, 34, 82, 91, 156, 138, 16, 3, 128]
R4[163, 104, 20, 50, 29, 154, 103, 148, 41, 115, 184]
R5[101, 152, 178, 39, 130, 119, 175]
R6[144, 7, 141, 118, 95, 72, 113, 83, 112, 10, 149, 44]
R7[110, 116, 61, 63, 198, 197, 25, 143, 199, 31]
R8[114, 87, 183, 122, 40, 8, 162, 102]
R9[107, 67, 32, 90, 133, 13, 106]
R10[85, 75, 12, 189, 127, 58, 150, 126]
R11[47, 28, 78, 181, 43, 166, 42, 195, 123, 57]
R12[188, 24, 180, 132, 135, 53, 117, 56, 54, 92, 69]
R13[125, 86, 36, 169, 51, 76, 171]
R14[177, 9, 179, 26, 79, 80, 64, 142, 14, 99, 60]
R15[98, 66, 48, 124, 46, 192, 96, 191, 158]
R16[4, 193, 62, 108, 74, 170, 22, 187]
R17[120, 167, 68, 97, 194, 30, 131]
R18[147, 160, 165, 159, 21, 17, 185, 59, 52]
R19[151, 196, 88, 121, 23, 140, 100, 155]
R20[65, 109, 1, 89, 139, 70, 55, 33, 18, 153, 35, 19, 176, 11, 111, 105, 81, 27]
R21[38, 146, 136, 15, 84, 93, 182, 45, 2, 71, 129]
R22[134, 186]
------------------------------------------
