 
------------------------------------------
CANTIDAD DE EJECUCIONES: 100
HEURÍSTICA DE CONSTRUCCIÓN: RandomMethod
COSTO TOTAL: 6766.35
TOTAL DE RUTAS: 21
TIEMPO DE EJECUCIÓN: 67 milisegundos
 
R1[149, 93, 127, 82, 171, 189, 71, 74]
R2[59, 156, 153, 56, 187, 160, 181, 111]
R3[99, 104, 168, 186, 179, 97, 151, 139, 135]
R4[118, 86, 80, 177, 197, 90, 36, 63]
R5[19, 129, 3, 2, 134, 77, 5, 105, 176]
R6[112, 87, 131, 89, 91, 85, 165, 137]
R7[106, 30, 191, 95, 150, 182, 44, 180]
R8[125, 8, 18, 42, 161, 175, 73, 1, 58]
R9[141, 60, 193, 143, 84, 72, 172, 120, 27]
R10[114, 183, 21, 13, 110, 122, 148, 32, 192]
R11[145, 65, 61, 29, 130, 94, 103, 28, 9, 128, 116, 140, 155, 170, 184]
R12[79, 25, 76, 142, 108, 136, 66, 163, 31]
R13[11, 17, 100, 119, 75, 164, 23, 157, 46, 199, 69]
R14[144, 55, 152, 194, 67, 173, 20, 53, 169, 190, 62, 54, 45, 15, 88, 52]
R15[115, 39, 48, 195, 178, 83, 96]
R16[154, 146, 159, 33, 24, 113, 26, 92, 14]
R17[167, 123, 107, 138, 34, 49, 78, 185, 196, 64, 147, 133, 57, 4, 43, 7]
R18[16, 6, 102, 12, 98, 174, 81]
R19[198, 124, 101, 22, 41, 166, 35, 109, 10, 158, 50]
R20[68, 47, 132, 37, 126, 51, 38, 121, 117]
R21[188, 162, 70, 40]
------------------------------------------
