 
------------------------------------------
CANTIDAD DE EJECUCIONES: 100
HEURÍSTICA DE CONSTRUCCIÓN: NearestNeighborWithRLC
COSTO TOTAL: 4647.07
TOTAL DE RUTAS: 22
TIEMPO DE EJECUCIÓN: 1140 milisegundos
 
R1[198, 197, 2, 1, 199, 196, 195, 184, 185, 129]
R2[169, 121, 194, 190, 193, 173, 192, 191, 151, 183, 189, 182, 176]
R3[188, 4, 186, 180, 187, 178, 171]
R4[172, 179, 170, 177, 165, 164, 175, 5, 6]
R5[174, 168, 181, 167, 3, 166, 153, 162]
R6[159, 8, 125, 124, 123, 160]
R7[161, 103, 9, 158, 163, 157, 156, 10]
R8[148, 88, 127, 146, 152, 155, 149, 154, 7]
R9[147, 150, 145, 144, 142, 137, 13, 138, 28]
R10[141, 143, 107, 136, 134, 139, 140, 132, 122, 131]
R11[135, 128, 126, 108, 90, 63, 32, 120, 130]
R12[118, 117, 119, 115, 110, 109, 133, 105, 114]
R13[112, 116, 11, 111, 76, 102, 101, 113]
R14[104, 106, 14, 98, 97, 99, 96, 94, 93]
R15[95, 92, 100, 87, 91, 86, 85]
R16[89, 84, 83, 61, 82, 69, 81, 15, 16, 44]
R17[59, 60, 45, 46, 48, 70, 79, 78, 80]
R18[68, 77, 75, 73, 72, 74, 12, 71]
R19[67, 66, 64, 62, 53, 52, 18, 31, 50, 58, 19, 47, 17, 49]
R20[21, 56, 57, 22, 55, 25, 54, 40, 51, 33, 35, 65]
R21[39, 41, 23, 24, 34, 30, 29, 27, 26]
R22[20, 36, 37, 38, 42, 43]
------------------------------------------
