 
------------------------------------------
CANTIDAD DE EJECUCIONES: 100
HEURÍSTICA DE CONSTRUCCIÓN: NearestNeighborWithRLC
COSTO TOTAL: 4469.72
TOTAL DE RUTAS: 22
TIEMPO DE EJECUCIÓN: 1096 milisegundos
 
R1[183, 193, 199, 198, 195, 197, 187, 186]
R2[180, 179, 196, 185, 184, 150, 177, 1, 194]
R3[2, 191, 192, 182, 3, 190, 189, 181]
R4[188, 176, 169, 165, 178, 171, 145]
R5[155, 170, 139, 39, 56, 163, 172, 151]
R6[147, 174, 175, 173, 166, 118, 60, 168]
R7[162, 167, 156, 159, 160, 164]
R8[4, 157, 158, 154, 6, 153, 148, 132, 5]
R9[146, 7, 127, 152, 149, 9, 138, 8, 125, 143]
R10[161, 135, 10, 131, 136, 129, 121, 134, 144]
R11[141, 119, 142, 137, 133, 115, 117, 140, 124, 128, 130]
R12[116, 80, 126, 123, 122, 111, 120, 103, 108, 90]
R13[63, 114, 113, 104, 100, 99, 112, 110, 109]
R14[12, 106, 11, 14, 98, 96, 105, 58]
R15[102, 107, 101, 97, 13, 16, 95, 15]
R16[94, 92, 17, 19, 89, 91, 18, 88, 21, 87, 93]
R17[85, 22, 23, 75, 73, 77]
R18[81, 24, 78, 76, 20, 84, 82, 86, 83, 61, 57]
R19[74, 25, 72, 68, 54, 79, 26, 40]
R20[28, 69, 52, 62, 48, 71, 65, 66, 51, 33, 70, 50, 31, 30, 27]
R21[59, 29, 34, 55, 67, 53, 47, 64, 36]
R22[32, 35, 49, 46, 45, 37, 38, 43, 44, 41, 42]
------------------------------------------
