 
------------------------------------------
CANTIDAD DE EJECUCIONES: 100
HEURÍSTICA DE CONSTRUCCIÓN: NearestNeighborWithRLC
COSTO TOTAL: 4632.57
TOTAL DE RUTAS: 21
TIEMPO DE EJECUCIÓN: 1201 milisegundos
 
R1[183, 1, 199, 198, 179, 195, 184, 3]
R2[196, 185, 190, 194, 193, 192, 173, 197]
R3[187, 186, 139, 180, 178, 191, 172, 144]
R4[87, 137, 171, 177, 189, 188, 4, 176, 2, 152, 167, 166, 156]
R5[162, 175, 5, 174, 8, 6, 182, 181]
R6[161, 103, 164, 135, 136, 169, 165, 9]
R7[10, 159, 168, 143, 124, 123, 160, 148, 153]
R8[157, 163, 170, 155, 7, 147, 154, 158]
R9[151, 149, 138, 146, 132, 127, 131, 129, 150, 145, 142, 140]
R10[141, 133, 115, 134, 130, 121, 116, 122, 128]
R11[11, 125, 126, 120, 111, 76, 112]
R12[118, 119, 117, 114, 107, 12, 13]
R13[105, 109, 110, 104, 113, 17, 100, 98, 14, 97, 15]
R14[16, 99, 96, 95, 106, 108, 90, 70, 101, 102]
R15[81, 89, 18, 94, 19, 88, 83, 93, 91, 92]
R16[21, 75, 74, 22, 73, 80, 20, 82, 85]
R17[23, 67, 24, 77, 26, 79, 71, 69, 84, 62, 64, 27, 28, 78, 34, 66]
R18[68, 72, 58, 61, 60, 63, 32, 30]
R19[51, 35, 50, 55, 25, 56, 59, 57, 54, 29, 65, 33, 53, 86, 48, 47]
R20[31, 36, 52, 38, 45, 49, 37, 44, 43, 41]
R21[39, 42, 46, 40]
------------------------------------------
