 
------------------------------------------
CANTIDAD DE EJECUCIONES: 100
HEURÍSTICA DE CONSTRUCCIÓN: CMT
COSTO TOTAL: 2342.35
TOTAL DE RUTAS: 27
TIEMPO DE EJECUCIÓN: 1748 milisegundos
 
R1[179, 165, 55, 25, 170, 149, 109, 195, 130, 54]
R2[157, 102, 50, 176, 1, 69, 132]
R3[116, 196, 12, 177, 76, 111, 80, 150, 184]
R4[148, 62, 88, 182, 190, 31, 127]
R5[106]
R6[198, 39, 67, 187, 139, 4, 155, 110]
R7[158, 3, 24, 134, 163, 121, 129, 29, 68, 77]
R8[124, 168, 47, 46, 174, 8, 48]
R9[123, 19, 107, 175, 11]
R10[128, 20, 188, 65, 66, 131, 160, 103]
R11[106, 194, 114, 82, 7, 153, 52, 18]
R12[173, 84, 17, 61, 113, 86, 16, 141, 191, 91]
R13[137, 87, 144, 43, 142, 42, 172, 117, 97, 14, 13, 92]
R14[33, 81, 78, 79, 185, 169, 34, 164, 135]
R15[143, 36, 49, 64]
R16[40, 21, 72, 56, 186, 23, 75, 197, 73, 74]
R17[189, 108, 10, 159, 126, 63, 90, 181, 162]
R18[30, 32, 122, 51, 161, 71, 136, 35, 9, 70]
R19[89, 120, 133, 22, 41, 15, 38, 140, 44, 119, 60]
R20[28, 27, 101, 167, 146, 53, 156, 105]
R21[125, 45]
R22[138, 154, 26, 180]
R23[115, 178, 2, 171, 145, 57, 152, 58]
R24[199, 83, 118, 5]
R25[183, 85, 100, 192, 193, 37, 98, 151]
R26[104, 99, 93, 59, 96, 95]
R27[147, 166, 94, 6, 112]
------------------------------------------
