 
------------------------------------------
CANTIDAD DE EJECUCIONES: 100
HEURÍSTICA DE CONSTRUCCIÓN: CMT
COSTO TOTAL: 2388.58
TOTAL DE RUTAS: 26
TIEMPO DE EJECUCIÓN: 1804 milisegundos
 
R1[123, 182, 7, 143, 36, 47, 168, 19, 107, 88]
R2[103, 9, 136, 35, 135, 161, 71, 120]
R3[75, 186, 56, 23, 197, 74, 41, 22, 133, 145]
R4[21, 73, 171, 72, 198, 180]
R5[139, 39, 67, 187, 155, 4]
R6[183, 6, 94, 59, 96, 104, 99, 147]
R7[68]
R8[199, 8, 114, 83, 46, 124, 48, 82, 174, 18]
R9[25, 170, 55, 165]
R10[160, 20, 66, 65, 188, 128, 30, 122]
R11[68, 80, 150, 163, 121, 29, 78, 169, 24, 134, 177]
R12[63, 11, 64, 126, 181, 131, 32, 90, 175, 49, 70]
R13[84, 118, 60, 5, 173, 85, 61, 91]
R14[17, 45, 125, 113, 16, 86]
R15[87, 144, 57, 151, 97, 92, 98, 37, 42, 100, 172, 15, 117]
R16[196, 76, 3, 185, 33, 81, 77, 158, 116]
R17[179, 110, 130, 54, 109, 195, 149, 12, 34, 129]
R18[146, 127, 159, 62, 190, 148, 31]
R19[38, 140, 14, 119, 44, 141, 191, 192, 43, 142]
R20[58, 108, 10, 51, 164, 79, 189, 101, 69]
R21[152, 40, 178, 115, 2, 137, 26, 105, 53]
R22[162]
R23[112, 156, 13, 95]
R24[89, 193, 93, 166, 153, 106, 52, 194]
R25[132, 157, 102, 184, 138, 154, 50, 1]
R26[111, 167, 176, 27, 28]
------------------------------------------
