 
------------------------------------------
CANTIDAD DE EJECUCIONES: 100
HEURÍSTICA DE CONSTRUCCIÓN: RandomMethod
COSTO TOTAL: 6611.95
TOTAL DE RUTAS: 21
TIEMPO DE EJECUCIÓN: 67 milisegundos
 
R1[96, 24, 4, 40, 199, 102, 189, 68, 109]
R2[62, 192, 156, 137, 25, 61, 6, 140, 111, 150, 91, 37]
R3[94, 79, 151, 49, 107]
R4[118, 43, 2, 20, 57, 77, 67, 31]
R5[27, 126, 182, 174, 183, 176, 148, 146, 17, 60]
R6[171, 195, 110, 139, 5, 22, 47]
R7[50, 167, 99, 76, 186, 163, 160, 194, 166]
R8[33, 74, 179, 119, 83, 101, 108, 134, 30, 103]
R9[28, 155, 128, 70, 53, 158, 197, 42, 71, 129, 178, 39, 116, 141, 45]
R10[41, 191, 106, 180, 149, 152, 170, 58, 115, 121, 80, 175, 198, 177, 90]
R11[161, 66, 55, 153, 36, 172, 112, 100]
R12[147, 93, 21, 82, 69, 65, 84, 95]
R13[159, 54, 56, 29, 162, 117, 26, 97, 75, 14]
R14[8, 44, 105, 46, 130, 104, 131, 190, 168]
R15[125, 113, 120, 169, 185, 73, 15, 133, 173]
R16[114, 164, 122, 51, 196, 1, 18, 145, 7, 143]
R17[123, 98, 38, 88, 13, 184, 81]
R18[86, 72, 52, 144, 87, 154, 11, 142, 78, 187, 193, 85]
R19[157, 34, 89, 165, 32, 92, 10, 132, 138]
R20[48, 19, 59, 127, 12, 136, 9, 64, 181, 16, 63, 135, 188]
R21[124, 35, 3, 23]
------------------------------------------
