 
------------------------------------------
CANTIDAD DE EJECUCIONES: 100
HEURÍSTICA DE CONSTRUCCIÓN: SaveSequential
COSTO TOTAL: 1892.04
TOTAL DE RUTAS: 4
TIEMPO DE EJECUCIÓN: 1133 milisegundos
 
R1[69, 160, 128, 66, 65, 136, 35, 135, 71, 20, 90, 46]
R2[15, 145, 41, 23, 67, 170, 25, 55, 150, 80, 24, 163, 134, 29, 121, 169, 34, 164, 78, 129]
R3[109, 177, 54, 130, 165, 187, 39, 139, 186, 56]
R4[52, 167, 28, 111, 51, 70, 182, 82, 48, 124, 36, 143, 49, 64, 181, 30, 122, 188, 103, 161, 9, 120, 81, 33, 185, 79, 3, 158, 77, 68, 116, 196, 76, 184, 157, 102, 50, 131, 32, 63, 126, 11, 175, 107, 19, 168, 47, 123, 62, 159, 108, 10, 189, 148, 88, 7, 194, 106, 153, 8, 174, 45, 125, 17, 113, 86, 140, 38, 44, 119, 14, 192, 141, 191, 16, 61, 173, 84, 5, 85, 91, 193, 100, 142, 43, 42, 172, 57, 144, 87, 37, 98, 93, 59, 92, 151, 97, 95, 117, 99, 104, 96, 118, 60, 83, 199, 114, 18, 166, 147, 6, 183, 94, 13, 137, 178, 115, 2, 22, 133, 75, 74, 171, 197, 72, 73, 21, 198, 110, 4, 155, 179, 195, 149, 12, 138, 154, 26, 180, 40, 58, 152, 105, 53, 112, 89, 127, 190, 31, 162, 101, 1, 176, 132, 27, 146, 156]
------------------------------------------
