 
------------------------------------------
CANTIDAD DE EJECUCIONES: 100
HEURÍSTICA DE CONSTRUCCIÓN: SaveSequential
COSTO TOTAL: 1919.81
TOTAL DE RUTAS: 2
TIEMPO DE EJECUCIÓN: 1116 milisegundos
 
R1[118, 17, 113, 86, 140, 38, 44, 91, 43]
R2[28, 111, 51, 122, 30, 70, 52, 166, 18, 82, 46, 124, 48, 106, 168, 36, 143, 49, 64, 181, 63, 126, 90, 131, 20, 129, 34, 164, 35, 136, 65, 71, 161, 135, 120, 9, 103, 66, 188, 128, 160, 32, 108, 10, 189, 11, 175, 107, 19, 47, 123, 62, 159, 148, 182, 7, 194, 174, 45, 125, 8, 114, 199, 83, 84, 173, 61, 16, 141, 191, 119, 14, 192, 142, 42, 172, 15, 41, 23, 67, 170, 39, 187, 139, 25, 55, 165, 130, 54, 134, 24, 163, 29, 121, 169, 78, 81, 33, 185, 79, 3, 158, 77, 68, 80, 150, 177, 109, 179, 4, 155, 186, 56, 75, 133, 22, 74, 171, 145, 57, 144, 87, 100, 193, 85, 98, 37, 93, 59, 92, 151, 97, 95, 117, 99, 104, 5, 60, 96, 94, 183, 6, 147, 89, 153, 88, 31, 190, 127, 162, 101, 1, 157, 102, 50, 196, 116, 184, 76, 12, 195, 110, 197, 72, 73, 21, 198, 149, 26, 180, 40, 115, 178, 2, 137, 13, 58, 152, 105, 138, 154, 176, 132, 69, 167, 27, 146, 112, 156, 53]
------------------------------------------
