 
------------------------------------------
CANTIDAD DE EJECUCIONES: 100
HEURÍSTICA DE CONSTRUCCIÓN: RandomMethod
COSTO TOTAL: 6743.0
TOTAL DE RUTAS: 20
TIEMPO DE EJECUCIÓN: 68 milisegundos
 
R1[131, 189, 70, 123, 48, 83, 45, 29, 69, 30]
R2[33, 161, 58, 180, 114, 18, 61]
R3[62, 106, 25, 42, 142, 16, 34, 146, 11, 37, 190]
R4[184, 174, 199, 38, 197, 104, 166, 28, 110]
R5[120, 134, 182, 9, 49, 135]
R6[138, 91, 149, 177, 1, 19, 121, 21, 107, 93, 63]
R7[74, 127, 64, 31, 102, 89, 162, 88, 175]
R8[170, 192, 167, 14, 86, 160, 112, 140, 35, 168, 81, 164]
R9[111, 22, 122, 124, 188, 137, 194, 43, 165, 128, 132, 159, 125, 85, 17]
R10[41, 115, 13, 99, 15, 60, 196, 90, 171, 65, 185, 26, 163, 67, 150, 133]
R11[23, 139, 75, 59, 147, 154, 113, 52, 73, 109, 87, 145, 27, 55]
R12[40, 66, 141, 187, 100, 143, 193, 178]
R13[97, 68, 3, 186, 92, 94, 54, 72]
R14[116, 82, 80, 24, 151, 10, 96, 117, 173, 44, 156]
R15[108, 50, 95, 36, 118, 130, 136]
R16[183, 101, 144, 198, 157, 179, 172, 8, 5]
R17[2, 98, 103, 181, 56, 169, 76, 12, 129, 46, 148, 57]
R18[155, 153, 176, 6, 119, 51, 195, 53, 78, 39, 126]
R19[84, 4, 105, 47, 32, 158, 20, 152]
R20[77, 7, 79, 191, 71]
------------------------------------------
