 
------------------------------------------
CANTIDAD DE EJECUCIONES: 100
HEURÍSTICA DE CONSTRUCCIÓN: RandomMethod
COSTO TOTAL: 6598.97
TOTAL DE RUTAS: 22
TIEMPO DE EJECUCIÓN: 65 milisegundos
 
R1[184, 58, 54, 31, 196, 151, 130]
R2[63, 6, 73, 144, 111, 23, 198, 78, 102]
R3[10, 88, 66, 190, 21, 38, 52, 147]
R4[166, 141, 172, 18, 83, 179, 105, 57, 71, 69, 181, 51, 68, 187, 135]
R5[94, 99, 85, 118, 64, 76]
R6[95, 13, 8, 97, 100, 16, 195, 103]
R7[49, 43, 163, 149, 139, 2, 84, 45, 183, 125, 65, 26, 33, 191, 91, 137]
R8[32, 161, 120, 62, 12, 98]
R9[138, 150, 101, 17, 74, 178, 14, 24, 108, 117, 170]
R10[152, 53, 197, 1, 67, 136, 185, 7, 113]
R11[112, 162, 116, 90, 153, 173, 175, 189, 60, 104, 165, 199, 115]
R12[133, 47, 129, 155, 109, 35, 56, 3, 182]
R13[193, 42, 72, 177, 176, 132, 70, 25, 127, 9, 37]
R14[19, 121, 119, 145, 174, 92, 81, 164, 122]
R15[27, 169, 107, 46, 15, 82, 180, 188, 20, 80, 142]
R16[128, 157, 123, 168, 55, 126, 89, 34, 30, 186, 124]
R17[156, 44, 40, 134, 5, 48]
R18[4, 87, 167, 77, 96, 86, 11]
R19[159, 29, 79, 171, 75, 106, 148, 110]
R20[39, 36, 192, 50, 93, 41, 28, 59, 22]
R21[131, 140, 61, 158, 160, 146, 114, 143, 154]
R22[194]
------------------------------------------
