 
------------------------------------------
CANTIDAD DE EJECUCIONES: 100
HEURÍSTICA DE CONSTRUCCIÓN: NearestNeighborWithRLC
COSTO TOTAL: 4581.32
TOTAL DE RUTAS: 22
TIEMPO DE EJECUCIÓN: 1105 milisegundos
 
R1[183, 193, 192, 1, 199, 3, 196, 198, 197]
R2[2, 195, 194, 189, 190, 191, 173, 184, 185]
R3[4, 187, 180, 179, 186, 178, 171]
R4[5, 174, 8, 153, 106, 7, 168, 188]
R5[164, 177, 170, 9, 182, 159, 62, 181, 160, 162, 167]
R6[10, 176, 169, 165, 172, 166, 156, 154]
R7[138, 6, 147, 152, 163, 150, 161, 158]
R8[157, 132, 149, 109, 146, 127, 148, 123, 11, 143, 151]
R9[117, 145, 155, 144, 142, 141, 119, 44, 14, 137]
R10[133, 130, 139, 12, 134, 136, 15, 13, 115]
R11[118, 84, 17, 140, 18, 125, 16, 124, 20, 175]
R12[135, 131, 129, 126, 128, 122, 121, 116, 120, 112]
R13[111, 110, 114, 21, 75, 74, 113, 108, 22, 73, 105, 104, 107, 19, 24, 25, 80]
R14[79, 103, 102, 101, 90, 88, 100, 97, 98, 96]
R15[95, 93, 94, 92, 99, 87, 89]
R16[85, 91, 83, 82, 76, 81, 78, 77, 69, 27]
R17[58, 53, 72, 56, 67, 68, 54, 55]
R18[39, 23, 26, 70, 71, 65, 66]
R19[63, 64, 60, 61, 59, 28, 52, 50, 51, 33, 29]
R20[31, 30, 34, 32, 36, 86, 57, 37, 42]
R21[38, 49, 48, 46, 47, 35, 41, 40, 43]
R22[45]
------------------------------------------
