 
------------------------------------------
CANTIDAD DE EJECUCIONES: 100
HEURÍSTICA DE CONSTRUCCIÓN: HeuristicType.RandomMethod
COSTO TOTAL: 46162.98
TOTAL DE RUTAS: 3
TIEMPO DE EJECUCIÓN: 0.12120532989501953 milisegundos
 
R1[123, 84, 160, 257, 166, 147, 163, 104, 139, 76, 346, 232, 118, 307, 5, 96, 255, 214, 80, 169, 347, 289, 205, 248, 112, 150, 280, 186, 301, 81, 114, 216, 121, 26, 263, 108, 16, 201, 265, 275, 100, 332, 45, 269, 212, 202, 283, 109, 103, 18, 179, 28, 331, 311, 30, 219, 305, 53, 193, 199, 173, 338, 37, 119, 215, 181, 213, 52, 226, 177, 253, 197, 247, 20, 315, 360, 306, 171, 180, 184, 356, 57, 64, 314, 210, 222, 15, 228, 98, 129, 10, 125, 34, 217, 97, 348]
R2[85, 33, 326, 224, 170, 233, 88, 345, 354, 86, 192, 183, 290, 156, 353, 54, 281, 68, 21, 221, 158, 106, 252, 132, 336, 262, 128, 309, 324, 92, 182, 117, 350, 91, 319, 63, 116, 42, 50, 164, 41, 11, 159, 142, 329, 49, 59, 322, 40, 207, 155, 167, 244, 3, 8, 243, 134, 60, 235, 344, 239, 333, 297, 146, 126, 136, 304, 46, 120, 99, 296, 22, 138, 62, 72, 288, 55, 308, 56, 133, 187, 272]
R3[330, 79, 113, 198, 277, 273, 137, 325, 343, 61, 223, 236, 2, 318, 124, 286, 25, 295, 278, 238, 313, 279, 218, 82, 9, 115, 234, 260, 191, 206, 317, 328, 270, 122, 251, 48, 77, 65, 154, 4, 229, 144, 110, 203, 23, 152, 90, 231, 261, 95, 337, 237, 200, 135, 145, 271, 47, 249, 227, 70, 342, 258, 287, 316, 140, 69, 35, 174, 143, 13, 264, 188, 12, 127, 31, 1, 349, 357, 327, 256, 78, 220, 196, 151, 176, 87, 240, 194, 102, 32, 7, 246, 19, 254, 268, 73, 83, 157, 292]
------------------------------------------
