 
------------------------------------------
CANTIDAD DE EJECUCIONES: 100
HEURÍSTICA DE CONSTRUCCIÓN: HeuristicType.RandomMethod
COSTO TOTAL: 42857.41
TOTAL DE RUTAS: 3
TIEMPO DE EJECUCIÓN: 0.14431238174438477 milisegundos
 
R1[36, 62, 216, 338, 42, 133, 97, 162, 140, 19, 74, 328, 269, 210, 81, 10, 126, 92, 48, 37, 8, 241, 217, 14, 317, 151, 98, 53, 3, 67, 29, 166, 23, 237, 313, 66, 205, 213, 360, 212, 357, 160, 41, 355, 345, 266, 154, 103, 285, 315, 239, 254, 296, 350, 347, 90, 99, 183, 318, 284, 96, 322, 295, 12, 11, 130, 52, 39, 190, 182, 64, 71, 330, 348, 169, 206, 156, 300, 148, 139, 45, 102, 342, 247, 279, 194, 174]
R2[136, 224, 93, 184, 197, 248, 261, 28, 290, 297, 84, 311, 222, 354, 340, 131, 193, 57, 172, 305, 235, 258, 25, 85, 316, 196, 159, 191, 142, 20, 246, 59, 128, 63, 127, 178, 283, 95, 351, 43, 106, 198, 110, 89, 234, 125, 331, 186, 208, 134, 82, 21, 271, 33, 230, 339, 219, 87, 256, 145, 326, 358, 79, 13, 113, 124, 188, 226, 18, 22, 287, 4, 171, 302, 55, 141, 273, 202, 165, 1, 220, 260, 68, 352, 265, 263, 215, 100, 185, 118, 38, 324]
R3[17, 233, 244, 209, 7, 61, 257, 238, 122, 167, 211, 69, 24, 137, 15, 173, 346, 56, 152, 168, 252, 27, 201, 94, 157, 150, 334, 227, 298, 83, 65, 245, 301, 281, 270, 225, 243, 303, 146, 251, 312, 323, 51, 123, 280, 304, 200, 111, 50, 70, 203, 107, 333, 116, 242, 164, 6, 277, 40, 2, 249, 236, 58, 336, 143, 291, 293, 229, 88, 105, 268, 5, 60, 86, 199, 337, 228, 91, 46, 76, 192, 320, 73, 356, 35, 75, 112, 359, 120, 240, 153]
------------------------------------------
