 
------------------------------------------
CANTIDAD DE EJECUCIONES: 100
HEURÍSTICA DE CONSTRUCCIÓN: HeuristicType.RandomMethod
COSTO TOTAL: 45189.82
TOTAL DE RUTAS: 3
TIEMPO DE EJECUCIÓN: 0.13538479804992676 milisegundos
 
R1[209, 195, 154, 214, 329, 293, 241, 242, 220, 70, 274, 88, 24, 111, 121, 161, 350, 202, 324, 302, 108, 169, 138, 127, 255, 289, 301, 186, 105, 191, 62, 50, 109, 282, 134, 232, 240, 76, 187, 340, 102, 345, 170, 264, 313, 149, 178, 322, 333, 259, 33, 332, 151, 74, 231, 225, 143, 173, 23, 331, 95, 22, 338, 251, 266, 270, 238, 318, 193, 94, 184, 72, 86, 85, 110, 308, 269, 297, 174, 120, 117, 150, 17, 253, 203, 233, 14, 113, 343, 135, 40, 147, 227, 235, 284, 315, 300, 57, 212, 320]
R2[8, 128, 53, 129, 87, 43, 218, 15, 51, 78, 164, 176, 249, 45, 67, 291, 38, 208, 104, 166, 137, 145, 179, 337, 2, 323, 319, 188, 277, 47, 48, 73, 349, 210, 194, 317, 39, 35, 356, 61, 250, 180, 30, 224, 31, 182, 280, 52, 6, 245, 355, 96, 239, 268, 25, 44, 287, 133, 228, 211, 353, 351, 159, 119, 69, 28, 84, 248, 168, 172, 89, 217, 244, 359, 354, 230, 348, 294, 339, 290, 83, 314, 99, 335, 198, 132]
R3[167, 13, 265, 59, 296, 123, 336, 234, 237, 175, 298, 114, 199, 18, 118, 68, 90, 281, 177, 98, 34, 236, 271, 12, 215, 197, 330, 299, 307, 201, 257, 75, 46, 204, 160, 334, 309, 288, 115, 226, 79, 346, 122, 124, 162, 3, 54, 139, 148, 267, 285, 190, 65, 37, 10, 19, 146, 189, 181, 185, 246, 55, 158, 130, 358, 260, 9, 312, 276, 152, 311, 82, 125, 32, 11, 157, 360, 283, 247, 256, 71, 116, 42, 131, 325, 36, 207, 279, 292, 327]
------------------------------------------
