 
------------------------------------------
HEURÍSTICA DE CONSTRUCCIÓN: RandomMethod
COSTO TOTAL: 58808.54
TOTAL DE RUTAS: 4
 
R1[85, 192, 126, 149, 223, 90, 34, 252, 212, 224, 275, 318, 77, 117, 70, 205, 165, 121, 3, 88, 111, 141, 84, 127, 312, 347, 353, 61, 125, 338, 307, 175, 216, 153, 87, 178, 135, 263, 26, 246, 131, 102, 230, 160, 354, 195, 17, 267, 157, 16, 40, 41, 13, 103, 148, 184, 101, 142, 334, 292, 47, 161, 234, 290, 264, 108, 114, 320, 118, 94, 268, 196, 193, 300, 322, 309, 56, 64, 156, 12, 39, 258, 185, 294, 42, 281, 78, 33, 191, 168, 76, 6, 270, 360]
R2[335, 330, 296, 340, 74, 38, 72, 49, 278, 20, 293, 260, 164, 14, 301, 355, 213, 249, 241, 186, 159, 201, 311, 285, 154, 266, 144, 95, 174, 67, 232, 113, 273, 172, 279, 342, 304, 171, 262, 227, 22, 231, 62, 222, 197, 350, 313, 89, 348, 248, 339, 115, 261, 53, 37, 180, 8, 145, 325, 129, 183, 332, 238, 316, 130, 60, 122, 65, 280, 324, 254, 147, 182, 107, 137, 207, 282, 314, 163, 167, 66, 221, 295, 54, 219, 18, 217, 173, 15, 346, 28, 7, 343, 218]
R3[124, 150, 50, 123, 152, 92, 29, 46, 43, 177, 265, 80, 306, 259, 298, 104, 158, 297, 68, 176, 96, 25, 100, 333, 190, 302, 138, 134, 356, 73, 35, 229, 271, 245, 257, 331, 27, 317, 93, 199, 211, 119, 45, 155, 179, 169, 228, 202, 181, 319, 21, 162, 237, 336, 44, 215, 24, 31, 283, 284, 303, 329, 276, 244, 206, 274, 166, 351, 226, 116, 57, 345, 349, 308, 289, 225, 269, 277, 240, 106, 235, 188, 286, 82, 140, 239, 146, 109, 136, 99, 220, 256, 52, 2, 79, 110, 255, 23, 97]
R4[203, 170, 105, 86, 11, 51, 83, 9, 305, 250, 4, 326, 71, 210, 194, 251, 58, 5, 98, 19, 243, 112, 187, 359, 189, 55, 236, 344, 341, 287, 208, 133, 291, 63, 81, 328, 59, 357, 120, 315, 30, 32, 321, 139, 358, 323, 69, 253, 247, 151, 10, 132, 198, 352, 1, 288, 204, 48, 233, 200, 214, 272, 143, 128, 75, 327, 310, 91, 242, 36, 299, 209, 337]
------------------------------------------
