 
------------------------------------------
CANTIDAD DE EJECUCIONES: 100
HEURÍSTICA DE CONSTRUCCIÓN: NearestNeighborWithRLC
COSTO TOTAL: 20290.89
TOTAL DE RUTAS: 4
TIEMPO DE EJECUCIÓN: 4452 milisegundos
 
R1[7, 15, 31, 66, 355, 2, 1, 4, 20, 28, 309, 320, 357, 356, 358, 360, 354, 359, 352, 350, 349, 353, 347, 346, 351, 344, 343, 348, 341, 345, 340, 338, 337, 339, 336, 335, 333, 332, 342, 331, 334, 328, 329, 326, 327, 330, 324, 322, 321, 323, 325, 319, 317, 307, 315, 314, 3, 13, 21, 156, 150, 159, 240, 5, 8, 24, 6, 22, 9, 17, 25, 301, 312, 311, 318, 10, 18, 34, 280, 12, 23, 39, 74, 67, 158, 11, 19, 35, 232, 239, 277, 316, 14, 304, 16, 148, 145, 199, 237, 231, 272, 313, 26, 27, 198, 229, 238, 306, 308, 310, 30, 303, 300, 305, 29, 224, 269, 302, 298, 299, 33, 297, 36, 32, 40, 142, 200, 236, 37, 223, 296, 41, 52, 68, 78, 79, 119, 120, 160, 192, 234, 42, 116, 43, 113]
R2[143, 190, 291, 44, 47, 46, 80, 110, 111, 118, 108, 106, 157, 221, 295, 38, 73, 65, 45, 48, 77, 105, 114, 154, 235, 294, 50, 51, 59, 97, 152, 216, 53, 69, 72, 71, 63, 55, 54, 76, 57, 58, 49, 60, 62, 70, 64, 103, 112, 144, 191, 293, 289, 288, 290, 287, 286, 284, 283, 285, 292, 281, 278, 279, 282, 274, 276, 271, 270, 273, 268, 267, 275, 265, 264, 262, 263, 261, 266, 259, 258, 257, 260, 254, 255, 253, 251, 250, 252, 256, 247, 246, 248]
R3[249, 243, 245, 241, 244, 233, 230, 242, 228, 225, 226, 220, 219, 218, 222, 215, 217, 227, 214, 212, 210, 213, 208, 207, 206, 211, 205, 204, 203, 202, 209, 196, 197, 201, 194, 195, 188, 189, 187, 193, 186, 185, 182, 181, 180, 184, 179, 178, 177, 175, 174, 183, 176, 173, 171, 169, 172, 168, 166, 165, 170, 163, 167, 164, 161, 162, 151, 149, 147, 155, 153, 146, 141, 138, 140, 136, 135, 139]
R4[133, 137, 132, 134, 130, 128, 131, 126, 125, 129, 124, 122, 123, 127, 121, 117, 109, 115, 101, 104, 102, 96, 61, 56, 81, 107, 98, 82, 83, 100, 94, 84, 92, 99, 95, 93, 90, 91, 89, 86, 85, 87, 88, 75]
------------------------------------------
