 
------------------------------------------
CANTIDAD DE EJECUCIONES: 100
HEURÍSTICA DE CONSTRUCCIÓN: NearestNeighborWithRLC
COSTO TOTAL: 20426.97
TOTAL DE RUTAS: 4
TIEMPO DE EJECUCIÓN: 4492 milisegundos
 
R1[5, 3, 2, 1, 6, 7, 31, 66, 355, 357, 8, 24, 156, 4, 28, 9, 12, 317, 347, 10, 26, 315, 11, 37, 148, 199, 240, 237, 280, 309, 354, 360, 359, 356, 353, 358, 352, 350, 14, 36, 312, 15, 23, 320, 341, 351, 348, 349, 345, 346, 342, 344, 343, 340, 339, 338, 337, 336, 334, 333, 332, 335, 16, 13, 29, 239, 231, 232, 230, 272, 17, 33, 314, 316, 331, 18, 27, 229, 269, 307, 306, 330, 328, 327, 20, 301, 311, 329, 324, 323, 325, 321, 319, 326, 322, 318, 308, 313, 305, 310, 303, 300, 302, 298, 19, 223, 299, 293, 296, 304, 295, 297, 292, 294, 291, 289, 287, 288, 290, 284]
R2[285, 283, 282, 279, 281, 271, 286, 22, 74, 158, 160, 224, 21, 198, 235, 277, 30, 76, 25, 238, 264, 278, 34, 236, 276, 275, 35, 228, 38, 73, 78, 110, 120, 152, 32, 40, 150, 39, 42, 43, 41, 44, 47, 55, 71, 79, 63, 48, 77, 118, 119, 46, 62, 49, 57, 65, 60, 70, 72, 116, 113, 151, 159, 45, 53, 69, 50, 58, 68, 52, 54, 51, 67, 105, 142, 191, 267, 273, 274, 268, 270, 59, 75, 97, 114, 154, 234, 266, 263, 265, 262, 56, 61, 108, 103, 112, 111, 117, 115, 200, 261, 260, 64, 80, 81, 92, 100, 82, 85, 83, 91, 107, 143, 84, 88, 87]
R3[86, 95, 96, 104, 101, 109, 99, 93, 98, 90, 89, 94, 102, 106, 144, 149, 147, 184, 192, 183, 122, 121, 124, 126, 140, 137, 153, 123, 133, 141, 125, 127, 136, 135, 134, 128, 131, 157, 155, 176, 197, 196, 130, 138, 129, 132, 139, 146, 182, 161, 172, 162, 170, 178, 227, 226, 258, 257, 256, 259, 145, 216, 233, 254, 253, 255, 252, 251, 250, 248, 249, 163, 173, 165, 181, 164]
R4[167, 168, 166, 188, 221, 225, 169, 171, 194, 195, 187, 189, 174, 190, 219, 218, 222, 175, 179, 180, 186, 177, 213, 217, 247, 246, 244, 243, 241, 220, 245, 214, 212, 242, 211, 215, 208, 207, 206, 209, 205, 210, 204, 203, 202, 193, 185, 201]
------------------------------------------
