 
------------------------------------------
CANTIDAD DE EJECUCIONES: 100
HEURÍSTICA DE CONSTRUCCIÓN: NearestNeighborWithRLC
COSTO TOTAL: 1476.52
TOTAL DE RUTAS: 3
 
R1[2, 74, 1, 75, 68, 3, 63, 51, 6, 67, 46, 34, 52, 45, 29, 48, 47, 73, 64, 69, 71, 70, 62, 61, 4, 26, 72, 66, 7]
R2[35, 8, 5, 60, 57, 54, 53, 59, 14, 65, 58, 10, 39, 40, 44, 56, 50, 49, 55, 32, 25, 38, 11]
R3[9, 13, 37, 20, 36, 42, 41, 12, 17, 43, 30, 33, 28, 22, 27, 15, 21, 16, 23, 24, 31, 19, 18]
------------------------------------------
