 
------------------------------------------
CANTIDAD DE EJECUCIONES: 100
HEURÍSTICA DE CONSTRUCCIÓN: NearestNeighborWithRLC
COSTO TOTAL: 1424.26
TOTAL DE RUTAS: 3
 
R1[68, 6, 75, 73, 62, 28, 22, 74, 61, 69, 70, 60, 71, 1, 63, 51, 67, 72, 65, 58, 66, 53, 57, 54, 52, 48, 47, 45, 29, 37, 64]
R2[2, 46, 35, 59, 38, 44, 56, 49, 24, 18, 55, 50, 32, 9, 43, 4, 34, 27, 15, 5, 36, 30]
R3[40, 39, 3, 42, 41, 33, 7, 26, 19, 8, 11, 14, 13, 10, 12, 16, 31, 23, 25, 17, 20, 21]
------------------------------------------
