 
------------------------------------------
CANTIDAD DE EJECUCIONES: 100
HEURÍSTICA DE CONSTRUCCIÓN: NearestNeighborWithRLC
COSTO TOTAL: 1273.59
TOTAL DE RUTAS: 3
 
R1[75, 74, 1, 73, 68, 6, 51, 63, 56, 2, 4, 48, 47, 71, 69, 70, 67, 46, 52, 45, 34, 27, 57, 15, 5, 60, 61, 64, 62]
R2[44, 3, 72, 58, 39, 50, 32, 65, 66, 59, 53, 7, 38, 10, 31, 55, 25, 9, 12, 49, 43, 54, 19, 35, 26]
R3[8, 14, 11, 40, 17, 16, 42, 41, 33, 37, 13, 20, 30, 36, 29, 21, 28, 23, 18, 22, 24]
------------------------------------------
