 
------------------------------------------
CANTIDAD DE EJECUCIONES: 100
HEURÍSTICA DE CONSTRUCCIÓN: NearestNeighborWithRLC
COSTO TOTAL: 1362.24
TOTAL DE RUTAS: 3
 
R1[75, 74, 30, 73, 68, 1, 64, 63, 56, 49, 62, 61, 69, 2, 67, 46, 52, 45, 48, 71, 47, 60, 70, 57, 54, 53, 66, 65, 3]
R2[4, 6, 7, 35, 8, 5, 72, 9, 10, 58, 59, 14, 19, 38, 51, 55, 44, 50, 11, 26, 40, 12]
R3[39, 43, 41, 42, 36, 37, 20, 15, 29, 27, 21, 34, 17, 32, 18, 31, 25, 33, 23, 24, 16, 22, 28, 13]
------------------------------------------
