Antes de iniciar JVM
Antes de llamar a Controller
Antes de apagar la JVM
FIN
 
------------------------------------------
HEURÍSTICA DE CONSTRUCCIÓN: SaveSequential
COSTO TOTAL: 5792.39
TOTAL DE RUTAS: 16
TIEMPO DE EJECUCIÓN: 2.631929636001587
 
R1[14, 22, 30, 38, 36, 28, 20, 33, 25, 17, 9, 34, 26, 18, 35, 27, 19, 11, 37]
R2[2, 10, 1, 12, 4, 39, 31, 23, 40]
R3[13, 21, 29, 32, 24, 16, 8, 15, 7]
R4[3, 5, 6]
R5[46, 54, 62, 70, 78, 76, 68, 60, 73, 65, 57, 49, 74, 66, 58, 75, 67, 77]
R6[43, 51, 59, 61, 69, 56, 64, 72, 80, 79, 71, 63, 55]
R7[41, 52, 44, 50, 42, 53]
R8[45, 48, 47]
R9[85, 93, 101, 109, 117, 115, 107, 99, 91, 114, 106, 98, 118, 108, 116, 97, 105, 113]
R10[92, 100, 94, 102, 110, 103, 111, 119, 120, 112, 104, 96, 88]
R11[95, 83, 90, 82, 81, 89]
R12[84, 86, 87]
R13[129, 137, 145, 153, 154, 146, 138, 155, 147, 139, 131, 157, 149, 141, 160, 152, 144, 136, 159]
R14[132, 140, 148, 156, 158, 150, 142, 134, 151, 143, 135, 127]
R15[122, 130, 123, 133, 125]
R16[128, 126, 124, 121]
------------------------------------------
