Antes de iniciar JVM
Antes de llamar a Controller
Antes de apagar la JVM
FIN
 
------------------------------------------
HEURÍSTICA DE CONSTRUCCIÓN: SaveSequential
COSTO TOTAL: 5782.42
TOTAL DE RUTAS: 16
TIEMPO DE EJECUCIÓN: 2.9018635749816895
 
R1[9, 17, 25, 33, 20, 28, 36, 30, 38, 22, 14, 39, 31, 23, 40, 32, 24, 16, 37]
R2[10, 18, 26, 34, 11, 19, 27, 35, 29, 21, 13, 5]
R3[4, 12, 1, 2, 3]
R4[6, 15, 7, 8]
R5[55, 63, 71, 79, 78, 70, 62, 54, 76, 68, 60, 73, 65, 57, 49, 74, 66, 58, 75]
R6[48, 56, 64, 72, 80, 77, 69, 61, 67, 59, 51, 43]
R7[50, 53, 45, 42, 41, 52]
R8[47, 46, 44]
R9[91, 99, 107, 115, 98, 106, 114, 113, 105, 97, 89, 116, 108, 100, 118, 110, 102, 94, 119]
R10[95, 103, 111, 96, 104, 112, 120, 117, 109, 101, 93, 85]
R11[86, 92, 84, 81, 90]
R12[82, 83, 88, 87]
R13[131, 139, 147, 155, 154, 146, 138, 153, 145, 137, 129, 156, 148, 140, 158, 150, 142, 134, 159]
R14[133, 141, 149, 157, 160, 152, 144, 136, 151, 143, 135, 127]
R15[124, 132, 121, 130, 122]
R16[123, 125, 128, 126]
------------------------------------------
