Antes de iniciar JVM
Antes de llamar a Controller
Antes de apagar la JVM
FIN
 
------------------------------------------
HEURÍSTICA DE CONSTRUCCIÓN: SaveSequential
COSTO TOTAL: 5729.78
TOTAL DE RUTAS: 16
TIEMPO DE EJECUCIÓN: 2.622040033340454
 
R1[10, 18, 26, 34, 33, 25, 17, 9, 20, 28, 36, 38, 30, 22, 14, 39, 31, 23, 40]
R2[4, 12, 1, 2, 35, 27, 19, 11, 37]
R3[5, 13, 21, 29, 8, 16, 24, 32, 24]
R4[3, 7, 6]
R5[54, 62, 70, 78, 60, 68, 76, 73, 65, 57, 49, 74, 66, 58, 75, 67, 59, 51, 77]
R6[55, 63, 71, 79, 80, 72, 64, 56, 69, 61, 53, 45]
R7[47, 46, 52, 44, 41]
R8[48, 43, 50, 42]
R9[95, 103, 111, 119, 118, 110, 102, 94, 116, 108, 100, 113, 105, 97, 89, 114, 106, 98, 115]
R10[107, 99, 91, 83, 101, 109, 117, 112, 120, 104, 96, 88]
R11[84, 92, 82, 90, 81, 90]
R12[85, 87, 86]
R13[134, 142, 150, 158, 159, 151, 143, 160, 152, 144, 136, 157, 149, 141, 155, 147, 139, 131, 154]
R14[132, 140, 148, 156, 145, 153, 137, 129, 146, 138, 130, 122]
R15[127, 135, 128, 133, 125]
R16[123, 121, 124, 126]
------------------------------------------
