Antes de iniciar JVM
Antes de llamar a Controller
Antes de apagar la JVM
FIN
 
------------------------------------------
HEURÍSTICA DE CONSTRUCCIÓN: SaveSequential
COSTO TOTAL: 5749.96
TOTAL DE RUTAS: 16
TIEMPO DE EJECUCIÓN: 2.696540355682373
 
R1[16, 24, 32, 40, 37, 29, 21, 35, 27, 19, 11, 34, 26, 18, 33, 25, 17, 9, 36]
R2[15, 23, 31, 39, 38, 30, 22, 14, 28, 20, 12, 4]
R3[5, 13, 3, 10, 2]
R4[1, 6, 7, 8]
R5[41, 49, 57, 65, 73, 74, 66, 58, 75, 67, 59, 51, 77, 69, 61, 80, 72, 79]
R6[68, 60, 52, 76, 70, 78, 62, 54, 71, 63, 64, 56, 48]
R7[44, 46, 55, 47, 53, 50]
R8[45, 43, 42]
R9[87, 95, 103, 111, 119, 118, 110, 102, 94, 116, 108, 100, 113, 105, 97, 114, 106, 115]
R10[96, 104, 112, 120, 117, 109, 101, 107, 99, 91, 98, 90, 89]
R11[82, 81, 92, 84, 86]
R12[83, 93, 85, 88]
R13[129, 137, 145, 153, 138, 146, 154, 147, 155, 139, 131, 157, 149, 141, 160, 152, 144, 136, 159]
R14[132, 140, 148, 156, 150, 158, 142, 134, 151, 143, 135, 127]
R15[128, 133, 125, 123, 130]
R16[122, 121, 124, 126]
------------------------------------------
