Antes de iniciar JVM
Antes de llamar a Controller
Antes de apagar la JVM
FIN
 
------------------------------------------
HEURÍSTICA DE CONSTRUCCIÓN: SaveSequential
COSTO TOTAL: 5597.96
TOTAL DE RUTAS: 16
TIEMPO DE EJECUCIÓN: 2.592742919921875
 
R1[1, 9, 17, 25, 33, 34, 26, 18, 32, 40, 21, 35, 27, 19, 11, 37, 29, 21]
R2[12, 20, 28, 36, 14, 22, 30, 38, 31, 23, 24, 16, 8]
R3[6, 15, 7, 4, 10, 13]
R4[5, 3, 2]
R5[49, 57, 65, 73, 76, 68, 60, 78, 70, 62, 54, 79, 71, 63, 80, 72, 64, 56, 77]
R6[47, 55, 46, 52, 44, 74, 66, 58, 75]
R7[67, 59, 51, 69, 61, 53, 43, 50, 42]
R8[41, 45, 48]
R9[118, 110, 102, 94, 116, 108, 100, 113, 105, 97, 89, 114, 106, 98, 115, 107, 99, 91, 117]
R10[95, 103, 111, 119, 120, 112, 104, 96, 109, 101, 93, 85]
R11[88, 87, 86, 92, 84]
R12[83, 90, 82, 81]
R13[160, 152, 144, 136, 141, 149, 157, 155, 147, 139, 131, 154, 146, 138, 153, 145, 137, 129, 156]
R14[127, 135, 143, 151, 159, 158, 150, 142, 134, 148, 140, 132]
R15[124, 121, 130, 122, 123]
R16[126, 128, 133, 125]
------------------------------------------
