Antes de iniciar JVM
Antes de llamar a Controller
Antes de apagar la JVM
FIN
 
------------------------------------------
HEURÍSTICA DE CONSTRUCCIÓN: SaveSequential
COSTO TOTAL: 5562.36
TOTAL DE RUTAS: 16
TIEMPO DE EJECUCIÓN: 2.7322027683258057
 
R1[9, 17, 25, 33, 20, 28, 36, 38, 30, 22, 14, 39, 31, 23, 40, 32, 24, 16, 37]
R2[4, 12, 6, 15, 7, 34, 26, 18, 35]
R3[1, 10, 13, 21, 29, 11, 19, 27, 19]
R4[8, 3, 2]
R5[49, 57, 65, 73, 74, 66, 58, 75, 67, 59, 51, 77, 69, 61, 80, 72, 64, 56, 79]
R6[68, 76, 78, 70, 62, 54, 71, 63, 55, 60, 52, 44]
R7[41, 50, 42, 43, 53]
R8[46, 47, 48, 45]
R9[96, 104, 112, 120, 103, 111, 119, 118, 110, 102, 94, 116, 108, 100, 113, 105, 97, 89, 114]
R10[99, 107, 115, 98, 106, 81, 91, 117, 109, 101, 93, 85]
R11[87, 95, 86, 92, 84, 90]
R12[88, 83, 82]
R13[134, 142, 150, 158, 140, 148, 156, 153, 145, 137, 129, 154, 146, 138, 155, 147, 139, 131, 157]
R14[135, 143, 151, 159, 160, 152, 144, 136, 149, 141, 133, 125]
R15[124, 132, 121, 130, 122]
R16[126, 127, 128, 123]
------------------------------------------
