Antes de iniciar JVM
Antes de llamar a Controller
Antes de apagar la JVM
FIN
 
------------------------------------------
HEURÍSTICA DE CONSTRUCCIÓN: SaveSequential
COSTO TOTAL: 5790.95
TOTAL DE RUTAS: 16
TIEMPO DE EJECUCIÓN: 2.741509199142456
 
R1[15, 23, 31, 39, 38, 30, 22, 14, 36, 28, 20, 33, 25, 17, 9, 34, 26, 18, 35]
R2[3, 11, 19, 27, 21, 29, 37, 40, 32, 24, 16, 8]
R3[6, 12, 4, 1, 10, 13]
R4[7, 5, 2]
R5[78, 70, 62, 54, 76, 68, 60, 73, 65, 57, 49, 74, 66, 58, 75, 67, 59, 51, 77]
R6[45, 53, 61, 69, 80, 72, 64, 56, 79, 71, 63, 55]
R7[46, 52, 44, 41, 50]
R8[47, 48, 43, 42]
R9[91, 99, 107, 115, 114, 106, 98, 113, 105, 97, 89, 116, 108, 100, 118, 110, 102, 94, 119]
R10[87, 95, 103, 111, 120, 112, 104, 96, 117, 109, 101, 93]
R11[84, 92, 81, 90, 82]
R12[83, 85, 88, 86]
R13[129, 137, 145, 153, 138, 146, 154, 147, 155, 139, 131, 157, 149, 141, 160, 152, 144, 136, 159]
R14[135, 143, 151, 134, 142, 150, 158, 156, 148, 140, 132, 124]
R15[125, 133, 123, 130, 122]
R16[128, 127, 126, 121]
------------------------------------------
