Antes de iniciar JVM
Antes de llamar a Controller
Antes de apagar la JVM
FIN
 
------------------------------------------
HEURÍSTICA DE CONSTRUCCIÓN: SaveSequential
COSTO TOTAL: 5641.29
TOTAL DE RUTAS: 16
TIEMPO DE EJECUCIÓN: 2.715176582336426
 
R1[6, 14, 22, 30, 38, 36, 28, 20, 33, 25, 17, 9, 34, 26, 18, 35, 27, 37]
R2[3, 11, 19, 21, 29, 16, 24, 32, 40, 39, 31, 23, 15]
R3[1, 12, 4, 10, 2, 13]
R4[7, 8, 5]
R5[56, 64, 72, 80, 61, 69, 77, 75, 67, 59, 51, 74, 66, 58, 73, 65, 57, 49, 76]
R6[55, 63, 71, 79, 78, 70, 62, 54, 68, 60, 52, 44]
R7[46, 47, 48, 53, 45]
R8[41, 50, 42, 43]
R9[91, 99, 107, 115, 101, 109, 117, 112, 120, 104, 96, 119, 111, 103, 118, 110, 102, 94, 116]
R10[90, 98, 106, 114, 113, 105, 97, 89, 108, 100, 92, 84]
R11[86, 95, 87, 88, 93]
R12[85, 83, 82, 81]
R13[130, 138, 146, 154, 153, 145, 137, 129, 156, 148, 140, 158, 150, 142, 134, 159, 151, 143, 160]
R14[128, 136, 144, 152, 141, 149, 157, 155, 147, 139, 131, 123]
R15[126, 124, 132, 121, 122]
R16[125, 133, 135, 127]
------------------------------------------
