 
------------------------------------------
HEURÍSTICA DE CONSTRUCCIÓN: Sweep
COSTO TOTAL: 42889.94
TOTAL DE RUTAS: 38
TIEMPO DE EJECUCIÓN: 10.691052675247192
 
R1[46, 229, 56, 145, 4, 111, 24, 274, 1, 371, 366]
R2[101, 113, 393, 336, 116, 257, 302, 378, 343, 339]
R3[357, 230, 289, 124, 112, 119, 399, 15, 240, 21, 353]
R4[346, 258, 132, 269, 226, 163, 364, 57, 190, 359, 282, 311, 319]
R5[268, 256, 349, 337, 243, 40, 61, 85]
R6[80, 379, 278, 241, 221, 194, 398, 324, 237, 350, 129, 82, 363]
R7[121, 310, 43, 141, 139, 372, 176, 131, 191, 208, 252, 197, 140, 394, 93]
R8[392, 184, 183, 206, 223, 225, 391, 236, 263, 25, 292]
R9[185, 351, 45, 110, 17, 159, 153, 6, 283, 33, 400, 188, 293, 156]
R10[325, 71, 355, 235, 212, 148, 118, 385, 23, 300, 219]
R11[342, 187, 259, 299, 275, 68, 8, 44, 49]
R12[134, 151, 362, 54, 127, 317, 261, 305, 30, 3]
R13[255, 63, 143, 272, 87, 298, 123, 170, 383, 314, 249]
R14[288, 7, 203, 42, 55, 115, 172, 260, 227, 89, 303]
R15[166, 186, 277, 169, 22, 13, 155, 246, 114, 280, 52]
R16[287, 168, 104, 142, 70, 239, 69, 66, 51, 36, 245]
R17[109, 222, 99, 20, 108, 96, 348, 97, 37, 157]
R18[291, 323, 231, 340, 395, 345, 365, 356, 318, 361]
R19[41, 74, 296, 120, 11, 360, 210, 179, 73]
R20[233, 91, 9, 38, 122, 133, 65, 220, 160, 84, 307]
R21[173, 165, 102, 146, 128, 150, 316, 338, 271, 125]
R22[370, 369, 19, 387, 152, 238, 29, 207, 149, 60]
R23[354, 117, 79, 164, 322, 92, 389, 279, 81, 106]
R24[215, 332, 254, 77, 198, 144, 67, 154, 224]
R25[270, 308, 374, 35, 205, 262, 83, 94, 64]
R26[204, 14, 386, 328, 162, 189, 177, 199]
R27[209, 327, 12, 358, 312, 62, 273, 10, 390, 50, 58, 98, 158]
R28[295, 396, 301, 28, 329, 202, 59, 352, 75, 211, 244, 321, 167]
R29[286, 285, 397, 250, 375, 265, 178, 86, 320, 294, 341]
R30[201, 95, 181, 16, 130, 388, 373]
R31[253, 174, 264, 248, 290, 333, 217, 5, 90, 34, 228]
R32[266, 218, 214, 32, 234, 126, 192, 196, 53, 384, 39, 335, 326, 195]
R33[313, 180, 380, 47, 347, 315, 88, 2, 331, 367, 381, 281, 147, 136]
R34[175, 376, 377, 138, 284, 161, 72, 306, 232, 304]
R35[105, 297, 18, 382, 135, 171, 276, 103]
R36[334, 27, 31, 267, 216, 26, 200, 242, 368]
R37[78, 100, 193, 344, 309, 137, 213, 48, 107, 251]
R38[182, 76, 247, 330]
------------------------------------------
