 
------------------------------------------
HEURÍSTICA DE CONSTRUCCIÓN: CMT
COSTO TOTAL: 1108.64
TOTAL DE RUTAS: 4
TIEMPO DE EJECUCIÓN: 3.5377440452575684
 
R1[60, 6, 5, 17, 99, 52, 27, 96, 61, 84, 45, 45, 45, 8, 46, 83, 45, 16, 93, 82, 85]
R2[9, 81, 81, 33, 34, 35, 66, 51, 3, 77, 79, 34, 34, 81, 34, 34, 20, 50, 76, 80, 12, 1, 30]
R3[90, 11, 49, 19, 88, 62, 31, 10, 63, 32, 32, 70, 31, 47, 48, 7, 69]
R4[87, 21, 73, 22, 41, 74, 21, 75, 74, 72, 4, 56, 39, 25, 55, 39, 67, 39, 22, 43, 15, 40, 53, 44, 14, 57, 58, 2, 42, 91, 100, 13, 37, 98, 94, 92, 59, 95, 97]
------------------------------------------
