 
------------------------------------------
HEURÍSTICA DE CONSTRUCCIÓN: CMT
COSTO TOTAL: 1256.39
TOTAL DE RUTAS: 5
 
R1[19, 49, 36, 46, 47, 8, 82, 48, 7, 11, 88, 62, 64]
R2[91, 85, 100, 44, 37, 93, 45, 17, 61, 16, 86, 38, 14, 43, 98, 42, 5, 84, 83, 60, 92, 59, 99]
R3[90, 32, 63, 10, 30, 20, 66, 71, 65, 35, 9, 51, 70, 31, 81, 34, 33, 78, 1, 79, 69, 50]
R4[13, 3, 29, 24, 56, 39, 55, 25, 54, 4, 67, 23, 75, 41, 22, 76, 68, 12, 77, 80, 74, 72, 15, 73, 21, 26, 57]
R5[95, 87, 2, 40, 58, 53, 28, 89, 18, 27, 52, 97, 6, 94, 96]
------------------------------------------
