 
------------------------------------------
HEURÍSTICA DE CONSTRUCCIÓN: CMT
COSTO TOTAL: 1005.45
TOTAL DE RUTAS: 4
TIEMPO DE EJECUCIÓN: 3.3230843544006348
 
R1[29, 80, 80, 26, 80, 80, 80, 12, 56, 3, 77, 80, 39, 80, 80, 68, 80, 3, 77, 54, 80, 80, 24, 80, 80, 23]
R2[46, 45, 84, 18, 82, 8, 45, 83, 60, 60, 60, 18, 5, 47, 7, 27, 7, 6]
R3[90, 63, 63, 32, 63, 32, 66, 32, 32, 32, 62, 49, 19, 31, 88, 10, 30, 51, 1, 69]
R4[100, 86, 58, 53, 2, 57, 41, 74, 22, 75, 22, 22, 22, 22, 41, 41, 22, 22, 42, 16, 96, 92, 87, 13, 95, 97, 94, 59, 98, 99, 37, 91, 85, 61, 44, 93]
------------------------------------------
