 
------------------------------------------
HEURÍSTICA DE CONSTRUCCIÓN: CMT
COSTO TOTAL: 1053.42
TOTAL DE RUTAS: 4
TIEMPO DE EJECUCIÓN: 3.4665374755859375
 
R1[84, 60, 89, 5, 5, 96, 59, 85, 99, 18, 13, 97, 93, 93, 93, 92, 100, 92, 53, 37, 98, 85, 85, 14, 44, 93, 93, 61, 83, 45, 58, 27, 87]
R2[20, 32, 35, 65, 35, 35, 35, 71, 71, 70, 1, 79, 33, 81, 79, 51, 79, 76, 29, 3, 77, 76, 50, 51, 69, 12, 28, 90]
R3[15, 43, 2, 22, 22, 22, 56, 74, 75, 23, 22, 22, 22, 72, 73, 21, 4, 25, 55, 40, 54, 26]
R4[19, 47, 88, 62, 52, 11, 63, 11, 63, 63, 63, 64, 11, 63, 63, 48, 82]
------------------------------------------
