 
------------------------------------------
HEURÍSTICA DE CONSTRUCCIÓN: CMT
COSTO TOTAL: 1099.63
TOTAL DE RUTAS: 4
TIEMPO DE EJECUCIÓN: 3.651435136795044
 
R1[46, 48, 8, 47, 48, 47, 36, 47, 48, 7]
R2[1, 70, 51, 77, 77, 28, 52, 31, 88, 9, 77, 12, 68, 68, 68, 54, 12, 54, 50, 34, 4, 39, 67, 26, 77, 54, 55, 68, 68, 80, 68, 79, 34, 40]
R3[32, 20, 65, 66, 20, 20, 30, 10, 90, 63, 11, 62]
R4[85, 38, 14, 42, 13, 97, 89, 6, 94, 21, 72, 23, 56, 75, 41, 15, 43, 87, 2, 22, 74, 73, 74, 58, 73, 73, 95, 94, 17, 16, 100, 92, 37, 91, 98, 59, 96, 83, 99, 84, 61, 60, 93, 5]
------------------------------------------
