 
------------------------------------------
HEURÍSTICA DE CONSTRUCCIÓN: CMT
COSTO TOTAL: 1121.12
TOTAL DE RUTAS: 4
TIEMPO DE EJECUCIÓN: 3.332634449005127
 
R1[9, 35, 51, 66, 20, 34, 78, 1, 50, 1, 33, 81, 81, 81, 33, 77, 3, 79, 68, 29, 26, 80, 27, 12, 30, 28, 70, 31]
R2[19, 47, 36, 49, 64, 63, 11, 32, 90, 10, 62, 48, 7, 88, 46, 82, 8]
R3[55, 25, 25, 67, 75, 23, 56, 39, 22, 74, 72, 72, 54, 21, 73, 41]
R4[96, 52, 53, 58, 57, 15, 38, 44, 100, 37, 97, 100, 17, 45, 58, 87, 15, 57, 43, 43, 43, 42, 98, 61, 91, 85, 18, 89, 92, 95, 94, 84, 93, 59, 6, 83, 5, 99, 60]
------------------------------------------
