 
------------------------------------------
HEURÍSTICA DE CONSTRUCCIÓN: CMT
COSTO TOTAL: 896.65
TOTAL DE RUTAS: 3
TIEMPO DE EJECUCIÓN: 1.9435572624206543
 
R1[1, 22, 64, 61, 42, 62, 62, 33, 33, 23, 63, 2, 62, 73, 62, 33, 16, 75, 6, 68, 74, 30, 67, 4, 26, 17, 7, 34, 21, 46, 53]
R2[20, 70, 60, 71, 69, 47, 37, 36, 5, 48, 29, 13, 57, 15, 29, 27, 45, 52, 19, 8, 59, 14, 35]
R3[18, 55, 58, 72, 10, 10, 65, 11, 11, 66, 38, 24, 25, 39, 9, 12, 40, 3, 50, 32, 44]
------------------------------------------
