 
------------------------------------------
HEURÍSTICA DE CONSTRUCCIÓN: Sweep
COSTO TOTAL: 3215.54
TOTAL DE RUTAS: 4
TIEMPO DE EJECUCIÓN: 1.9504516124725342
 
R1[10, 34, 62, 48, 70, 54, 27, 76, 57, 99, 38, 77, 25, 19, 98, 58, 1, 4, 74, 87, 68, 23, 29, 6, 15, 100]
R2[88, 43, 31, 72, 80, 91, 94, 18, 37, 5, 95, 78, 83, 21, 67, 39, 47, 90, 16, 30, 11, 14, 42, 93, 26, 7]
R3[8, 96, 73, 50, 2, 28, 40, 64, 61, 86, 60, 65, 9, 81, 79, 17, 49, 45, 59, 20, 35, 85, 89, 53]
R4[13, 82, 66, 44, 97, 24, 69, 63, 71, 56, 51, 55, 22, 41, 12, 92, 3, 32, 46, 84, 36, 75, 33, 52]
------------------------------------------
