 
------------------------------------------
HEURÍSTICA DE CONSTRUCCIÓN: Sweep
COSTO TOTAL: 3328.59
TOTAL DE RUTAS: 4
TIEMPO DE EJECUCIÓN: 2.0619876384735107
 
R1[9, 18, 69, 3, 57, 1, 78, 6, 7, 36, 94, 89, 46, 49, 34, 80, 76, 67, 84, 22, 4, 55, 59, 68, 79, 97, 24, 42, 77, 92]
R2[13, 5, 15, 71, 2, 83, 74, 39, 56, 70, 81, 28, 30, 85, 53, 45, 88, 47, 50, 31, 51, 16, 17]
R3[65, 75, 26, 98, 20, 63, 72, 38, 95, 14, 40, 64, 27, 48, 66, 54, 23, 44, 37, 33, 11, 96, 35, 25, 73]
R4[61, 82, 10, 58, 43, 90, 21, 52, 60, 19, 41, 99, 8, 93, 62, 12, 32, 87, 91, 29, 100, 86]
------------------------------------------
