 
------------------------------------------
HEURÍSTICA DE CONSTRUCCIÓN: Sweep
COSTO TOTAL: 3311.95
TOTAL DE RUTAS: 4
TIEMPO DE EJECUCIÓN: 1.928833246231079
 
R1[42, 65, 9, 49, 84, 2, 86, 92, 60, 62, 54, 59, 34, 1, 35, 76, 98, 17, 93, 13, 72, 39, 77, 80, 74, 71]
R2[30, 61, 5, 6, 87, 28, 78, 89, 64, 41, 32, 19, 7, 70, 3, 24, 47, 21, 40, 25, 48, 79, 26, 88, 27, 16]
R3[66, 20, 51, 63, 18, 97, 58, 11, 96, 81, 90, 82, 38, 91, 56, 53, 68, 75, 83, 22, 36, 44, 57, 33, 95, 31]
R4[23, 15, 12, 85, 37, 94, 100, 45, 10, 43, 67, 14, 69, 4, 8, 50, 55, 99, 52, 29, 73, 46]
------------------------------------------
