 
------------------------------------------
HEURÍSTICA DE CONSTRUCCIÓN: Sweep
COSTO TOTAL: 3289.66
TOTAL DE RUTAS: 4
TIEMPO DE EJECUCIÓN: 1.9189550876617432
 
R1[11, 43, 44, 75, 38, 55, 89, 27, 35, 1, 90, 66, 49, 6, 77, 100, 17, 18, 47, 12, 68, 57, 96, 56, 20, 10, 9, 76, 99]
R2[16, 22, 85, 80, 46, 45, 94, 21, 14, 95, 74, 83, 33, 15, 25, 84, 79, 34, 26, 61, 50, 23, 19, 69, 32, 42]
R3[13, 53, 70, 64, 4, 82, 62, 30, 58, 28, 52, 73, 54, 72, 2, 93, 7, 39, 97, 92, 24, 78, 37, 98, 63, 3, 81, 71, 51]
R4[41, 59, 29, 91, 5, 40, 31, 60, 48, 88, 65, 36, 86, 87, 8, 67]
------------------------------------------
