 
------------------------------------------
CANTIDAD DE EJECUCIONES: 100
HEURÍSTICA DE CONSTRUCCIÓN: HeuristicType.MoleJameson
COSTO TOTAL: 6602.92
TOTAL DE RUTAS: 4
TIEMPO DE EJECUCIÓN: 325.7528805732727 milisegundos
 
R1[97, 89, 81, 116, 108, 100, 92, 84, 86, 94, 102, 110, 79, 71, 63, 55, 78, 360, 352, 344, 336, 349, 341, 333, 325, 328, 335, 327, 326, 324, 322, 330, 321, 329, 337, 345, 310, 318, 353, 332, 340, 348, 356, 334, 342, 350, 358, 343, 351, 359, 70, 62, 54, 46, 47, 48, 56, 64, 72, 80, 118, 119, 111, 103, 95, 87, 88, 96, 104, 112, 120, 117, 109, 101, 93, 85, 136, 144, 152, 160, 115, 107, 99, 91, 83, 82, 90, 98, 106, 114, 159, 151, 143]
R2[221, 229, 237, 196, 188, 169, 177, 185, 227, 219, 211, 203, 202, 201, 209, 217, 225, 274, 266, 258, 273, 265, 257, 249, 276, 268, 260, 252, 278, 262, 254, 246, 244, 241, 242, 250, 243, 251, 259, 267, 275, 233, 210, 218, 226, 234, 235, 193, 194, 186, 178, 170, 171, 179, 187, 195, 197, 189, 181, 173, 200, 155, 147, 139, 131, 123, 125, 128, 133, 141, 149, 157, 192, 184, 176, 168, 199, 191, 183, 175, 166, 167, 165, 163, 162, 164, 161, 172, 180, 174, 182]
R3[316, 308, 300, 292, 302, 294, 286, 296, 304, 312, 320, 355, 347, 339, 65, 57, 49, 41, 42, 44, 52, 60, 68, 76, 357, 331, 323, 338, 346, 354, 319, 311, 303, 295, 287, 284, 281, 293, 301, 309, 288, 285, 283, 291, 282, 290, 298, 299, 307, 315, 280, 272, 264, 256, 248, 263, 271, 279, 314, 306, 289, 297, 305, 313, 270, 255, 247, 245, 253, 261, 269, 277, 236, 228, 220, 212, 204, 206, 207, 205, 213, 216, 208, 215, 223, 231]
R4[2, 10, 18, 26, 34, 239, 11, 19, 27, 240, 35, 3, 5, 8, 13, 21, 29, 37, 156, 148, 140, 132, 154, 146, 138, 130, 122, 127, 135, 105, 113, 77, 69, 61, 53, 45, 43, 50, 58, 66, 74, 39, 31, 23, 15, 7, 6, 14, 22, 30, 38, 73, 51, 59, 67, 75, 16, 24, 32, 40, 158, 150, 142, 134, 126, 124, 121, 129, 137, 145, 153, 198, 190, 232, 224, 214, 222, 230, 238, 33, 25, 17, 9, 1, 317, 36, 28, 20, 12, 4]
------------------------------------------
