 
------------------------------------------
CANTIDAD DE EJECUCIONES: 100
HEURÍSTICA DE CONSTRUCCIÓN: HeuristicType.MoleJameson
COSTO TOTAL: 6501.73
TOTAL DE RUTAS: 4
TIEMPO DE EJECUCIÓN: 339.2172350883484 milisegundos
 
R1[97, 89, 81, 84, 92, 100, 108, 116, 77, 69, 61, 53, 48, 47, 46, 54, 62, 70, 359, 351, 343, 358, 350, 342, 334, 356, 348, 340, 332, 353, 318, 310, 302, 345, 337, 329, 321, 322, 324, 326, 327, 335, 325, 328, 336, 344, 352, 360, 78, 55, 63, 71, 79, 56, 64, 72, 80, 118, 110, 102, 94, 86, 87, 95, 103, 111, 119, 120, 112, 104, 96, 88, 96, 109, 101, 93, 85, 99, 107, 115, 160, 152, 144, 157, 149, 136, 91, 83, 82, 90, 98, 106, 114, 159, 151, 143]
R2[154, 199, 166, 174, 182, 191, 183, 175, 167, 164, 172, 180, 188, 196, 161, 162, 163, 165, 168, 176, 184, 192, 139, 147, 155, 200, 173, 181, 189, 197, 171, 179, 187, 195, 194, 186, 178, 170, 169, 177, 185, 193, 235, 227, 219, 211, 203, 202, 210, 218, 226, 234, 233, 275, 267, 259, 251, 261, 253, 245, 243, 250, 242, 241, 244, 247, 255, 246, 254, 262, 270, 297, 305, 313, 278, 252, 260, 268, 276, 249, 257, 265, 273, 258, 266, 274, 225, 217, 209, 201, 204]
R3[309, 301, 293, 285, 283, 281, 292, 300, 308, 316, 289, 294, 286, 287, 295, 303, 311, 319, 354, 346, 338, 330, 323, 333, 341, 349, 357, 76, 68, 60, 52, 44, 45, 43, 51, 50, 42, 41, 49, 57, 65, 73, 331, 339, 347, 355, 320, 312, 304, 296, 288, 284, 282, 290, 298, 306, 314, 279, 271, 263, 248, 269, 277, 236, 228, 220, 212, 205, 213, 221, 229, 237, 224, 216, 208, 215, 207, 206, 214, 222, 230, 256, 264, 272, 280, 238, 33]
R4[6, 14, 22, 30, 38, 4, 12, 20, 28, 36, 317, 291, 299, 307, 315, 25, 17, 9, 1, 2, 10, 18, 26, 34, 239, 223, 231, 232, 240, 190, 198, 146, 138, 131, 141, 133, 128, 135, 105, 113, 59, 58, 66, 74, 39, 31, 23, 15, 7, 8, 16, 24, 67, 75, 32, 40, 158, 150, 142, 134, 126, 21, 29, 37, 156, 148, 140, 132, 124, 127, 125, 123, 122, 130, 121, 129, 137, 145, 153, 35, 27, 19, 11, 3, 13, 5]
------------------------------------------
