 
------------------------------------------
HEURÍSTICA DE CONSTRUCCIÓN: RandomMethod
COSTO TOTAL: 58794.58
TOTAL DE RUTAS: 4
 
R1[230, 93, 195, 40, 94, 252, 223, 215, 152, 126, 137, 201, 242, 112, 169, 232, 51, 308, 302, 295, 229, 228, 22, 58, 276, 47, 323, 166, 278, 209, 202, 174, 281, 87, 90, 282, 42, 45, 97, 164, 16, 270, 299, 7, 357, 352, 313, 340, 307, 360, 267, 238, 231, 122, 39, 283, 345, 330, 189, 355, 353, 82, 55, 351, 185, 101, 17, 128, 135, 182, 333, 334, 320, 193, 251, 123, 208, 46, 314, 61, 14, 291]
R2[104, 2, 301, 147, 108, 76, 109, 129, 180, 155, 183, 243, 170, 23, 245, 162, 275, 324, 255, 343, 1, 311, 41, 177, 142, 159, 253, 10, 335, 286, 328, 138, 175, 250, 4, 290, 161, 214, 15, 32, 125, 247, 317, 280, 85, 321, 271, 43, 119, 203, 316, 300, 38, 75, 153, 211, 158, 111, 73, 256, 306, 210, 48, 248, 130, 304, 341, 293, 81, 240, 60, 59, 77, 226, 140, 257, 327, 356, 310, 187, 222, 176, 157, 261]
R3[221, 325, 269, 212, 64, 322, 332, 154, 284, 337, 234, 8, 121, 124, 168, 224, 233, 213, 133, 3, 315, 319, 139, 26, 110, 36, 145, 172, 190, 318, 24, 29, 198, 246, 100, 57, 264, 66, 52, 78, 69, 11, 33, 266, 216, 144, 359, 86, 206, 96, 272, 79, 338, 219, 263, 173, 12, 296, 329, 92, 196, 225, 297, 186, 80, 312, 279, 220, 235, 114, 200, 236, 207, 31, 134, 303, 56, 70, 113, 103, 131, 49, 105, 241, 6, 287, 260, 344, 118, 74, 95, 88, 192, 258, 106, 150, 259, 132, 156, 188]
R4[254, 5, 98, 20, 44, 68, 117, 99, 116, 294, 289, 65, 18, 160, 72, 30, 34, 218, 273, 62, 346, 151, 358, 262, 184, 53, 277, 339, 204, 143, 102, 171, 354, 107, 115, 163, 348, 149, 21, 84, 347, 178, 331, 37, 227, 9, 83, 244, 50, 305, 239, 89, 19, 292, 25, 146, 199, 127, 13, 336, 350, 179, 91, 237, 217, 265, 309, 349, 298, 67, 120, 27, 54, 136, 167, 205, 35, 141, 181, 191, 288, 71, 148, 274, 268, 249, 165, 326, 63, 285, 342, 197, 28, 194]
------------------------------------------
