 
------------------------------------------
HEURÍSTICA DE CONSTRUCCIÓN: RandomMethod
COSTO TOTAL: 59842.09
TOTAL DE RUTAS: 4
 
R1[122, 79, 35, 115, 142, 270, 318, 169, 174, 120, 231, 314, 220, 263, 317, 277, 49, 254, 99, 70, 285, 315, 308, 14, 238, 63, 28, 184, 188, 272, 199, 18, 59, 253, 177, 278, 282, 170, 131, 85, 145, 297, 320, 336, 11, 240, 216, 74, 24, 143, 132, 222, 57, 69, 241, 103, 71, 358, 279, 91, 296, 353, 302, 153, 133, 290, 343, 102, 98, 250, 187, 284, 344, 219, 204, 167, 25, 53, 9, 10, 40, 329, 212, 342, 349, 114, 228, 244, 338, 54, 357, 181, 327, 77, 26, 80, 6, 155, 121, 236, 45, 64]
R2[292, 300, 233, 294, 247, 129, 157, 160, 306, 100, 205, 33, 51, 323, 46, 190, 34, 52, 311, 21, 227, 259, 117, 245, 22, 332, 351, 337, 307, 141, 183, 221, 31, 107, 125, 283, 84, 176, 165, 289, 195, 148, 287, 27, 293, 313, 89, 104, 312, 1, 350, 16, 67, 92, 83, 13, 198, 210, 305, 159, 211, 258, 304, 322, 62, 12, 109, 128, 348, 286, 164, 252, 341, 273, 340, 4, 113, 2, 201, 224, 185, 239, 61, 265, 140, 23, 112]
R3[127, 150, 345, 42, 86, 110, 276, 200, 36, 301, 108, 267, 87, 15, 173, 151, 257, 295, 319, 288, 88, 225, 90, 298, 347, 37, 156, 73, 346, 105, 38, 260, 168, 135, 264, 355, 191, 137, 223, 29, 356, 326, 261, 242, 72, 203, 126, 248, 324, 271, 172, 17, 192, 39, 232, 330, 134, 354, 208, 274, 81, 116, 158, 7, 65, 325, 328, 202, 82, 154, 179, 186, 76, 182, 66, 218, 310, 333, 207, 352, 3, 94, 123, 275, 166, 194, 41, 269, 251]
R4[303, 237, 106, 171, 139, 124, 58, 309, 178, 214, 75, 331, 280, 44, 8, 196, 96, 230, 161, 19, 213, 5, 334, 234, 189, 119, 32, 243, 95, 101, 111, 97, 281, 43, 180, 268, 217, 55, 60, 206, 78, 229, 47, 30, 335, 130, 162, 20, 359, 118, 50, 339, 144, 246, 262, 197, 149, 56, 316, 360, 68, 226, 152, 175, 235, 266, 93, 291, 48, 193, 249, 321, 299, 215, 209, 136, 255, 146, 256, 138, 147, 163]
------------------------------------------
