 
------------------------------------------
HEURÍSTICA DE CONSTRUCCIÓN: RandomMethod
COSTO TOTAL: 58288.37
TOTAL DE RUTAS: 4
 
R1[182, 63, 195, 242, 252, 140, 158, 34, 314, 300, 144, 237, 25, 194, 112, 147, 307, 159, 149, 32, 243, 319, 135, 81, 69, 44, 353, 341, 304, 79, 288, 309, 65, 202, 232, 272, 88, 126, 246, 285, 166, 61, 52, 284, 74, 110, 132, 73, 117, 128, 156, 322, 169, 95, 125, 96, 316, 328, 107, 77, 359, 323, 181, 17, 198, 192, 196, 36, 336, 356, 46, 338, 342, 294, 113, 299, 283, 134, 146, 6, 295, 170, 180, 53, 265, 105, 28, 72, 339, 197, 326, 102, 191, 186, 85, 273]
R2[129, 256, 280, 161, 343, 41, 143, 155, 42, 131, 278, 297, 290, 118, 268, 321, 5, 344, 71, 92, 123, 50, 13, 29, 49, 217, 227, 269, 154, 360, 205, 230, 291, 75, 357, 18, 57, 212, 193, 251, 55, 225, 221, 183, 333, 141, 234, 346, 108, 188, 60, 12, 244, 26, 176, 275, 228, 93, 116, 292, 340, 66, 224, 114, 27, 330, 239, 355, 306, 138, 24, 200, 312, 10, 38, 163, 258, 204, 160, 111, 86, 250, 298, 263, 171, 151, 174, 350, 8, 279, 260, 87, 84, 120, 358, 4, 185, 229, 23]
R3[47, 37, 218, 334, 167, 97, 164, 64, 152, 91, 162, 45, 211, 21, 349, 320, 255, 303, 348, 208, 220, 281, 168, 58, 282, 240, 94, 148, 40, 213, 262, 1, 30, 247, 124, 48, 90, 43, 89, 345, 302, 337, 20, 9, 249, 189, 241, 133, 82, 318, 22, 301, 315, 121, 219, 327, 264, 19, 274, 115, 2, 271, 223, 276, 35, 287, 245, 187, 226, 39, 109, 99, 101, 235, 14, 296, 289, 277, 76, 231, 179, 329, 354, 68, 351, 104]
R4[270, 222, 145, 236, 308, 136, 78, 331, 352, 248, 253, 173, 266, 317, 119, 31, 103, 172, 106, 313, 62, 332, 335, 130, 127, 305, 100, 267, 259, 210, 257, 207, 153, 3, 83, 347, 137, 139, 203, 293, 175, 98, 67, 16, 215, 15, 177, 324, 142, 11, 80, 54, 286, 325, 214, 206, 254, 311, 233, 261, 238, 56, 70, 199, 7, 190, 178, 33, 157, 216, 310, 184, 165, 51, 201, 59, 122, 150, 209]
------------------------------------------
