 
------------------------------------------
CANTIDAD DE EJECUCIONES: 100
HEURÍSTICA DE CONSTRUCCIÓN: RandomMethod
COSTO TOTAL: 2704.37
TOTAL DE RUTAS: 11
TIEMPO DE EJECUCIÓN: 102 milisegundos
 
R1[67, 44, 23, 18, 52, 70]
R2[75, 10, 6, 38]
R3[40, 55, 31, 63, 15]
R4[27, 37, 71, 42, 74, 22, 43]
R5[45, 59, 51, 41, 32]
R6[4, 39, 48, 25, 54]
R7[53, 49, 16, 47, 56, 68, 62, 57, 35, 3, 61, 60]
R8[28, 13, 21, 50, 19, 26, 8, 34, 33]
R9[11, 65, 29, 5, 12, 46, 7, 30, 14]
R10[17, 1, 36, 72, 9, 20, 24, 2, 58, 73]
R11[66, 64, 69]
------------------------------------------
