 
------------------------------------------
HEURÍSTICA DE CONSTRUCCIÓN: SaveSequential
COSTO TOTAL: 853.46
TOTAL DE RUTAS: 4
 
R1[91, 41, 74, 22, 75, 56, 23, 39, 67, 25, 55, 24, 29, 78, 34, 35, 65, 71, 66, 20, 9, 81, 33, 79, 3, 77, 68, 80]
R2[46, 36, 47, 49, 64, 63, 32, 90, 30, 51, 50, 76, 12, 54, 4, 72, 73, 21, 26, 40, 58, 2, 57, 15, 43, 42, 14, 38, 44, 92]
R3[99, 37, 59, 96, 6, 94, 95, 97, 87, 13, 53, 28, 27, 52, 7, 62, 10, 70, 1, 69, 31, 88, 11, 19, 48, 82]
R4[83, 84, 5, 93, 98, 100, 85, 16, 86, 61, 17, 45, 8, 18, 89, 60]
------------------------------------------
