 
------------------------------------------
HEURÍSTICA DE CONSTRUCCIÓN: SaveSequential
COSTO TOTAL: 855.92
TOTAL DE RUTAS: 4
 
R1[80, 77, 3, 33, 81, 79, 78, 9, 20, 66, 71, 65, 35, 34, 29, 24, 54, 4, 25, 55, 67, 39, 23, 56, 75, 22, 74, 41]
R2[92, 91, 44, 38, 14, 42, 43, 15, 57, 2, 58, 40, 73, 72, 21, 26, 12, 68, 76, 50, 51, 30, 90, 32, 63, 64, 49, 36, 47, 46]
R3[82, 48, 19, 11, 62, 10, 70, 1, 69, 31, 88, 7, 52, 27, 28, 53, 13, 87, 97, 95, 94, 6, 96, 59, 37, 99]
R4[60, 89, 18, 8, 45, 17, 61, 16, 86, 100, 98, 85, 93, 5, 84, 83]
------------------------------------------
