 
------------------------------------------
CANTIDAD DE EJECUCIONES: 100
HEURÍSTICA DE CONSTRUCCIÓN: SaveSequential
COSTO TOTAL: 774.14
TOTAL DE RUTAS: 3
TIEMPO DE EJECUCIÓN: 346 milisegundos
 
R1[46, 47, 36, 49, 64, 63, 32, 66, 65, 35, 71, 9, 34, 78, 29, 24, 55, 25, 67, 39, 23, 56, 75, 22, 74, 72, 4, 54, 80, 68, 3, 79, 81, 33, 51, 20, 30, 70, 90, 10, 11, 19, 62]
R2[82, 48, 7, 88, 31, 69, 1, 50, 77, 76, 12, 26, 21, 73, 41, 15, 43, 57, 2, 40, 58, 53, 28, 27, 52, 89, 13, 87, 42, 14, 38, 44, 86, 16, 91, 100, 37, 98, 92, 97, 95, 94, 6, 96, 59, 99, 17]
R3[83, 18, 8, 45, 84, 61, 85, 93, 5, 60]
------------------------------------------
