 
------------------------------------------
CANTIDAD DE EJECUCIONES: 100
HEURÍSTICA DE CONSTRUCCIÓN: RandomMethod
COSTO TOTAL: 2696.02
TOTAL DE RUTAS: 8
TIEMPO DE EJECUCIÓN: 62 milisegundos
 
R1[13, 5, 41, 18, 22, 65, 32, 28, 60, 23, 44, 29]
R2[61, 48, 75, 15, 70, 47, 57, 52, 33, 71, 68, 54]
R3[40, 17, 64]
R4[24, 16, 59, 49, 25, 50, 6, 3, 46, 39, 19]
R5[10, 1, 31, 67, 72, 38, 62, 2, 12]
R6[26, 74, 36, 35, 4, 43, 20, 51, 69, 37, 9, 7]
R7[66, 58, 27, 34, 11, 53, 56, 55, 63]
R8[14, 30, 73, 42, 8, 45, 21]
------------------------------------------
