 
------------------------------------------
CANTIDAD DE EJECUCIONES: 100
HEURÍSTICA DE CONSTRUCCIÓN: RandomMethod
COSTO TOTAL: 2627.44
TOTAL DE RUTAS: 10
TIEMPO DE EJECUCIÓN: 52 milisegundos
 
R1[26, 45, 55, 71, 70, 51, 19, 67, 7, 24, 1, 13]
R2[4, 41, 18, 63, 32]
R3[65, 35, 53, 8, 47, 68]
R4[33, 57, 17, 27]
R5[46, 5, 61, 39, 12]
R6[28, 11, 59, 54, 69, 62, 21, 25, 34]
R7[44, 30, 15, 20, 60, 49]
R8[48, 6, 23, 73, 31, 10, 29, 37, 40, 74, 3, 42]
R9[22, 36, 52, 38, 14, 50, 72, 66, 58, 75]
R10[56, 64, 43, 2, 16, 9]
------------------------------------------
