 
------------------------------------------
CANTIDAD DE EJECUCIONES: 100
HEURÍSTICA DE CONSTRUCCIÓN: HeuristicType.KilbyAlgorithm
COSTO TOTAL: 1258.3
TOTAL DE RUTAS: 9
TIEMPO DE EJECUCIÓN: 5.827623605728149 milisegundos
 
R1[3, 9, 32, 17, 51, 44, 40, 12, 32, 39, 72, 50, 24, 18]
R2[1, 56, 41, 42, 23, 22, 28, 33, 73, 62, 63, 16, 43, 28, 25]
R3[7, 26, 53, 58, 38, 66, 65, 11, 10, 31, 55]
R4[2, 68, 64, 70, 60]
R5[4]
R6[5, 29, 30, 48, 74, 47, 27, 45, 15, 37, 13, 21, 57, 36, 69, 71]
R7[6]
R8[8, 67, 59, 14, 54, 19, 35, 52, 46, 34, 52]
R9[75]
------------------------------------------
