 
------------------------------------------
CANTIDAD DE EJECUCIONES: 100
HEURÍSTICA DE CONSTRUCCIÓN: HeuristicType.KilbyAlgorithm
COSTO TOTAL: 1257.49
TOTAL DE RUTAS: 9
TIEMPO DE EJECUCIÓN: 6.031433343887329 milisegundos
 
R1[3, 17, 51, 44, 40, 12, 32, 9, 49, 39, 72, 50, 24, 18]
R2[1, 33, 73, 61, 56, 41, 42, 23, 22, 28, 43, 16, 63, 62, 63]
R3[7, 26, 53, 31, 66, 65, 11, 10, 38, 58, 38]
R4[2, 68, 64, 70, 60]
R5[4]
R6[5, 29, 45, 48, 30, 27, 47, 74, 21, 13, 37, 15, 57, 36, 69, 71]
R7[6]
R8[8, 14, 54, 19, 35, 52, 34, 46, 67, 46, 20]
R9[75]
------------------------------------------
