 
------------------------------------------
CANTIDAD DE EJECUCIONES: 100
HEURÍSTICA DE CONSTRUCCIÓN: RandomMethod
COSTO TOTAL: 2528.93
TOTAL DE RUTAS: 13
TIEMPO DE EJECUCIÓN: 127 milisegundos
 
R1[4, 1, 56, 52]
R2[6, 29, 49, 11, 31]
R3[40, 5, 39, 41, 37]
R4[57, 66, 12, 72, 13, 71]
R5[75, 34, 62, 36, 22]
R6[58, 10, 35, 65, 59]
R7[9, 50, 25, 24]
R8[26, 2, 30, 45, 23, 55, 16, 70, 28, 47, 42]
R9[44, 32, 7, 74, 3]
R10[53, 14, 61, 54, 60, 48, 19, 15, 18, 68, 8]
R11[38, 20, 67, 51, 69]
R12[27, 63, 21, 33]
R13[17, 73, 64, 46, 43]
------------------------------------------
