 
------------------------------------------
CANTIDAD DE EJECUCIONES: 100
HEURÍSTICA DE CONSTRUCCIÓN: HeuristicType.KilbyAlgorithm
COSTO TOTAL: 1536.15
TOTAL DE RUTAS: 5
TIEMPO DE EJECUCIÓN: 7.330894231796265 milisegundos
 
R1[3, 27, 76, 77, 89, 28, 50, 12, 68, 79, 33, 80, 81, 51, 30, 20, 24, 9, 29, 78, 34, 32, 71, 35, 66, 65]
R2[1, 69, 52, 18, 83, 31, 88, 7, 82, 70, 11, 90, 47, 19, 45, 48, 10, 62, 8, 46, 63, 36, 49, 64]
R3[2, 96, 94, 95, 13, 99, 97, 59, 87, 92, 16, 42, 91, 61, 57, 100, 84, 85, 37, 98, 5, 93, 98, 44, 14, 15, 43]
R4[4, 40, 58, 6, 53, 21, 26, 73, 72, 74, 54, 75, 56, 23, 25, 22, 41, 55, 39, 25, 67, 38]
R5[60]
------------------------------------------
