 
------------------------------------------
CANTIDAD DE EJECUCIONES: 100
HEURÍSTICA DE CONSTRUCCIÓN: HeuristicType.KilbyAlgorithm
COSTO TOTAL: 1538.55
TOTAL DE RUTAS: 5
TIEMPO DE EJECUCIÓN: 7.2971978187561035 milisegundos
 
R1[3, 27, 76, 77, 89, 28, 50, 12, 68, 79, 33, 80, 24, 9, 81, 51, 30, 78, 29, 9, 34, 32, 71, 35, 66, 65]
R2[1, 69, 52, 18, 83, 31, 88, 7, 48, 10, 62, 8, 70, 82, 45, 19, 47, 90, 11, 46, 63, 36, 49, 64]
R3[2, 96, 94, 95, 13, 99, 97, 59, 87, 92, 85, 37, 98, 93, 5, 93, 100, 57, 61, 91, 42, 16, 17, 44, 14, 15, 43]
R4[4, 40, 58, 6, 53, 21, 23, 25, 39, 26, 73, 72, 74, 54, 75, 56, 22, 41, 55, 39, 67, 38]
R5[60]
------------------------------------------
