 
------------------------------------------
CANTIDAD DE EJECUCIONES: 100
HEURÍSTICA DE CONSTRUCCIÓN: HeuristicType.KilbyAlgorithm
COSTO TOTAL: 1569.76
TOTAL DE RUTAS: 5
TIEMPO DE EJECUCIÓN: 7.107743501663208 milisegundos
 
R1[3, 27, 76, 77, 89, 28, 50, 12, 68, 79, 33, 80, 81, 51, 30, 78, 29, 9, 24, 20, 34, 32, 71, 35, 66, 65]
R2[1, 69, 52, 18, 83, 31, 88, 7, 82, 70, 8, 62, 10, 48, 36, 49, 64, 63, 46, 11, 90, 47, 19, 45]
R3[2, 96, 94, 95, 13, 99, 97, 59, 87, 92, 5, 93, 98, 37, 85, 84, 100, 57, 61, 91, 42, 16, 17, 44, 14, 15, 43]
R4[4, 40, 58, 6, 53, 21, 26, 73, 72, 74, 54, 75, 56, 22, 23, 25, 39, 55, 41, 55, 67, 38]
R5[60]
------------------------------------------
