 
------------------------------------------
HEURÍSTICA DE CONSTRUCCIÓN: CMT
COSTO TOTAL: 17321.51
TOTAL DE RUTAS: 4
TIEMPO DE EJECUCIÓN: 32.322625398635864
 
R1[122, 121, 122, 132, 123, 137, 200, 136, 75, 67, 113, 148, 148, 122, 129, 113, 128, 125, 143, 133, 156, 148, 105, 113, 32, 146, 43, 108, 63, 141, 148, 37, 147, 140, 151, 127, 127, 130, 139, 116, 138, 75, 75, 75, 113, 113, 113, 40, 97, 64, 59, 75, 113, 158, 53, 45, 79, 48, 155, 113, 24]
R2[41, 6, 8, 62, 54, 52, 321, 330, 340, 338, 329, 356, 346, 7, 46, 78, 70, 360, 320, 42, 16, 14, 73, 339, 65, 357, 76, 30, 50, 52, 60, 355, 347, 30, 22, 15, 23, 39, 31, 74, 74, 74, 74, 49, 68, 348, 332, 324, 333, 333, 343, 325, 323, 331, 328, 359, 336, 344, 351, 358, 350, 342, 334, 326, 352, 349, 341, 327, 322, 324, 337, 354, 319, 345, 304, 311, 353, 5, 4, 318, 303, 12, 28, 295, 302, 20, 21, 310, 296, 13, 29, 1, 3, 2, 301, 286, 309, 293, 294, 36, 288, 317, 287, 285, 284, 292, 300, 308, 316, 283, 282, 281, 291, 290, 289, 11, 10, 9]
R3[231, 214, 213, 211, 210, 217, 207, 223, 26, 221, 219, 215, 201, 226, 225, 259, 267, 236, 228, 236, 25, 33, 232, 224, 229, 215, 225, 233, 314, 260, 209, 220, 212, 218, 280, 263, 277, 228, 220, 278, 314, 245, 233, 275, 257, 249, 241, 255, 248, 235, 307, 264, 230, 315, 299, 17, 298, 297, 248, 306, 313, 271, 262, 246, 252, 265, 243, 276, 257, 242, 253, 273, 266, 259, 261, 251, 258, 250, 268, 254, 238, 222, 272, 277, 261, 247, 256, 203, 208, 216, 34, 217, 234, 227, 185, 196, 194, 35, 27, 169, 180, 240, 188, 177, 18, 19, 172, 198, 186, 190, 161, 178, 182, 170, 164, 153, 174, 162, 166, 163, 167, 171, 165, 179, 175, 187, 145, 168, 195, 173, 183, 181, 191, 176, 189, 199, 197, 154, 184, 192]
R4[157, 149, 86, 96, 95, 107, 103, 110, 80, 102, 80, 118, 80, 94, 109, 100, 117, 85, 114, 84, 88, 99, 115, 152, 101, 111, 119, 120, 112, 88, 92, 87, 81, 89, 91, 106, 93, 82, 83, 98, 90]
------------------------------------------
