 
------------------------------------------
HEURÍSTICA DE CONSTRUCCIÓN: CMT
COSTO TOTAL: 18694.74
TOTAL DE RUTAS: 4
TIEMPO DE EJECUCIÓN: 96.97391891479492
 
R1[181, 171, 186, 192, 200, 189, 197, 195, 187, 173, 161, 170, 178, 176, 173, 163, 183, 168, 167, 162, 194, 166, 164, 183, 146, 154, 149, 141, 122, 174, 172, 169, 152, 160, 144, 136, 128, 177, 180, 176, 191, 124, 137, 185, 127, 129, 182, 121, 115, 139, 131, 157, 155, 147, 123, 125, 130, 192, 191, 199, 175, 188, 107, 193, 135, 190]
R2[273, 265, 314, 264, 271, 256, 244, 251, 253, 269, 236, 261, 275, 266, 274, 249, 257, 297, 277, 233, 253, 279, 248, 243, 244, 245, 278, 241, 250, 269, 266, 252, 252, 268, 260, 254, 247, 247, 245, 242, 243, 250, 258, 266, 259, 255, 263, 306, 289, 308, 298, 300, 228, 272, 234, 209, 292, 281, 290, 226, 220, 284]
R3[24, 44, 45, 79, 43, 48, 158, 64, 143, 105, 113, 82, 98, 117, 91, 109, 85, 93, 96, 95, 87, 84, 90, 83, 96, 88, 101, 120, 112, 104, 95, 119, 119, 119, 111, 103, 111, 100, 71, 63, 78, 74, 57, 76, 140, 132, 37, 29, 326, 334, 342, 350, 325, 358, 327, 23, 333, 328, 335, 359, 31, 357, 344, 148, 54, 41, 62, 72, 116, 108, 80, 70, 52, 46, 50, 134, 159, 82, 92, 77, 92, 69, 114, 99, 100, 92, 42, 66, 58, 60, 49, 360, 68, 39, 352, 65, 341, 343, 16, 351, 336, 72, 53, 56, 55, 47, 61, 59, 97, 159, 81, 86, 92, 89, 151, 150, 32, 156, 323, 331, 324, 73, 339, 322]
R4[10, 227, 196, 212, 213, 202, 229, 304, 299, 320, 30, 35, 33, 293, 28, 239, 22, 354, 356, 356, 294, 354, 311, 346, 353, 318, 310, 302, 310, 301, 320, 312, 355, 288, 294, 337, 356, 348, 348, 345, 340, 318, 353, 330, 348, 353, 329, 347, 221, 237, 201, 203, 232, 153, 315, 222, 224, 145, 307, 287, 295, 287, 287, 286, 204, 205, 223, 238, 296, 303, 282, 230, 309, 280, 214, 216, 240, 207, 208, 206, 291, 283, 317, 231, 36, 27, 25, 34, 17, 18, 7, 5, 8, 6, 11, 12, 13, 9, 15, 26, 20, 21, 14, 19, 4, 3, 1, 2]
------------------------------------------
