 
------------------------------------------
HEURÍSTICA DE CONSTRUCCIÓN: CMT
COSTO TOTAL: 16421.59
TOTAL DE RUTAS: 4
TIEMPO DE EJECUCIÓN: 31.367722511291504
 
R1[313, 305, 306, 314, 271, 263, 266, 253, 255, 244, 279, 264, 243, 283, 345, 308, 316, 348, 319, 283, 313, 278, 262, 273, 247, 281, 308, 300, 292, 285, 291, 282, 283, 303, 293, 307, 309, 356, 354, 25, 277, 269, 299, 284, 286, 318, 337, 296, 262, 313, 298, 302, 305, 305, 297, 271, 245, 256, 248, 242, 258, 254, 252, 262, 308, 294, 297, 297, 289, 297, 262, 278, 241, 250, 245, 272, 251, 280, 261, 315, 311, 301, 33, 317, 329, 267, 304, 346, 230, 340, 17, 236, 36, 338]
R2[106, 90, 82, 91, 87, 86, 112, 104, 112, 120, 109, 107, 109, 101, 93, 114, 106, 114, 114, 159, 151, 114, 107, 109, 99, 114, 98, 88, 81, 96, 95, 84, 110, 116, 75, 40, 126, 128, 127, 92, 144, 142, 136, 157, 156, 148, 149, 140, 141, 132, 133, 124, 125, 32, 89, 97, 102, 108, 113, 158, 119, 94, 100, 150, 105, 135, 134, 37, 29, 21, 77, 67]
R3[350, 321, 322, 352, 344, 328, 326, 334, 327, 341, 54, 54, 62, 70, 78, 54, 54, 57, 46, 53, 50, 43, 47, 44, 46, 52, 48, 55, 54, 79, 64, 118, 80, 45, 56, 60, 49, 44, 60, 68, 46, 352, 360, 344, 351, 358, 335, 328, 332, 331, 332, 323, 324, 325, 54, 347, 65, 73, 355, 61, 58, 76, 60, 49, 69, 66, 320, 38, 312, 74, 59, 30, 39, 22, 31, 23, 14, 15, 28, 20, 6, 24, 12, 7, 16, 4, 8, 1, 5, 9, 2, 13, 3]
R4[217, 233, 233, 233, 275, 212, 228, 220, 202, 207, 205, 214, 206, 234, 234, 275, 275, 225, 225, 275, 228, 220, 210, 193, 235, 227, 185, 181, 147, 122, 162, 184, 154, 167, 166, 199, 26, 129, 224, 146, 189, 192, 139, 155, 131, 213, 169, 163, 123, 208, 215, 223, 237, 216, 231, 130, 121, 138, 180, 170, 189, 171, 178, 175, 211, 203, 221, 173, 229, 234, 219, 177, 188, 239, 172, 168, 165, 161, 164, 196, 176, 209, 228, 218, 203, 232, 137, 191, 10, 174, 183, 240, 182, 145, 190, 198, 35, 27, 19, 11, 153]
------------------------------------------
