 
------------------------------------------
CANTIDAD DE EJECUCIONES: 100
HEURÍSTICA DE CONSTRUCCIÓN: CMT
COSTO TOTAL: 1422.94
TOTAL DE RUTAS: 14
TIEMPO DE EJECUCIÓN: 431 milisegundos
 
R1[77, 73, 76, 78, 79, 70, 71, 80, 81]
R2[36, 38, 39, 37, 33, 35, 34]
R3[5, 75, 4, 2, 1, 3, 7]
R4[8, 6, 9, 16, 14, 12, 11, 10, 19]
R5[100, 99, 97]
R6[56, 53, 58, 60, 54, 55]
R7[50, 51, 48, 45, 59, 57, 44, 40, 46, 49]
R8[94, 93, 92, 95, 96, 98]
R9[26, 28, 30, 32, 31, 25, 27, 29]
R10[88, 13, 17, 15, 18, 52]
R11[83, 82, 84, 85, 86, 87, 89, 91, 90]
R12[63, 65, 72, 74, 62, 61]
R13[24, 69, 66, 64, 68, 67, 42, 41, 43, 47, 23, 22, 20]
R14[21]
------------------------------------------
