 
------------------------------------------
CANTIDAD DE EJECUCIONES: 100
HEURÍSTICA DE CONSTRUCCIÓN: CMT
COSTO TOTAL: 1482.53
TOTAL DE RUTAS: 13
TIEMPO DE EJECUCIÓN: 427 milisegundos
 
R1[85, 84, 82, 83, 92, 94, 93]
R2[7, 11, 9, 10, 13, 15, 14, 8]
R3[70, 73, 71, 76, 78, 79, 80, 77, 81]
R4[90, 99, 97, 100, 96, 95, 98, 91, 89]
R5[40, 59, 56, 58, 60, 57, 55]
R6[90, 88, 87, 86, 75, 12, 16]
R7[63, 65, 62, 72, 74, 67]
R8[90, 1, 2, 4, 6, 5, 3]
R9[41, 69, 66, 61, 68, 64, 54, 53, 42, 43]
R10[46, 18, 19, 17, 39, 38, 37]
R11[30, 34, 36, 32, 33, 35, 31, 29]
R12[28, 24, 27, 47, 49, 52, 50, 51, 48, 45, 44, 20, 23, 26]
R13[21, 25, 22]
------------------------------------------
