 
------------------------------------------
CANTIDAD DE EJECUCIONES: 100
HEURÍSTICA DE CONSTRUCCIÓN: HeuristicType.CMT
COSTO TOTAL: 2554.25
TOTAL DE RUTAS: 18
TIEMPO DE EJECUCIÓN: 4.6813929080963135 milisegundos
 
R1[7, 132, 117, 181, 49, 117, 185, 104, 58, 54, 55, 18, 199, 135, 184, 37]
R2[174, 51, 94, 115, 86, 65, 171]
R3[26, 198, 14, 152, 40, 153, 48, 133]
R4[69, 200, 141, 148, 197, 103, 124]
R5[15, 89, 105, 169, 59]
R6[74, 28, 196, 96, 96, 130, 96, 192, 120, 19, 30, 178]
R7[46, 193, 10, 128, 106, 128, 167, 34, 95, 158, 190]
R8[88, 186, 8, 127, 3, 98, 157, 177]
R9[180, 84, 82, 72, 125, 191, 4, 125]
R10[1, 99, 99, 99, 99, 99, 9, 126, 126, 53, 101, 183, 93, 137, 81, 138, 17]
R11[110, 77, 172, 25, 31, 85, 85, 85, 80, 24, 162, 61, 179, 64, 154, 173, 100, 27, 45, 109]
R12[156, 112, 50, 123, 42, 29, 87, 168, 79, 134, 170]
R13[165, 83, 118, 121, 188, 36, 33, 143, 176, 143, 108]
R14[189, 136, 32]
R15[44, 146, 102, 131, 62, 68, 76]
R16[140, 16, 159, 151, 187, 142, 151, 56, 63, 111, 63, 22, 38]
R17[122, 129, 66, 147, 91, 70, 11, 11, 11, 6, 12, 47, 47, 116, 6, 6, 13, 2, 90, 175, 113, 67, 155, 78, 39, 107]
R18[163, 182, 145, 75, 194, 21, 23, 92, 52, 195]
------------------------------------------
