 
------------------------------------------
CANTIDAD DE EJECUCIONES: 100
HEURÍSTICA DE CONSTRUCCIÓN: HeuristicType.KilbyAlgorithm
COSTO TOTAL: 32024.97
TOTAL DE RUTAS: 5
TIEMPO DE EJECUCIÓN: 167.41468143463135 milisegundos
 
R1[1, 10, 12, 9, 18, 20, 17, 26, 28, 34, 36, 25, 239, 317, 33, 231, 309, 238, 315, 230, 307, 223, 301, 280, 222, 299, 215, 293, 214, 291, 296, 272, 206, 236, 303, 306, 228, 295, 298, 220, 287, 290, 212, 264, 282, 204, 288, 285, 207, 209, 292, 210, 271, 269, 256, 279, 277, 286, 284, 202, 281, 201, 311, 314, 283, 289, 294, 261, 263, 248, 253, 255, 218, 300, 217, 297, 302, 245, 247, 226, 308, 243, 246, 225, 305, 310]
R2[3, 13, 11, 21, 19, 29, 37, 27, 156, 35, 148, 153, 240, 145, 232, 140, 198, 137, 224, 132, 135, 146, 229, 143, 154, 237, 151, 123, 203, 125, 128, 196, 199, 174, 188, 191, 133, 131, 129, 216, 134, 190, 121, 208, 124, 126, 122, 205, 182, 130, 213, 127, 138, 221, 211, 136, 180, 183, 166, 172, 175, 141, 139, 219, 144, 164, 167, 149, 161, 168, 147, 227, 169, 176, 152, 177, 184, 157, 234, 162, 165, 185, 192, 155, 235, 163]
R3[4, 6, 7, 15, 14, 23, 22, 31, 39, 30, 74, 38, 66, 244, 324, 327, 79, 270, 345, 313, 318, 352, 278, 353, 326, 78, 252, 332, 335, 344, 337, 262, 336, 316, 70, 329, 254, 328, 321, 71, 325, 322, 62, 63, 333, 330, 323, 341, 338, 54, 55, 349, 346, 331, 357, 354, 47, 46, 76, 319, 68, 60, 52, 44, 339, 42, 41, 347, 49, 50, 57, 355, 304, 58, 65, 312, 73, 320, 360, 260, 340, 343, 334, 268, 348, 351, 276, 356, 359, 342, 350, 358]
R4[2, 251, 259, 242, 267, 233, 193, 275, 250, 178, 258, 171, 249, 241, 170, 186, 266, 194, 274, 179, 257, 187, 265, 195, 273]
R5[5, 8, 16, 24, 32, 40, 158, 75, 150, 67, 142, 113, 59, 51, 105, 43, 97, 45, 53, 61, 69, 159, 77, 48, 114, 116, 89, 106, 108, 56, 98, 100, 81, 90, 92, 64, 82, 84, 83, 86, 91, 72, 94, 99, 102, 85, 87, 107, 160, 110, 115, 200, 88, 80, 93, 173, 95, 118, 101, 181, 103, 96, 109, 189, 111, 117, 197, 119, 104, 112, 120]
------------------------------------------
