 
------------------------------------------
CANTIDAD DE EJECUCIONES: 100
HEURÍSTICA DE CONSTRUCCIÓN: HeuristicType.Sweep
COSTO TOTAL: 2157.82
TOTAL DE RUTAS: 5
TIEMPO DE EJECUCIÓN: 0.8996162414550781 milisegundos
 
R1[24, 34, 60, 46, 25, 31, 39, 20, 4, 6, 13]
R2[66, 37, 30, 48, 12, 56, 68, 15, 40, 53, 54, 49, 3]
R3[33, 35, 14, 69, 28, 61, 67, 23, 71, 27, 18, 42, 58, 51]
R4[59, 72, 21, 43, 5, 2, 47, 52, 55, 36, 11, 10]
R5[29, 45, 65, 19, 26, 62, 17, 16, 50, 63, 73, 74, 7, 64, 8]
------------------------------------------
