 
------------------------------------------
CANTIDAD DE EJECUCIONES: 100
HEURÍSTICA DE CONSTRUCCIÓN: HeuristicType.Sweep
COSTO TOTAL: 2124.53
TOTAL DE RUTAS: 5
TIEMPO DE EJECUCIÓN: 0.8706421852111816 milisegundos
 
R1[27, 74, 55, 71, 23, 12, 28, 6, 13, 38, 60, 21, 54, 34, 10]
R2[22, 42, 46, 53, 18, 58, 17, 26, 29, 69, 32, 51, 64]
R3[4, 24, 75, 56, 7, 35, 59, 39, 67, 62, 48]
R4[20, 25, 57, 52, 47, 8, 65, 66, 43, 68, 5, 2]
R5[33, 14, 40, 73, 11, 41, 63, 3, 1, 61, 44, 19]
------------------------------------------
