 
------------------------------------------
HEURÍSTICA DE CONSTRUCCIÓN: KilbyAlgorithm
COSTO TOTAL: 1255.94
TOTAL DE RUTAS: 9
TIEMPO DE EJECUCIÓN: 5.420744895935059
 
R1[3, 17, 51, 44, 40, 12, 32, 9, 49, 24, 50, 72, 39, 72]
R2[1, 23, 42, 41, 56, 33, 73, 62, 63, 16, 43, 28, 22, 61, 25]
R3[7, 26, 53, 58, 38, 10, 11, 65, 66, 31, 55]
R4[2, 68, 64, 70, 60]
R5[4]
R6[13, 37, 15, 74, 47, 27, 30, 48, 45, 29, 5, 21, 57, 36, 69, 71]
R7[6]
R8[8, 67, 46, 34, 52, 35, 59, 14, 54, 19, 54]
R9[75]
------------------------------------------
