 
------------------------------------------
HEURÍSTICA DE CONSTRUCCIÓN: CMT
COSTO TOTAL: 17970.19
TOTAL DE RUTAS: 5
 
R1[267, 225, 235, 205, 227, 222, 207, 256, 219, 211, 203, 246, 276, 247, 268, 253, 277, 228, 269, 236, 214, 204, 244, 202, 252, 260, 241, 249, 250, 274, 273, 257, 265, 258, 266, 275, 251, 259, 243, 242, 220, 245, 210, 201, 212, 261, 248, 206, 218, 233, 234, 226, 209, 217, 255]
R2[145, 165, 195, 187, 179, 171, 186, 237, 190, 153, 163, 173, 168, 164, 180, 196, 27, 121, 123, 125, 11, 213, 126, 133, 13, 221, 182, 154, 199, 191, 137, 156, 37, 132, 224, 19, 148, 229, 29, 140, 122, 131, 139, 155, 129, 130, 147, 200, 192, 189, 197, 181, 184, 176, 166, 162, 35, 232, 240, 170, 169, 194, 178, 193, 161, 172, 188, 185, 177, 138, 183, 175, 167, 174, 198, 146, 124, 216, 21, 127, 141, 208, 128, 149, 16, 134, 157, 3, 24, 135, 239]
R3[86, 92, 102, 110, 100, 94, 95, 87, 82, 83, 90, 99, 91, 98, 107, 89, 106, 81, 108, 118, 80, 77, 72, 79, 64, 116, 85, 84, 113, 56, 61, 67, 59, 55, 63, 48, 75, 53, 71, 143, 159, 97, 144, 151, 114, 152, 160, 136, 115, 93, 101, 109, 117, 88, 96, 104, 112, 120, 119, 111, 103, 69, 105, 158, 142, 150, 45, 40, 51, 47, 43, 46, 42, 54, 32, 44, 62, 50, 58, 52, 78, 41, 70, 360, 66, 60, 49, 74]
R4[291, 271, 305, 297, 263, 57, 215, 270, 313, 278, 300, 330, 338, 331, 347, 26, 282, 23, 238, 30, 280, 298, 304, 312, 34, 223, 294, 302, 319, 355, 324, 328, 336, 344, 352, 351, 359, 342, 334, 348, 356, 340, 350, 358, 335, 325, 343, 327, 322, 318, 254, 262, 310, 332, 326, 68, 76, 357, 323, 316, 279, 303, 346, 353, 321, 333, 341, 349, 65, 311, 354, 329, 339, 73, 39, 286, 314, 295, 284, 320, 272, 281, 289, 231, 264, 292, 308, 345, 337, 38, 230, 31, 287, 306, 296, 288, 290, 285, 33, 18, 315, 22, 8, 15, 25, 307]
R5[1, 28, 36, 317, 309, 301, 293, 283, 299, 17, 14, 20, 12, 9, 10, 6, 7, 5, 4, 2]
------------------------------------------
