150.0 100.0 199 17 9
   0      35.0    35.0      0.0    0
   1     41.0    49.0    10.0     1
   2     35.0    17.0     7.0     1
   3     55.0    45.0    13.0     1
   4     55.0    20.0    19.0     1
   5     15.0    30.0    26.0     1
   6     25.0    30.0     3.0     1
   7     20.0    50.0     5.0     1
   8     10.0    43.0     9.0     1
   9     55.0    60.0    16.0     1
  10     30.0    60.0    16.0     1
  11     20.0    65.0    12.0     1
  12     50.0    35.0    19.0     1
  13     30.0    25.0    23.0     0
  14     15.0    10.0    20.0     0
  15     30.0     5.0     8.0     0
  16     10.0    20.0    19.0     1
  17      5.0    30.0     2.0     0
  18     20.0    40.0    12.0     0
  19     15.0    60.0    17.0     1
  20     45.0    65.0     9.0     1
  21     45.0    20.0    11.0     1
  22     45.0    10.0    18.0     1
  23     55.0     5.0    29.0     0
  24     65.0    35.0     3.0     1
  25     65.0    20.0     6.0     0
  26     45.0    30.0    17.0     0
  27     35.0    40.0    16.0     1
  28     41.0    37.0    16.0     0
  29     64.0    42.0     9.0     1
  30     40.0    60.0    21.0     0
  31     31.0    52.0    27.0     1
  32     35.0    69.0    23.0     1
  33     53.0    52.0    11.0     1
  34     65.0    55.0    14.0     0
  35     63.0    65.0     8.0     1
  36      2.0    60.0     5.0     0
  37     20.0    20.0     8.0     1
  38      5.0     5.0    16.0     1
  39     60.0    12.0    31.0     1
  40     40.0    25.0     9.0     1
  41     42.0     7.0     5.0     0
  42     24.0    12.0     5.0     1
  43     23.0     3.0     7.0     0
  44     11.0    14.0    18.0     1
  45      6.0    38.0    16.0     1
  46      2.0    48.0     1.0     0
  47      8.0    56.0    27.0     1
  48     13.0    52.0    36.0     0
  49      6.0    68.0    30.0     0
  50     47.0    47.0    13.0     1
  51     49.0    58.0    10.0     0
  52     27.0    43.0     9.0     0
  53     37.0    31.0    14.0     1
  54     57.0    29.0    18.0     1
  55     63.0    23.0     2.0     1
  56     53.0    12.0     6.0     1
  57     32.0    12.0     7.0     0
  58     36.0    26.0    18.0     1
  59     21.0    24.0    28.0     1
  60     17.0    34.0     3.0     1
  61     12.0    24.0    13.0     0
  62     24.0    58.0    19.0     1
  63     27.0    69.0    10.0     1
  64     15.0    77.0     9.0     0
  65     62.0    77.0    20.0     0
  66     49.0    73.0    25.0     0
  67     67.0     5.0    25.0     0
  68     56.0    39.0    36.0     1
  69     37.0    47.0     6.0     1
  70     37.0    56.0     5.0     0
  71     57.0    68.0    15.0     0
  72     47.0    16.0    25.0     1
  73     44.0    17.0     9.0     1
  74     46.0    13.0     8.0     1
  75     49.0    11.0    18.0     1
  76     49.0    42.0    13.0     1
  77     53.0    43.0    14.0     1
  78     61.0    52.0     3.0     0
  79     57.0    48.0    23.0     1
  80     56.0    37.0     6.0     1
  81     55.0    54.0    26.0     1
  82     15.0    47.0    16.0     0
  83     14.0    37.0    11.0     1
  84     11.0    31.0     7.0     1
  85     16.0    22.0    41.0     1
  86      4.0    18.0    35.0     0
  87     28.0    18.0    26.0     0
  88     26.0    52.0     9.0     1
  89     26.0    35.0    15.0     1
  90     31.0    67.0     3.0     0
  91     15.0    19.0     1.0     1
  92     22.0    22.0     2.0     1
  93     18.0    24.0    22.0     1
  94     26.0    27.0    27.0     1
  95     25.0    24.0    20.0     1
  96     22.0    27.0    11.0     1
  97     25.0    21.0    12.0     1
  98     19.0    21.0    10.0     1
  99     20.0    26.0     9.0     1
 100     18.0    18.0    17.0     1
 101     37.0    52.0     7.0     1
 102     49.0    49.0    30.0     1
 103     52.0    64.0    16.0     1
 104     20.0    26.0     9.0     1
 105     40.0    30.0    21.0     1
 106     21.0    47.0    15.0     1
 107     17.0    63.0    19.0     1
 108     31.0    62.0    23.0     1
 109     52.0    33.0    11.0     1
 110     51.0    21.0     5.0     1
 111     42.0    41.0    19.0     0
 112     31.0    32.0    29.0     1
 113      5.0    25.0    23.0     0
 114     12.0    42.0    21.0     1
 115     36.0    16.0    10.0     1
 116     52.0    41.0    15.0     1
 117     27.0    23.0     3.0     1
 118     17.0    33.0    41.0     1
 119     13.0    13.0     9.0     1
 120     57.0    58.0    28.0     1
 121     62.0    42.0     8.0     1
 122     42.0    57.0     8.0     0
 123     16.0    57.0    16.0     1
 124      8.0    52.0    10.0     0
 125      7.0    38.0    28.0     1
 126     27.0    68.0     7.0     1
 127     30.0    48.0    15.0     1
 128     43.0    67.0    14.0     1
 129     58.0    48.0     6.0     1
 130     58.0    27.0    19.0     1
 131     37.0    69.0    11.0     1
 132     38.0    46.0    12.0     1
 133     46.0    10.0    23.0     1
 134     61.0    33.0    26.0     1
 135     62.0    63.0    17.0     1
 136     63.0    69.0     6.0     0
 137     32.0    22.0     9.0     0
 138     45.0    35.0    15.0     1
 139     59.0    15.0    14.0     1
 140      5.0     6.0     7.0     1
 141     10.0    17.0    27.0     1
 142     21.0    10.0    13.0     0
 143      5.0    64.0    11.0     0
 144     30.0    15.0    16.0     0
 145     39.0    10.0    10.0     0
 146     32.0    39.0     5.0     1
 147     25.0    32.0    25.0     1
 148     25.0    55.0    17.0     1
 149     48.0    28.0    18.0     1
 150     56.0    37.0    10.0     1
 151     22.0    22.0    18.0     1
 152     36.0    26.0    26.0     1
 153     21.0    45.0    11.0     1
 154     45.0    35.0    30.0     1
 155     55.0    20.0    21.0     1
 156     33.0    34.0    19.0     1
 157     50.0    50.0    15.0     1
 158     55.0    45.0    16.0     1
 159     26.0    59.0    29.0     1
 160     40.0    66.0    26.0     1
 161     55.0    65.0    37.0     1
 162     35.0    51.0    16.0     1
 163     62.0    35.0    12.0     1
 164     62.0    57.0    31.0     0
 165     62.0    24.0     8.0     1
 166     21.0    36.0    19.0     0
 167     33.0    44.0    20.0     0
 168      9.0    56.0    13.0     1
 169     62.0    48.0    15.0     0
 170     66.0    14.0    22.0     0
 171     44.0    13.0    28.0     1
 172     26.0    13.0    12.0     1
 173     11.0    28.0     6.0     1
 174      7.0    43.0    27.0     1
 175     17.0    64.0    14.0     1
 176     41.0    46.0    18.0     1
 177     55.0    34.0    17.0     1
 178     35.0    16.0    29.0     1
 179     52.0    26.0    13.0     0
 180     43.0    26.0    22.0     1
 181     31.0    76.0    25.0     0
 182     22.0    53.0    28.0     0
 183     26.0    29.0    27.0     1
 184     50.0    40.0    19.0     1
 185     55.0    50.0    10.0     1
 186     54.0    10.0    12.0     1
 187     60.0    15.0    14.0     1
 188     47.0    66.0    24.0     1
 189     30.0    60.0    16.0     1
 190     30.0    50.0    33.0     1
 191     12.0    17.0    15.0     1
 192     15.0    14.0    11.0     1
 193     16.0    19.0    18.0     1
 194     21.0    48.0    17.0     1
 195     50.0    30.0    21.0     1
 196     51.0    42.0    27.0     1
 197     50.0    15.0    19.0     1
 198     48.0    21.0    20.0     1
 199     12.0    38.0     5.0     1
 EOF