150.0 100.0 100 10 5
   0     40.0    50.0      0.0     0 
   1     45.0    68.0    10.0     1
   2     45.0    70.0    30.0     1
   3     42.0    66.0    10.0     1
   4     42.0    68.0    10.0     1
   5     42.0    65.0    10.0     1
   6     40.0    69.0    20.0     0
   7     40.0    66.0    20.0     1
   8     38.0    68.0    20.0     1
   9     38.0    70.0    10.0     1
  10     35.0    66.0    10.0     0
  11     35.0    69.0    10.0     0
  12     25.0    85.0    20.0     0
  13     22.0    75.0    30.0     0
  14     22.0    85.0    10.0     1
  15     20.0    80.0    40.0     0
  16     20.0    85.0    40.0     1
  17     18.0    75.0    20.0     0
  18     15.0    75.0    20.0     0
  19     15.0    80.0    10.0     0
  20     30.0    50.0    10.0     1
  21     30.0    52.0    20.0     1
  22     28.0    52.0    20.0     1
  23     28.0    55.0    10.0     0
  24     25.0    50.0    10.0     1
  25     25.0    52.0    40.0     1
  26     23.0    55.0    10.0     1
  27     23.0    52.0    10.0     1
  28     23.0    55.0    20.0     1
  29     20.0    50.0    10.0     0
  30     20.0    55.0    10.0     0
  31     10.0    35.0    20.0     0
  32     10.0    40.0    30.0     1
  33      8.0    40.0    40.0     1
  34      8.0    45.0    20.0     0
  35      5.0    35.0    10.0     0
  36      5.0    45.0    10.0     0
  37      2.0    40.0    20.0     1
  38      0.0    40.0    30.0     1
  39      0.0    45.0    20.0     0
  40     35.0    30.0    10.0     1
  41     35.0    32.0    10.0     1
  42     33.0    32.0    20.0     1
  43     33.0    35.0    10.0     0
  44     32.0    30.0    10.0     1
  45     30.0    30.0    10.0     1
  46     30.0    32.0    30.0     1
  47     30.0    35.0    10.0     1
  48     28.0    30.0    10.0     1
  49     28.0    35.0    10.0     1
  50     26.0    32.0    10.0     0
  51     25.0    30.0    10.0     0
  52     25.0    35.0    10.0     0
  53     44.0     5.0    20.0     0
  54     42.0    10.0    40.0     0
  55     42.0    15.0    10.0     1
  56     40.0     5.0    30.0     1
  57     40.0    15.0    40.0     1
  58     38.0     5.0    30.0     1
  59     38.0    15.0    10.0     1
  60     35.0     5.0    20.0     0
  61     50.0    30.0    10.0     1
  62     50.0    35.0    20.0     0
  63     50.0    40.0    50.0     1
  64     48.0    30.0    10.0     1
  65     48.0    40.0    10.0     1
  66     47.0    35.0    10.0     1
  67     47.0    40.0    10.0     1
  68     45.0    30.0    10.0     0
  69     45.0    35.0    10.0     1
  70     95.0    30.0    30.0     0
  71     95.0    35.0    20.0     0
  72     53.0    30.0    10.0     0
  73     92.0    30.0    10.0     0
  74     53.0    35.0    50.0     0
  75     45.0    65.0    20.0     0
  76     90.0    35.0    10.0     1
  77     88.0    30.0    10.0     1
  78     88.0    35.0    20.0     1
  79     87.0    30.0    10.0     1
  80     85.0    25.0    10.0     0
  81     85.0    35.0    30.0     0
  82     75.0    55.0    20.0     0
  83     72.0    55.0    10.0     0
  84     70.0    58.0    20.0     0
  85     68.0    60.0    30.0     0
  86     66.0    55.0    10.0     1
  87     65.0    55.0    20.0     1
  88     65.0    60.0    30.0     0
  89     63.0    58.0    10.0     0
  90     60.0    55.0    10.0     0
  91     60.0    60.0    10.0     0
  92     67.0    85.0    20.0     1
  93     65.0    85.0    40.0     0
  94     65.0    82.0    10.0     0
  95     62.0    80.0    30.0     0
  96     60.0    80.0    10.0     0
  97     60.0    85.0    30.0     0
  98     58.0    75.0    20.0     0
  99     55.0    80.0    10.0     0
 100     55.0    85.0    20.0     0
 EOF