 
------------------------------------------
HEURÍSTICA DE CONSTRUCCIÓN: RandomMethod
COSTO TOTAL: 6586.16
TOTAL DE RUTAS: 22
TIEMPO DE EJECUCIÓN: 0.12196683883666992
 
R1[187, 7, 182, 179, 46, 196, 75, 37, 199, 12, 13]
R2[110, 165, 40, 97, 51, 169, 17, 88, 197, 47, 144, 23]
R3[159, 133, 170, 154, 116, 76]
R4[155, 32, 180, 93, 50, 138, 41, 141, 48]
R5[105, 21, 78, 15, 173, 150, 18, 164, 70, 2, 190, 49, 143]
R6[31, 136, 177, 163, 42, 117, 82, 57, 137, 67, 130, 111, 90]
R7[126, 131, 45, 195, 86, 61, 125, 109, 60]
R8[84, 129, 27, 10, 20, 11, 1, 71, 102, 192]
R9[188, 39, 156, 73, 89, 22, 183]
R10[198, 43, 36, 72, 83, 160, 174]
R11[118, 16, 153, 115, 106, 28, 25, 121, 91]
R12[112, 3, 33, 191, 34, 176, 162, 146, 56, 107]
R13[119, 81, 122, 175, 139, 152, 194, 181]
R14[172, 171, 4, 55, 120, 124, 127, 157]
R15[79, 6, 30, 193, 98, 178, 104, 158, 65]
R16[58, 96, 108, 128, 8, 94, 63, 19, 80, 29]
R17[44, 100, 123, 148, 186, 35, 103, 114, 87]
R18[161, 140, 64, 77, 62, 185, 134, 147]
R19[9, 74, 26, 113, 168, 135, 66, 99, 142, 167]
R20[54, 184, 145, 166, 101, 85, 5, 52]
R21[149, 59, 68, 53, 151, 95, 189]
R22[92, 24, 69, 132, 38, 14]
------------------------------------------
