 
------------------------------------------
HEURÍSTICA DE CONSTRUCCIÓN: NearestNeighborWithRLC
COSTO TOTAL: 6195.57
TOTAL DE RUTAS: 21
TIEMPO DE EJECUCIÓN: 5.178283452987671
 
R1[183, 180, 196, 195, 176, 198]
R2[190, 167, 166, 156, 154, 152]
R3[149, 147, 146, 138, 194, 137, 2, 184, 199, 132, 193]
R4[127, 117, 182, 179, 112, 111, 105, 95]
R5[3, 178, 177, 94, 172, 162, 153]
R6[171, 89, 158, 151, 157, 118, 69]
R7[116, 115, 150, 109, 106, 148, 144, 104, 102, 101]
R8[58, 99, 97, 130, 122, 114, 110, 96, 53, 52, 40]
R9[93, 92, 88, 28, 100, 27, 87, 98]
R10[85, 84, 83, 77, 76, 26, 13, 82, 80]
R11[74, 60, 73, 59, 50, 31, 12, 21, 72, 6, 18]
R12[1, 5, 197, 70, 189, 185, 7, 192, 173, 191]
R13[159, 68, 57, 54, 155, 145, 186, 37]
R14[174, 33, 134, 169, 4, 165, 163, 160, 142]
R15[10, 91, 141, 188, 139, 133, 129, 125, 124]
R16[79, 62, 123, 61, 42, 30, 8, 187, 121, 168]
R17[128, 119, 113, 120, 81, 108, 78, 107, 90]
R18[56, 75, 9, 48, 45, 51, 44, 41, 55, 24, 29, 20, 17]
R19[22, 19, 15, 16, 14, 175, 164, 11, 126]
R20[103, 131, 25, 39, 63, 47, 32, 46, 43, 86, 23, 170, 181]
R21[34, 36, 161, 135, 143, 38, 140, 35, 64, 66, 136, 67, 65, 49, 71]
------------------------------------------
