 
------------------------------------------
HEURÍSTICA DE CONSTRUCCIÓN: NearestNeighborWithRLC
COSTO TOTAL: 6146.3
TOTAL DE RUTAS: 22
TIEMPO DE EJECUCIÓN: 4.858772039413452
 
R1[198, 196, 2, 195, 183, 180, 176, 199]
R2[194, 193, 190, 184, 3, 179, 178, 182, 167]
R3[177, 166, 172, 162, 171, 156, 1]
R4[154, 158, 157, 147, 146, 152, 138]
R5[112, 151, 149, 153, 111, 105, 150, 89]
R6[148, 58, 53, 28, 144, 132, 127, 118]
R7[117, 27, 6, 5, 116, 137, 197, 115, 130, 109, 122]
R8[106, 104, 114, 102, 110, 189, 99, 97, 96, 101]
R9[100, 185, 98, 94, 95, 92, 88, 173, 93, 87]
R10[85, 159, 155, 145, 134, 91, 84, 83, 82]
R11[77, 76, 80, 79, 4, 73, 74, 72, 192, 70, 7]
R12[191, 186, 68, 69, 60, 62, 174, 169, 61, 57]
R13[165, 163, 54, 59, 50, 160, 142, 52, 42]
R14[141, 37, 139, 133, 33, 40, 31, 129, 26]
R15[125, 21, 18, 13, 124, 12, 10, 30]
R16[123, 188, 8, 187, 120, 121, 113, 119, 168]
R17[128, 81, 78, 9, 75, 56, 108, 51, 48]
R18[107, 90, 55, 45, 41, 29, 44, 24, 22, 16, 17, 15, 14]
R19[19, 175, 164, 131, 20, 126, 25, 103, 39]
R20[11, 86, 32, 170, 63, 161, 46, 43, 34]
R21[47, 181, 35, 135, 143, 140, 36, 38, 23, 64, 71, 66, 67, 136, 65]
R22[49]
------------------------------------------
