 
------------------------------------------
HEURÍSTICA DE CONSTRUCCIÓN: NearestNeighborWithRLC
COSTO TOTAL: 6173.66
TOTAL DE RUTAS: 22
TIEMPO DE EJECUCIÓN: 5.015001058578491
 
R1[198, 196, 195, 194, 2, 183, 199]
R2[190, 180, 184, 182, 193, 179]
R3[178, 177, 1, 176, 172, 166, 167, 162]
R4[156, 171, 157, 158, 153, 152, 151, 3]
R5[147, 146, 149, 154, 150, 112, 138, 111]
R6[105, 89, 148, 58, 137, 144, 53, 132, 130, 28]
R7[118, 127, 117, 27, 116, 122, 6, 115, 5, 109]
R8[106, 114, 110, 102, 197, 101, 104, 99, 100, 189]
R9[185, 98, 97, 95, 94, 96, 93, 88, 173, 92, 87]
R10[85, 84, 83, 159, 80, 82, 155, 145]
R11[76, 77, 74, 70, 69, 60, 73, 59, 134, 72, 52]
R12[50, 68, 40, 31, 26, 21, 18, 91, 13]
R13[12, 57, 54, 79, 37, 7, 62, 33, 192, 191, 61]
R14[186, 42, 30, 4, 8, 10, 169, 174, 163, 165, 142]
R15[141, 188, 139, 133, 187, 129, 125]
R16[160, 168, 128, 123, 124, 120, 119, 113]
R17[108, 9, 81, 78, 75, 56, 121, 51, 107, 55, 48]
R18[45, 41, 29, 24, 90, 16, 22, 15, 44, 14, 17, 19]
R19[175, 164, 20, 131, 126, 103, 11, 86]
R20[39, 25, 32, 47, 170, 46, 43]
R21[161, 34, 181, 63, 135, 71, 66, 23, 143]
R22[35, 140, 36, 136, 67, 49, 65, 64, 38]
------------------------------------------
