 
------------------------------------------
HEURÍSTICA DE CONSTRUCCIÓN: RandomMethod
COSTO TOTAL: 6362.7
TOTAL DE RUTAS: 22
TIEMPO DE EJECUCIÓN: 0.11912965774536133
 
R1[11, 136, 87, 3, 81, 79, 104, 13, 129, 164]
R2[32, 102, 182, 118, 194]
R3[9, 161, 58, 169, 71, 1, 156, 181]
R4[117, 66, 105, 45, 142, 172, 54, 17, 108, 158]
R5[125, 19, 138, 80, 119, 6, 18, 134, 196, 179, 113]
R6[162, 56, 44, 93, 48, 86]
R7[183, 57, 190, 127, 36, 64, 14, 141]
R8[157, 152, 198, 197, 12, 133, 98, 84, 52]
R9[173, 16, 168, 124, 47, 77, 67, 171]
R10[155, 115, 73, 191, 165, 60, 41, 23, 96, 55, 106]
R11[39, 4, 186, 91, 189, 128, 75, 49]
R12[180, 85, 59, 192, 29, 94]
R13[151, 30, 101, 88, 70, 132, 131, 166, 50, 122, 175, 24, 137, 170]
R14[174, 154, 150, 193, 130, 74, 187, 2, 126]
R15[114, 65, 89, 167, 35, 111, 116, 147]
R16[109, 34, 82, 143, 176, 31, 146, 107, 69, 10, 90]
R17[40, 144, 62, 199, 163, 145, 42, 5, 177, 139, 78, 8, 28]
R18[99, 76, 160, 61, 7, 188, 185, 83, 46, 26, 20, 97]
R19[135, 95, 63, 43, 178, 92, 15, 110, 112, 33]
R20[100, 153, 121, 51, 159, 38, 195, 140, 103]
R21[68, 148, 22, 21, 72, 184, 25, 149]
R22[53, 37, 120, 27, 123]
------------------------------------------
