 
------------------------------------------
HEURÍSTICA DE CONSTRUCCIÓN: NearestNeighborWithRLC
COSTO TOTAL: 6174.89
TOTAL DE RUTAS: 22
TIEMPO DE EJECUCIÓN: 5.085357189178467
 
R1[183, 180, 176, 167, 196, 195]
R2[190, 184, 1, 199, 166, 198, 194, 162]
R3[193, 182, 156, 3, 178, 177, 2]
R4[154, 152, 153, 151, 149, 179, 147]
R5[172, 171, 158, 157, 138, 112, 150, 146, 137]
R6[132, 148, 127, 144, 130, 111, 118, 117]
R7[116, 105, 89, 115, 58, 53, 122, 114, 109, 110, 104]
R8[106, 28, 101, 102, 27, 6, 99, 100, 97]
R9[5, 96, 197, 98, 95, 189, 185, 93]
R10[94, 88, 87, 92, 173, 83, 159]
R11[85, 84, 80, 82, 76, 77, 74, 155, 145]
R12[134, 91, 70, 73, 79, 69, 72, 60, 68]
R13[59, 57, 52, 62, 61, 4, 54, 50, 42, 7, 192]
R14[40, 37, 33, 191, 186, 174, 26, 31, 30, 169]
R15[165, 21, 18, 12, 163, 10, 160, 142, 13]
R16[141, 139, 133, 129, 8, 125, 123, 124, 121, 119, 113]
R17[188, 108, 120, 78, 81, 187, 168, 75]
R18[128, 55, 56, 107, 90, 48, 45, 44, 51, 41, 9]
R19[22, 16, 24, 29, 17, 15, 14, 20, 11, 19, 25, 126, 103, 164]
R20[131, 39, 86, 63, 47, 46, 175, 43, 34, 170]
R21[32, 161, 135, 71, 66, 181, 36, 143]
R22[140, 23, 67, 49, 136, 64, 65, 38, 35]
------------------------------------------
