 
------------------------------------------
HEURÍSTICA DE CONSTRUCCIÓN: NearestNeighborWithRLC
COSTO TOTAL: 6184.58
TOTAL DE RUTAS: 22
TIEMPO DE EJECUCIÓN: 4.973052740097046
 
R1[196, 195, 190, 198, 183, 194]
R2[184, 1, 182, 2, 199, 193, 179, 178, 177]
R3[176, 3, 156, 154, 180, 167, 166]
R4[152, 172, 162, 147, 171, 158, 153, 157]
R5[151, 149, 146, 112, 111, 138, 105, 137, 89]
R6[150, 132, 58, 148, 144, 53, 127, 118, 28]
R7[130, 122, 117, 27, 6, 115, 116, 5, 197, 109]
R8[114, 189, 106, 104, 102, 185, 101, 173, 99, 97]
R9[159, 155, 96, 145, 110, 134, 4, 192]
R10[95, 94, 93, 92, 191, 100, 98, 88, 87]
R11[83, 186, 80, 91, 85, 77, 84, 76, 82, 73]
R12[79, 174, 70, 169, 69, 60, 74, 59, 72]
R13[68, 165, 62, 61, 57, 52, 54, 7, 163, 50]
R14[160, 40, 142, 37, 42, 141, 33, 31, 139]
R15[133, 129, 30, 26, 125, 18, 13, 12]
R16[10, 124, 21, 188, 187, 123, 121, 120, 168]
R17[128, 9, 8, 113, 81, 108, 75, 56, 51, 78, 55]
R18[119, 107, 48, 90, 45, 44, 24, 41, 22, 20, 17]
R19[16, 15, 14, 175, 19, 29, 164, 11, 25]
R20[32, 126, 131, 170, 161, 103, 63, 86, 46, 43]
R21[39, 135, 71, 34, 47, 181, 35, 23, 143, 66, 36, 49]
R22[140, 38, 64, 136, 65, 67]
------------------------------------------
