 
------------------------------------------
HEURÍSTICA DE CONSTRUCCIÓN: Sweep
COSTO TOTAL: 6713.03
TOTAL DE RUTAS: 23
TIEMPO DE EJECUCIÓN: 12.69749140739441
 
R1[161, 84, 41, 89, 133, 186, 185, 181]
R2[151, 175, 3, 180, 73, 109, 45, 124, 97, 195]
R3[149, 48, 14, 59, 46, 114, 113]
R4[132, 141, 8, 138, 169, 112, 22, 23]
R5[178, 64, 55, 28, 11, 120, 130, 127, 40, 111]
R6[140, 39, 98, 1, 62, 160, 66, 27]
R7[31, 71, 123, 176, 159, 155, 24]
R8[47, 139, 30, 157, 21, 43, 25, 182, 42, 53]
R9[131, 65, 104, 18, 19, 86, 191, 96]
R10[81, 148, 5, 170, 38, 69, 154]
R11[108, 33, 171, 58, 93, 49, 145]
R12[9, 135, 162, 83, 57, 167, 74, 72, 7, 192]
R13[116, 117, 102, 82, 183, 118, 78]
R14[54, 35, 79, 90, 52, 51, 125, 10, 105, 137]
R15[163, 37, 168, 144, 16, 6, 122, 189, 70, 199, 107, 4, 91]
R16[196, 126, 179, 2, 29, 94, 44, 172, 95]
R17[158, 87, 67, 129, 128, 100, 150, 20, 174]
R18[60, 121, 115, 110, 136, 177, 12, 80, 119, 17, 197, 190, 34]
R19[92, 146, 76, 85, 194, 75, 32, 63]
R20[152, 99, 101, 143, 50, 153, 173, 77, 166, 187, 103]
R21[198, 26, 36, 61, 56, 164, 68, 88]
R22[184, 142, 193, 147, 106, 165, 156, 188, 15, 13]
R23[134]
------------------------------------------
