 
------------------------------------------
HEURÍSTICA DE CONSTRUCCIÓN: CMT
COSTO TOTAL: 2089.28
TOTAL DE RUTAS: 23
TIEMPO DE EJECUCIÓN: 12.908605575561523
 
R1[148, 159, 189, 10, 189, 10, 62, 127]
R2[23, 67]
R3[71, 136, 65, 35, 161, 135]
R4[66, 181, 90, 32, 131, 160, 32, 32, 131]
R5[9, 103, 20, 188, 51, 120, 51, 33, 70, 122]
R6[78, 34, 164, 34, 169, 121, 129, 79, 185, 81, 24]
R7[168, 47, 124, 11, 175, 19, 49, 49, 143, 36, 49]
R8[74, 22, 133, 22, 75, 56, 72, 197, 75, 73, 110]
R9[28, 154, 138, 40, 105, 53, 58, 152]
R10[142, 42, 144, 172, 144, 15, 57, 144, 178, 115, 2, 87]
R11[38, 140, 44, 14, 44, 192, 119, 44]
R12[118, 60, 84, 8, 174, 125, 83, 199, 125, 45, 125]
R13[25, 113, 16, 191, 123, 107, 48, 82]
R14[177, 80, 150, 134, 163, 80, 150, 54, 3]
R15[106, 7, 7, 182, 153, 194, 153, 153, 166]
R16[1, 176, 108, 162, 101, 162, 50, 69, 132, 162]
R17[139, 39, 187, 170, 187, 165, 155, 4, 130]
R18[61, 173, 193, 85, 5, 93, 100]
R19[97, 184, 76, 77, 76, 158, 77, 116, 12, 92]
R20[195, 26, 180, 198, 198, 149, 198]
R21[6, 147, 89, 190, 27, 167, 146, 156, 96]
R22[171, 137, 151, 98, 37, 99, 104, 59, 13, 117]
R23[95, 183, 94, 112]
------------------------------------------
