 
------------------------------------------
HEURÍSTICA DE CONSTRUCCIÓN: Sweep
COSTO TOTAL: 6612.54
TOTAL DE RUTAS: 22
TIEMPO DE EJECUCIÓN: 12.520984888076782
 
R1[103, 116, 191, 60, 122, 7, 190, 188, 157]
R2[193, 65, 147, 14, 180, 115, 57, 1]
R3[105, 29, 36, 154, 39, 137, 70, 77, 144]
R4[176, 149, 160, 118, 17, 126, 97, 129, 117]
R5[31, 90, 125, 49, 47, 179, 192]
R6[123, 6, 24, 174, 112, 100, 153, 169, 128, 167, 28, 18]
R7[177, 95, 51, 78, 84, 34, 10, 182, 63, 195, 25]
R8[32, 46, 92, 85, 3, 35, 56, 109, 140, 173, 87, 110]
R9[89, 79, 16, 26, 189, 199, 156]
R10[161, 148, 59, 37, 55, 107, 45]
R11[5, 20, 198, 19, 67, 62, 152]
R12[158, 81, 41, 197, 15, 162, 104, 120, 80, 164]
R13[93, 43, 23, 88, 111, 150, 121, 22, 69, 194]
R14[11, 68, 170, 50, 146, 64, 159, 172, 8, 30, 52, 145]
R15[132, 163, 54, 9, 133, 40, 86, 2, 151]
R16[175, 96, 73, 166, 168, 12, 181, 101, 98, 13]
R17[72, 42, 183, 114, 113, 127, 33, 106]
R18[171, 142, 38, 178, 196, 139, 119, 83]
R19[131, 74, 66, 136, 138, 186, 21, 76, 75, 82, 99, 71]
R20[184, 187, 130, 135, 124, 48, 185]
R21[94, 44, 61, 102, 155, 143, 141]
R22[58, 165, 4, 53, 134, 108, 27, 91]
------------------------------------------
