 
------------------------------------------
HEURÍSTICA DE CONSTRUCCIÓN: NearestNeighborWithRLC
COSTO TOTAL: 6069.34
TOTAL DE RUTAS: 22
TIEMPO DE EJECUCIÓN: 5.068788766860962
 
R1[183, 198, 2, 180, 199, 3, 176, 196]
R2[195, 194, 167, 193, 184, 179, 190, 166]
R3[156, 154, 152, 178, 177, 149]
R4[162, 147, 153, 182, 151, 146, 1, 112]
R5[172, 111, 171, 105, 89, 138, 137, 158]
R6[58, 53, 132, 127, 118, 117, 28, 116, 27]
R7[6, 115, 109, 157, 106, 144, 5, 104, 102, 101]
R8[99, 97, 96, 197, 150, 95, 94, 93, 92, 189]
R9[88, 185, 173, 159, 148, 155, 130, 87, 122]
R10[83, 145, 134, 4, 80, 192, 77, 191, 186, 114, 110]
R11[174, 76, 169, 73, 165, 70, 100, 98, 91, 163, 69, 160]
R12[85, 60, 59, 84, 142, 52, 141, 82]
R13[50, 79, 74, 139, 133, 129, 125, 124, 40]
R14[72, 123, 121, 120, 68, 119, 31, 113]
R15[108, 81, 26, 21, 78, 62, 61, 57, 75]
R16[54, 18, 42, 13, 37, 56, 12, 55, 33, 51, 30]
R17[10, 48, 8, 7, 188, 45, 44, 41, 29]
R18[22, 24, 187, 20, 168, 16, 128, 15, 107, 14, 17]
R19[9, 175, 90, 11, 25, 19, 164, 131, 126, 86]
R20[63, 47, 46, 43, 32, 39, 170]
R21[161, 103, 23, 135, 71, 34, 66, 181]
R22[35, 38, 49, 64, 143, 36, 67, 140, 65, 136]
------------------------------------------
