 
------------------------------------------
HEURÍSTICA DE CONSTRUCCIÓN: RandomMethod
COSTO TOTAL: 6658.23
TOTAL DE RUTAS: 22
TIEMPO DE EJECUCIÓN: 0.11805081367492676
 
R1[73, 90, 130, 133, 127, 41, 103, 163, 158, 12, 88]
R2[96, 56, 134, 182, 6, 187, 25, 169, 190, 82, 166, 86]
R3[161, 153, 197, 159, 180, 155]
R4[89, 63, 136, 184, 2, 172, 24, 21, 191, 13, 8, 138]
R5[140, 43, 60, 46, 59, 186, 4, 118, 19]
R6[156, 179, 146, 121, 165, 16, 170, 77, 22]
R7[141, 40, 112, 160, 145, 109, 150, 29, 54]
R8[152, 93, 99, 195, 14, 34, 126, 75]
R9[10, 101, 119, 70, 174, 20, 69, 92, 66, 143, 44]
R10[189, 122, 137, 79, 105, 47, 65, 1, 55]
R11[107, 108, 139, 123, 106, 125, 183, 124]
R12[11, 104, 48, 35, 149, 100, 175, 142, 97, 42]
R13[37, 39, 113, 111, 192, 17, 80, 167, 87]
R14[5, 98, 178, 157, 181, 151, 49]
R15[173, 194, 52, 74, 31, 132, 131, 171, 94, 28]
R16[162, 45, 185, 176, 91, 51, 62, 36, 85]
R17[120, 78, 115, 26, 110, 23, 67, 177, 3]
R18[135, 188, 114, 68, 50, 57, 117, 72]
R19[129, 198, 30, 33, 15, 38, 128, 154, 168, 7]
R20[58, 81, 76, 83, 116, 32, 199, 102, 164]
R21[148, 27, 9, 53, 147, 144, 61, 71, 84, 18, 64]
R22[196, 193, 95]
------------------------------------------
