 
------------------------------------------
HEURÍSTICA DE CONSTRUCCIÓN: MoleJameson
COSTO TOTAL: 1908.55
TOTAL DE RUTAS: 19
TIEMPO DE EJECUCIÓN: 107.05252766609192
 
R1[129, 78, 34, 164, 135, 35, 136, 65, 66, 71, 161, 103, 9, 120]
R2[92, 101, 70, 32, 131, 160, 128, 188, 20, 30, 122]
R3[91, 171, 41, 22, 133, 75, 23, 186, 56, 74, 55]
R4[114, 8, 174, 124, 143, 36, 46, 45, 125, 17, 199, 83, 60]
R5[6, 123, 19, 107, 175, 11, 126, 63, 181, 90, 108]
R6[117, 97, 37, 100, 42, 192, 119, 44, 193, 98, 151, 95]
R7[88, 148, 159, 62, 182, 7, 194, 106, 153]
R8[156, 183, 96, 173, 61, 104, 99, 94, 112]
R9[132, 69, 162, 189, 10, 31, 190, 127, 52]
R10[197, 39, 67, 170, 25, 187, 139, 4]
R11[24, 115, 145, 15, 43, 38, 140, 14, 142, 172, 57, 178, 2]
R12[177, 163, 134, 54, 130, 165, 155, 110, 198]
R13[40, 73, 72, 21, 180, 149, 179, 195, 26, 146]
R14[28, 12, 68, 121, 29, 169, 79, 185, 33, 158, 3, 150, 80, 109, 138, 154]
R15[18, 118, 5, 93, 16, 191, 141, 86, 113, 84, 166]
R16[196, 76, 157, 102, 50, 77, 116, 184]
R17[89, 27, 167, 1, 51, 81, 176, 111, 53]
R18[147, 13, 59, 85, 87, 144, 137, 152, 58, 105]
R19[82, 48, 49, 47, 168, 47]
------------------------------------------
