 
------------------------------------------
HEURÍSTICA DE CONSTRUCCIÓN: NearestNeighborWithRLC
COSTO TOTAL: 6085.13
TOTAL DE RUTAS: 22
TIEMPO DE EJECUCIÓN: 5.069912672042847
 
R1[183, 198, 180, 176, 196, 167]
R2[195, 190, 166, 184, 156, 162, 1, 199]
R3[194, 154, 182, 153, 179, 193, 152]
R4[3, 177, 151, 149, 2, 146, 147, 178]
R5[112, 172, 111, 171, 158, 138, 137, 105]
R6[157, 132, 150, 127, 118, 148, 144, 89]
R7[58, 130, 53, 117, 116, 28, 122, 115, 27, 114, 6, 110]
R8[106, 5, 197, 189, 109, 102, 104, 99, 185]
R9[97, 173, 101, 100, 159, 155, 145, 134, 4]
R10[192, 191, 98, 96, 95, 7, 93, 94, 88, 92, 186]
R11[174, 169, 87, 165, 91, 84, 85, 82]
R12[163, 83, 80, 79, 77, 74, 73, 160, 72, 76, 70]
R13[69, 60, 59, 142, 57, 141, 54, 139, 133, 52]
R14[129, 68, 50, 40, 37, 33, 125, 124, 31]
R15[123, 26, 21, 62, 18, 13, 121, 61, 42]
R16[120, 30, 10, 188, 187, 119, 12, 113]
R17[168, 8, 128, 9, 108, 107, 81, 78, 56, 51]
R18[75, 55, 45, 48, 90, 44, 41, 22, 24, 16, 15]
R19[29, 17, 19, 20, 11, 175, 25, 126, 164, 131, 103, 86]
R20[63, 39, 32, 47, 46, 43, 14, 23, 34, 36]
R21[38, 49, 170, 161, 64, 135, 71, 181, 66]
R22[35, 140, 143, 65, 136, 67]
------------------------------------------
