 
------------------------------------------
HEURÍSTICA DE CONSTRUCCIÓN: NearestNeighborWithRLC
COSTO TOTAL: 6186.75
TOTAL DE RUTAS: 23
TIEMPO DE EJECUCIÓN: 4.903592824935913
 
R1[183, 198, 180, 196, 195, 190]
R2[184, 194, 1, 182, 199, 179, 178, 193]
R3[177, 3, 2, 167, 166, 162, 156, 152]
R4[147, 176, 146, 138, 154, 112, 172]
R5[171, 153, 151, 149, 137, 158, 132, 111]
R6[105, 157, 150, 127, 89, 148, 118, 144]
R7[58, 53, 117, 28, 27, 130, 6, 116, 122, 5, 109]
R8[197, 115, 106, 189, 104, 185, 102, 101, 99, 97, 96]
R9[173, 95, 114, 94, 93, 110, 100, 98]
R10[159, 88, 155, 145, 134, 92, 87, 91, 83]
R11[85, 84, 4, 80, 192, 77, 82, 191, 76]
R12[79, 73, 186, 74, 174, 70, 169, 72, 7, 69, 60, 165]
R13[163, 160, 142, 59, 141, 68]
R14[139, 133, 129, 62, 61, 57, 125, 54, 52, 50]
R15[42, 37, 33, 124, 40, 123, 121, 120, 31, 30]
R16[21, 26, 13, 119, 12, 113, 10, 18, 8]
R17[188, 108, 78, 75, 81, 55, 187, 168, 128]
R18[107, 51, 56, 48, 90, 45, 41, 29, 9, 22]
R19[44, 20, 17, 15, 24, 14, 19, 16, 11, 25, 164]
R20[131, 32, 126, 103, 23, 34, 175, 181, 36]
R21[39, 43, 86, 170, 35, 161, 143]
R22[47, 63, 46, 140, 135, 136, 71, 49, 64, 66, 65]
R23[38, 67]
------------------------------------------
