 
------------------------------------------
HEURÍSTICA DE CONSTRUCCIÓN: CMT
COSTO TOTAL: 2109.47
TOTAL DE RUTAS: 24
TIEMPO DE EJECUCIÓN: 12.509636402130127
 
R1[78, 129, 120, 164, 34, 164, 169, 185, 33]
R2[113, 17, 84, 173, 45, 125, 45, 61, 16]
R3[85, 98, 193, 91, 193, 91, 192, 91, 141]
R4[116, 77, 184, 50, 76, 3, 77, 196, 76]
R5[14, 119, 140, 38, 140, 43, 142, 42, 172, 15, 144]
R6[49, 64, 36, 143, 36, 46, 168, 124]
R7[147, 6, 183, 104, 99, 94, 99, 96, 99, 92]
R8[122, 32, 160, 51, 20, 131, 131, 128, 30, 131]
R9[136, 35, 135, 65, 71, 9, 161]
R10[75, 133, 56, 171, 22, 41, 145, 22, 22, 41]
R11[66, 103, 188]
R12[159, 11, 11, 126, 63, 107, 175, 175, 123, 7]
R13[54, 199, 8, 114, 174, 48, 8, 114, 70]
R14[118, 18, 166, 5, 83, 82, 153]
R15[197, 72, 186, 110, 198, 21, 73, 155, 4]
R16[29, 121, 79, 68, 150, 80, 177, 24, 163, 134]
R17[55, 187, 39, 187, 170, 25, 165, 130, 179, 109]
R18[31, 189, 10, 108, 10, 108, 10, 88, 127]
R19[1, 102, 69, 1, 182, 95, 106, 194, 146]
R20[178, 2, 115, 115, 178, 57, 87, 59, 137]
R21[190, 52, 167, 132]
R22[154, 195, 149, 40, 176, 13, 58]
R23[28, 26, 138, 112, 180, 152, 105]
R24[53, 111, 27, 156]
------------------------------------------
