 
------------------------------------------
HEURÍSTICA DE CONSTRUCCIÓN: RandomMethod
COSTO TOTAL: 6615.58
TOTAL DE RUTAS: 22
TIEMPO DE EJECUCIÓN: 0.14126205444335938
 
R1[180, 105, 130, 118, 112]
R2[141, 117, 149, 47, 111, 179, 6, 165, 5]
R3[107, 81, 135, 9, 17, 110, 60, 159, 145]
R4[85, 102, 57, 59, 20, 173, 122, 16]
R5[156, 14, 167, 178, 157, 25, 197, 158]
R6[114, 119, 144, 48, 49, 91, 79, 21]
R7[19, 24, 129, 184, 33, 54, 58, 140, 93, 191, 182]
R8[40, 170, 64, 78, 42, 106, 97, 41, 26, 63, 18, 150]
R9[32, 66, 52, 195, 125, 153, 83, 151]
R10[120, 51, 74, 34, 146, 164, 29, 139, 71]
R11[62, 185, 4, 22, 194, 188, 168, 199, 115, 84, 113]
R12[108, 1, 76, 126, 101, 82, 127, 131, 70, 7, 192, 88, 46, 2, 8, 13]
R13[12, 27, 186, 38, 121, 138, 166, 142, 104, 65, 92]
R14[103, 30, 68, 133, 75, 56, 100]
R15[10, 95, 172, 109, 89, 90, 69, 162, 36, 43, 196, 28]
R16[94, 181, 11, 73, 44, 183, 134, 80, 169]
R17[189, 174, 87, 53, 23, 198]
R18[39, 132, 3, 116, 163, 175, 45, 99, 67]
R19[152, 160, 72, 77, 155, 123, 98]
R20[147, 136, 61, 161, 35, 128, 187, 15, 124, 55]
R21[190, 176, 137, 154, 193, 177, 37, 143, 86]
R22[50, 171, 96, 31, 148]
------------------------------------------
