 
------------------------------------------
HEURÍSTICA DE CONSTRUCCIÓN: CMT
COSTO TOTAL: 2183.4
TOTAL DE RUTAS: 23
TIEMPO DE EJECUCIÓN: 12.293877601623535
 
R1[11, 175, 19, 107, 126, 63, 90, 126, 63]
R2[105, 26, 40, 180, 53, 58, 152, 58, 146]
R3[119, 14, 119, 192, 191, 141, 91, 16, 193, 173]
R4[22, 145, 41, 171, 21, 115, 73, 73, 73, 74, 133, 74]
R5[95, 94, 13, 117, 97, 87, 97, 137, 13, 172]
R6[196, 77, 184, 80, 150, 68, 116, 80, 121]
R7[160, 188, 20, 131, 66, 66, 128, 66, 33]
R8[153, 7, 106, 194, 106, 194, 194, 106, 114, 199, 6]
R9[135, 34, 35, 136, 35, 65, 71, 161]
R10[139, 139, 39, 187, 67, 170, 186, 55]
R11[113, 86, 61, 140, 38, 43, 142, 100, 42, 98, 17]
R12[70, 81, 185, 79, 129, 78, 129, 169, 129, 122, 29]
R13[143, 56, 75, 155, 4, 165, 25, 165, 165, 163, 134, 46]
R14[159, 62, 189, 10, 189, 31, 88, 101]
R15[1, 32, 120, 9, 30, 50, 176, 132, 69]
R16[93, 85, 151, 37, 151, 104, 99, 96]
R17[54, 130, 177, 179, 195, 179, 109, 12, 158]
R18[49, 168, 47, 36, 47, 124]
R19[198, 72, 178, 76, 83, 48, 162]
R20[138, 154, 111, 28, 27, 167, 190]
R21[8, 174, 125, 45, 125, 5, 84, 60, 52]
R22[118, 183, 166, 112, 147]
R23[89, 156]
------------------------------------------
