 
------------------------------------------
HEURÍSTICA DE CONSTRUCCIÓN: RandomMethod
COSTO TOTAL: 6584.37
TOTAL DE RUTAS: 21
TIEMPO DE EJECUCIÓN: 0.1286470890045166
 
R1[29, 167, 151, 73, 20, 75, 147, 116, 128, 136]
R2[99, 115, 182, 144, 15, 184, 22, 162, 63, 109]
R3[68, 55, 192, 183, 88, 24, 51, 74, 197, 62, 170, 166]
R4[27, 168, 112, 101, 118, 8, 6, 139, 177]
R5[174, 181, 119, 191, 141, 98, 188]
R6[198, 44, 70, 102, 80, 16, 94, 50, 60, 199, 18, 78]
R7[175, 185, 126, 84, 89, 65, 40, 134, 35, 195, 164, 67]
R8[76, 142, 114, 124, 180, 145, 149, 127, 37, 36, 11, 48]
R9[79, 138, 66, 158, 58, 77, 153, 137, 106]
R10[189, 33, 41, 190, 53, 193, 154, 108, 13]
R11[92, 45, 82, 169, 87, 54, 43, 143, 113, 110]
R12[148, 172, 152, 146, 161, 178, 26]
R13[186, 165, 129, 42, 49, 47, 61, 17, 171, 2, 163, 71, 64]
R14[81, 3, 122, 107, 38, 7, 159]
R15[85, 135, 105, 1, 123, 95, 14, 111]
R16[120, 187, 46, 39, 91, 125, 52, 69, 176, 23]
R17[155, 28, 179, 132, 30, 72, 131, 10]
R18[12, 34, 130, 97, 104, 96, 196, 56, 150, 157]
R19[59, 25, 19, 32, 194, 9, 57, 83, 93]
R20[140, 90, 160, 4, 5, 133, 103, 21, 121, 117]
R21[31, 173, 100, 86, 156]
------------------------------------------
