 
------------------------------------------
HEURÍSTICA DE CONSTRUCCIÓN: NearestNeighborWithRLC
COSTO TOTAL: 6308.62
TOTAL DE RUTAS: 21
TIEMPO DE EJECUCIÓN: 5.100581884384155
 
R1[196, 183, 180, 198, 195, 176]
R2[190, 184, 1, 194, 199, 193, 182, 167, 179]
R3[178, 166, 162, 3, 156, 154, 153]
R4[152, 149, 147, 146, 138, 177, 172, 151, 137]
R5[132, 127, 171, 118, 117, 158, 116, 157]
R6[150, 115, 112, 111, 2, 105, 89, 58, 109]
R7[148, 144, 130, 53, 106, 122, 104, 114, 110, 101, 28]
R8[27, 6, 5, 99, 197, 97, 102, 96, 189]
R9[185, 95, 173, 100, 94, 93, 92, 88, 98, 83, 87]
R10[80, 85, 159, 77, 76, 84, 73, 70, 82]
R11[155, 74, 72, 145, 69, 134, 60, 68, 91]
R12[79, 52, 50, 62, 61, 59, 57, 4, 192]
R13[191, 40, 186, 174, 31, 54, 26, 169, 165]
R14[42, 163, 21, 18, 13, 37, 12, 33, 160, 7, 10, 142, 30]
R15[141, 188, 139, 8, 129, 187, 133, 125]
R16[123, 124, 168, 121, 120, 128, 9, 113, 119]
R17[75, 56, 81, 51, 48, 45, 108, 78]
R18[107, 90, 55, 44, 41, 22, 24, 29, 16, 20, 17, 15, 11, 19, 14, 25]
R19[175, 164, 126, 103, 131, 39, 63, 86, 46]
R20[47, 43, 23, 32, 170, 181, 34]
R21[35, 38, 49, 161, 64, 143, 135, 140, 71, 36, 136, 65, 66, 67]
------------------------------------------
