 
------------------------------------------
HEURÍSTICA DE CONSTRUCCIÓN: NearestNeighborWithRLC
COSTO TOTAL: 5970.13
TOTAL DE RUTAS: 22
TIEMPO DE EJECUCIÓN: 5.014219045639038
 
R1[183, 198, 196, 195, 190, 184]
R2[180, 176, 1, 194, 182, 199, 179, 193]
R3[178, 177, 172, 167, 166, 171, 162]
R4[157, 158, 3, 2, 152, 156, 154]
R5[147, 151, 146, 149, 153, 112, 150, 138, 148, 111, 144]
R6[132, 127, 118, 105, 137, 130, 89, 122]
R7[116, 115, 109, 58, 53, 117, 106, 114, 28, 27, 110]
R8[102, 104, 101, 99, 6, 5, 100, 98, 97, 197]
R9[189, 185, 95, 94, 96, 92, 93, 173, 87]
R10[83, 80, 77, 88, 85, 84, 159, 76]
R11[155, 82, 145, 74, 134, 91, 70, 69, 79, 60, 4, 7]
R12[192, 191, 72, 186, 174, 73, 68, 169]
R13[59, 57, 165, 54, 62, 61, 163, 50, 160, 52]
R14[40, 42, 142, 141, 33, 37, 139, 133, 129, 125, 124]
R15[31, 123, 26, 30, 121, 21, 18, 12]
R16[120, 119, 13, 8, 113, 108, 188]
R17[187, 81, 168, 128, 78, 10, 107, 56, 90, 9, 51, 48]
R18[75, 41, 29, 55, 24, 22, 16, 44, 15, 17, 45, 20, 11]
R19[19, 25, 175, 126, 14, 103, 131, 39, 32, 170, 164, 86]
R20[161, 63, 46, 47, 135, 34, 71, 181, 43, 23]
R21[35, 66, 36, 49, 64, 140, 67, 143, 136, 65]
R22[38]
------------------------------------------
