 
------------------------------------------
HEURÍSTICA DE CONSTRUCCIÓN: NearestNeighborWithRLC
COSTO TOTAL: 6241.66
TOTAL DE RUTAS: 22
TIEMPO DE EJECUCIÓN: 4.904132127761841
 
R1[183, 196, 180, 176, 167, 166]
R2[198, 2, 199, 195, 194, 193, 156, 154]
R3[152, 190, 149, 3, 184, 182, 179]
R4[147, 146, 138, 137, 177, 162, 178, 172, 132]
R5[153, 171, 158, 151, 157, 150, 127, 117, 148, 144]
R6[130, 122, 118, 115, 112, 1, 111, 109]
R7[106, 105, 89, 104, 116, 58, 53, 102]
R8[114, 110, 28, 27, 99, 101, 6, 5, 197, 189, 185]
R9[100, 97, 98, 96, 94, 95, 173, 93]
R10[159, 88, 155, 92, 87, 83, 85, 80]
R11[77, 84, 82, 73, 145, 70, 69, 76, 134, 74, 72, 60]
R12[68, 91, 52, 79, 59, 50, 57, 62]
R13[54, 40, 61, 31, 42, 37, 26, 4, 21, 18, 13]
R14[192, 33, 191, 30, 7, 186, 10, 12, 174, 8]
R15[188, 187, 169, 163, 160, 142, 141, 168]
R16[9, 165, 133, 129, 125, 124, 123, 108]
R17[81, 75, 121, 56, 139, 128, 120, 113, 119]
R18[107, 51, 48, 90, 45, 78, 41, 44, 24, 29, 22]
R19[16, 15, 55, 14, 17, 19, 20, 11, 175, 164, 131, 25]
R20[32, 103, 86, 170, 63, 161, 126]
R21[47, 43, 39, 135, 34, 46, 71, 181, 35, 66, 143]
R22[140, 38, 23, 67, 49, 64, 136, 36, 65]
------------------------------------------
