 
------------------------------------------
HEURÍSTICA DE CONSTRUCCIÓN: NearestNeighborWithRLC
COSTO TOTAL: 6230.03
TOTAL DE RUTAS: 21
TIEMPO DE EJECUCIÓN: 5.072198867797852
 
R1[198, 183, 196, 2, 195, 194]
R2[190, 180, 176, 167, 166, 199, 184, 182]
R3[156, 193, 179, 178, 3, 177, 154]
R4[152, 172, 162, 149, 153, 171, 147, 146]
R5[151, 1, 138, 112, 137, 132, 127, 118]
R6[158, 111, 105, 89, 117, 157, 58, 150, 53, 148, 28, 144]
R7[27, 130, 116, 122, 109, 115, 106, 104, 114]
R8[102, 101, 110, 99, 100, 98, 6, 97, 96, 5, 197]
R9[94, 95, 189, 92, 185, 93, 87, 173]
R10[159, 88, 83, 155, 80, 145, 77, 76]
R11[85, 73, 70, 84, 134, 69, 91, 82, 79, 74, 60]
R12[4, 192, 59, 52, 50, 191, 40, 31]
R13[72, 26, 68, 62, 61, 21, 57, 54, 18]
R14[186, 42, 174, 37, 169, 165, 163, 13, 12]
R15[160, 33, 7, 30, 8, 142, 188, 10, 139]
R16[133, 187, 129, 141, 168, 124, 125, 121, 128]
R17[9, 108, 81, 75, 56, 120, 123, 51, 113, 48, 78]
R18[55, 45, 41, 119, 44, 29, 24, 16, 22, 15, 17, 107, 19, 90]
R19[11, 175, 164, 20, 131, 25, 103, 126, 39, 86, 14]
R20[63, 47, 46, 43, 32, 170, 161, 135, 34, 71, 66]
R21[35, 36, 181, 143, 38, 23, 64, 140, 49, 65, 67, 136]
------------------------------------------
