 
------------------------------------------
HEURÍSTICA DE CONSTRUCCIÓN: SaveParallel
COSTO TOTAL: 754.24
TOTAL DE RUTAS: 6
TIEMPO DE EJECUCIÓN: 3.118675708770752
 
R1[3, 24, 49, 23, 56, 43, 41, 42, 64, 22, 61, 21, 28, 62]
R2[38, 11, 65, 66, 59, 14, 53, 19, 54, 8, 35]
R3[69, 71, 60, 70, 20, 37, 36, 47, 5, 48, 29, 45, 15, 57, 13, 27, 52]
R4[7, 58, 10, 31, 25, 55, 18, 50, 32, 9, 39, 72, 12]
R5[26, 17, 40, 44, 16, 63, 1, 73, 33, 6, 51]
R6[34, 46, 67, 4, 30, 74, 2, 68, 75]
------------------------------------------
