 
------------------------------------------
CANTIDAD DE EJECUCIONES: 100
HEURÍSTICA DE CONSTRUCCIÓN: HeuristicType.KilbyAlgorithm
COSTO TOTAL: 1871.28
TOTAL DE RUTAS: 3
TIEMPO DE EJECUCIÓN: 2.8772544860839844 milisegundos
 
R1[1, 6, 33, 73, 51, 62, 63, 17, 16, 12, 40, 3, 22, 28, 43, 41, 49, 42, 44, 23, 26, 21, 32, 56, 61, 24, 72, 9, 71]
R2[75, 10, 38, 14, 11, 50, 18, 31, 66, 69, 65, 25, 55, 70, 59, 20, 60, 64]
R3[2, 68, 4, 30, 67, 74, 45, 39, 58, 15, 13, 35, 5, 47, 8, 7, 27, 52, 29, 34, 46, 48, 29, 57, 19, 37, 53, 54]
------------------------------------------
