 
------------------------------------------
CANTIDAD DE EJECUCIONES: 100
HEURÍSTICA DE CONSTRUCCIÓN: HeuristicType.KilbyAlgorithm
COSTO TOTAL: 1912.35
TOTAL DE RUTAS: 3
TIEMPO DE EJECUCIÓN: 3.36336088180542 milisegundos
 
R1[1, 6, 33, 73, 51, 62, 63, 17, 16, 26, 43, 28, 22, 3, 40, 12, 23, 44, 42, 49, 41, 21, 32, 9, 72, 56, 61, 24, 72]
R2[75, 20, 18, 50, 11, 14, 38, 10, 38, 65, 69, 66, 31, 59, 70, 55, 60, 64]
R3[2, 68, 4, 30, 67, 74, 45, 34, 46, 48, 29, 52, 27, 15, 13, 35, 5, 47, 8, 7, 58, 39, 36, 57, 19, 37, 53, 54]
------------------------------------------
