 
------------------------------------------
CANTIDAD DE EJECUCIONES: 100
HEURÍSTICA DE CONSTRUCCIÓN: HeuristicType.KilbyAlgorithm
COSTO TOTAL: 1909.13
TOTAL DE RUTAS: 3
TIEMPO DE EJECUCIÓN: 2.8549859523773193 milisegundos
 
R1[1, 6, 33, 73, 51, 62, 63, 17, 16, 56, 61, 24, 72, 32, 21, 41, 49, 42, 44, 23, 12, 40, 3, 22, 28, 43, 26, 9, 71]
R2[75, 10, 38, 14, 11, 50, 18, 55, 70, 59, 31, 66, 69, 65, 25, 64, 60, 20]
R3[2, 68, 4, 30, 67, 58, 39, 36, 15, 13, 35, 5, 47, 8, 7, 27, 52, 29, 48, 46, 34, 45, 74, 57, 19, 37, 53, 54]
------------------------------------------
