 
------------------------------------------
HEURÍSTICA DE CONSTRUCCIÓN: MoleJameson
COSTO TOTAL: 685.72
TOTAL DE RUTAS: 3
TIEMPO DE EJECUCIÓN: 15.546323299407959
 
R1[45, 29, 48, 5, 15, 57, 37, 20, 70, 71, 36, 69, 47, 21, 61, 22, 28, 74, 62, 42, 41, 56, 23, 43, 1, 73, 63, 33, 72]
R2[3, 44, 32, 9, 39, 58, 38, 11, 53, 14, 59, 66, 65, 10, 31, 25, 55, 50, 18, 24, 49, 16, 51]
R3[4, 52, 34, 46, 8, 7, 35, 19, 54, 13, 27, 30, 2, 6, 68, 75, 17, 40, 12, 26, 67]
------------------------------------------
