 
------------------------------------------
HEURÍSTICA DE CONSTRUCCIÓN: MoleJameson
COSTO TOTAL: 685.92
TOTAL DE RUTAS: 3
TIEMPO DE EJECUCIÓN: 15.403468608856201
 
R1[30, 74, 48, 69, 36, 71, 70, 20, 37, 57, 15, 5, 29, 47, 21, 61, 22, 33, 63, 28, 62, 42, 41, 56, 23, 43, 1, 73, 63]
R2[3, 44, 50, 32, 9, 39, 58, 38, 11, 53, 14, 59, 66, 65, 10, 31, 25, 55, 18, 24, 49, 16, 51]
R3[7, 35, 19, 54, 13, 27, 45, 52, 8, 46, 34, 26, 12, 40, 17, 6, 2, 68, 75, 4, 67]
------------------------------------------
