 
------------------------------------------
HEURÍSTICA DE CONSTRUCCIÓN: MoleJameson
COSTO TOTAL: 684.61
TOTAL DE RUTAS: 3
TIEMPO DE EJECUCIÓN: 15.642118215560913
 
R1[45, 29, 48, 5, 15, 57, 37, 20, 70, 71, 36, 69, 47, 21, 61, 22, 28, 74, 62, 42, 41, 56, 23, 43, 1, 73, 63, 33, 72]
R2[3, 44, 50, 55, 25, 31, 10, 65, 66, 59, 14, 53, 11, 38, 58, 39, 9, 32, 18, 24, 49, 16, 51]
R3[68, 6, 2, 30, 27, 13, 54, 19, 35, 7, 8, 46, 34, 52, 4, 75, 17, 40, 12, 26, 67]
------------------------------------------
