 
------------------------------------------
CANTIDAD DE EJECUCIONES: 100
HEURÍSTICA DE CONSTRUCCIÓN: NearestNeighborWithRLC
COSTO TOTAL: 1454.28
TOTAL DE RUTAS: 3
 
R1[75, 68, 74, 73, 63, 56, 49, 24, 18, 1, 64, 69, 71, 70, 61, 62, 51, 17, 72, 66, 59, 67, 53, 54, 2, 48, 60, 47, 57, 15]
R2[5, 46, 65, 52, 58, 50, 44, 55, 39, 38, 35, 34, 4, 6, 33, 7, 40, 3, 32, 31, 9, 10]
R3[11, 19, 14, 27, 8, 13, 37, 20, 45, 36, 43, 16, 42, 41, 30, 28, 21, 22, 29, 23, 25, 12, 26]
------------------------------------------
