 
------------------------------------------
CANTIDAD DE EJECUCIONES: 100
HEURÍSTICA DE CONSTRUCCIÓN: SaveSequential
COSTO TOTAL: 6299.3
TOTAL DE RUTAS: 4
TIEMPO DE EJECUCIÓN: 129 milisegundos
 
R1[128, 136, 133, 141, 149, 157, 144, 152, 160, 115, 107, 117, 120, 112, 104, 96, 119, 111, 103, 95, 88, 93, 101, 109, 85, 87, 86, 94, 102, 110, 118, 80, 72, 64, 79, 71, 63, 55, 62, 70, 78, 360, 352, 359, 358, 350, 342, 334, 356, 348, 340, 332, 326, 335, 343, 351, 327, 324, 321, 329, 337, 345, 353, 318, 310, 302, 316, 308, 300, 292, 297, 305, 313, 278, 270, 276, 273, 265, 257, 249, 274, 266, 258, 250, 241, 252, 260, 268, 244, 242, 243, 251, 259, 267, 275, 233, 225, 217, 234, 226, 218, 210, 219, 227, 235, 193, 185, 194, 195, 187, 179, 171, 197, 189, 181, 173, 163, 170, 178, 186, 162, 165, 168, 176, 184, 192, 200, 155, 147, 139, 131, 123]
R2[228, 202, 203, 211, 221, 229, 237, 196, 188, 180, 166, 172, 177, 169, 161, 164, 167, 175, 183, 191, 199, 154, 146, 138, 130, 122, 125, 127, 135, 143, 151, 159, 114, 106, 98, 81, 90, 99, 91, 83, 82, 84, 92, 100, 108, 116, 77, 69, 61, 53, 43, 45, 48, 56, 47, 46, 54, 344, 336, 328, 325, 322, 330, 323, 333, 341, 349, 357, 76, 68, 60, 52, 44, 41]
R3[38, 320, 73, 355, 347, 339, 312, 304, 296, 288, 295, 287, 285, 283, 282, 290, 298, 306, 314, 279, 271, 263, 255, 248, 253, 245, 247, 246, 254, 262, 289, 281, 284, 286, 294, 303, 311, 319, 354, 346, 338, 331, 65, 57, 49, 50, 42, 51, 59, 67, 75, 113, 105, 97, 89, 150, 142, 134, 126, 124, 121, 129, 137, 145, 174, 182, 190, 198, 153, 240, 232, 224, 213, 205, 201, 209, 212, 220, 236, 277, 269, 261, 256, 264, 272, 280, 238, 230, 222, 231, 239]
R4[7, 8, 5, 3, 11, 13, 21, 16, 15, 23, 31, 39, 74, 66, 58, 24, 32, 40, 158, 29, 37, 156, 148, 140, 132, 19, 27, 35, 18, 26, 34, 223, 215, 216, 208, 207, 206, 204, 214, 25, 33, 315, 307, 299, 291, 293, 301, 309, 317, 36, 28, 20, 30, 22, 14, 6, 12, 17, 9, 1, 10, 2, 4]
------------------------------------------
