 
------------------------------------------
CANTIDAD DE EJECUCIONES: 100
HEURÍSTICA DE CONSTRUCCIÓN: SaveSequential
COSTO TOTAL: 6347.79
TOTAL DE RUTAS: 4
TIEMPO DE EJECUCIÓN: 131 milisegundos
 
R1[292, 300, 308, 316, 302, 310, 318, 353, 345, 337, 329, 321, 322, 323, 326, 334, 342, 350, 358, 356, 348, 340, 332, 324, 327, 335, 343, 351, 359, 344, 352, 360, 78, 70, 62, 79, 71, 63, 55, 64, 72, 80, 118, 110, 119, 120, 112, 104, 96, 117, 109, 101, 93, 88, 95, 103, 111, 87, 85, 83, 91, 99, 107, 115, 160, 152, 144, 157, 149, 141, 133, 139, 147, 155, 200, 192, 197, 195, 187, 179, 171, 194, 186, 178, 170, 163, 173, 181, 189, 165, 162, 161, 169, 177, 185, 193, 235, 227, 219, 234, 226, 218, 210, 217, 225, 233, 275, 267, 274, 273, 265, 257, 249, 276, 268, 260, 252, 241, 250, 258, 266, 242, 244, 246, 254, 262, 270, 278, 313, 305, 297, 289, 298]
R2[306, 314, 279, 271, 263, 255, 247, 245, 243, 251, 259, 253, 248, 261, 269, 277, 236, 228, 220, 209, 201, 202, 203, 211, 213, 221, 229, 237, 196, 188, 180, 172, 164, 167, 168, 176, 184, 175, 166, 183, 191, 199, 154, 146, 138, 131, 123, 125, 128, 136, 135, 143, 151, 159, 114, 106, 98, 90, 82, 84, 86, 94, 102, 92, 81, 100, 108, 116, 77, 69, 61, 56, 48, 47, 46, 54, 52, 60, 68, 76, 357, 349, 346]
R3[231, 208, 205, 216, 224, 232, 240, 153, 198, 190, 182, 174, 145, 137, 129, 121, 130, 122, 124, 126, 127, 134, 142, 150, 158, 75, 113, 105, 97, 89, 67, 39, 74, 66, 58, 50, 51, 59, 53, 45, 43, 42, 44, 41, 49, 336, 328, 325, 333, 341, 330, 338, 354, 319, 311, 303, 294, 286, 284, 281, 282, 290, 283, 285, 287, 295, 288, 296, 304, 312, 331, 339, 347, 355, 73, 65, 57, 320, 38, 30]
R4[2, 4, 12, 6, 14, 22, 23, 31, 16, 24, 32, 40, 21, 29, 37, 156, 148, 140, 132, 19, 27, 35, 18, 26, 34, 239, 223, 214, 215, 207, 206, 204, 212, 222, 230, 238, 256, 264, 272, 280, 315, 307, 299, 291, 293, 301, 309, 317, 36, 28, 20, 33, 25, 17, 9, 1, 10, 11, 3, 13, 5, 8, 15, 7]
------------------------------------------
