 
------------------------------------------
CANTIDAD DE EJECUCIONES: 100
HEURÍSTICA DE CONSTRUCCIÓN: SaveSequential
COSTO TOTAL: 6470.12
TOTAL DE RUTAS: 4
TIEMPO DE EJECUCIÓN: 131 milisegundos
 
R1[4, 12, 20, 28, 36, 284, 292, 300, 308, 316, 313, 278, 270, 276, 273, 265, 257, 249, 274, 266, 258, 250, 241, 252, 260, 268, 244, 242, 243, 251, 259, 267, 275, 233, 225, 217, 234, 226, 218, 210, 219, 227, 235, 193, 185, 194, 195, 187, 179, 171, 197, 189, 181, 173, 163, 170, 178, 186, 162, 165, 168, 176, 184, 192, 200, 155, 147, 139, 157, 149, 141, 133, 144, 152, 160, 115, 107, 117, 120, 112, 104, 96, 119, 111, 103, 95, 88, 93, 101, 109, 85, 87, 86, 94, 102, 110, 118, 80, 72, 64, 79, 71, 63, 55, 62, 70, 78, 360, 352, 359, 358, 350, 342, 334, 356, 348, 340, 332, 326, 335, 343, 351, 327, 324, 321, 329, 337, 345, 353, 318, 310, 302, 311, 319, 354, 346, 357]
R2[49, 52, 54, 46, 47, 48, 56, 53, 61, 69, 77, 116, 108, 100, 92, 84, 82, 83, 91, 99, 90, 81, 98, 106, 114, 159, 151, 143, 136, 128, 125, 123, 131, 130, 138, 146, 154, 199, 191, 183, 175, 167, 164, 161, 169, 177, 172, 166, 180, 188, 196, 237, 229, 221, 211, 203, 202, 201, 209, 212, 220, 228, 236, 277, 269, 261, 253, 245, 247, 246, 254, 262, 305, 297, 289, 281]
R3[325, 328, 336, 344, 68, 60, 44, 42, 43, 45, 51, 59, 67, 75, 113, 105, 97, 89, 150, 142, 134, 126, 135, 127, 124, 121, 122, 129, 137, 145, 153, 198, 190, 182, 174, 232, 224, 216, 208, 205, 213, 204, 206, 207, 215, 214, 222, 248, 255, 263, 271, 279, 314, 306, 298, 290, 282, 286, 294, 295, 303, 287, 288, 285, 283, 291, 299, 307, 256, 264, 272, 280, 238, 230]
R4[1, 9, 10, 18, 11, 13, 21, 16, 24, 32, 40, 158, 29, 37, 156, 148, 140, 132, 19, 27, 35, 240, 26, 34, 239, 231, 223, 17, 25, 33, 315, 317, 309, 301, 293, 296, 304, 312, 320, 38, 323, 322, 330, 338, 333, 341, 349, 76, 331, 339, 347, 355, 73, 65, 57, 41, 50, 58, 66, 74, 39, 31, 23, 30, 22, 14, 6, 15, 7, 8, 5, 3, 2]
------------------------------------------
