 
------------------------------------------
CANTIDAD DE EJECUCIONES: 100
HEURÍSTICA DE CONSTRUCCIÓN: SaveSequential
COSTO TOTAL: 6436.27
TOTAL DE RUTAS: 4
TIEMPO DE EJECUCIÓN: 127 milisegundos
 
R1[54, 46, 79, 71, 63, 55, 62, 70, 78, 360, 352, 359, 358, 350, 342, 334, 356, 348, 340, 332, 326, 335, 343, 351, 327, 324, 321, 329, 337, 345, 353, 318, 310, 302, 316, 308, 300, 292, 297, 305, 313, 278, 270, 276, 273, 265, 257, 249, 274, 266, 258, 250, 241, 252, 260, 268, 244, 242, 243, 251, 259, 267, 275, 233, 225, 217, 234, 226, 218, 210, 219, 227, 235, 193, 185, 194, 195, 187, 179, 171, 197, 189, 181, 173, 163, 170, 178, 186, 162, 165, 168, 176, 184, 192, 200, 155, 147, 139, 157, 149, 141, 133, 144, 152, 160, 115, 107, 117, 120, 112, 104, 96, 119, 111, 103, 95, 88, 93, 101, 109, 85, 87, 86, 94, 102, 110, 118, 80, 72, 64, 56, 48]
R2[159, 114, 106, 98, 90, 81, 92, 84, 82, 83, 91, 99, 151, 143, 136, 128, 125, 123, 131, 130, 138, 146, 154, 199, 191, 183, 175, 167, 164, 161, 169, 177, 172, 166, 180, 188, 196, 237, 229, 221, 211, 203, 202, 201, 209, 212, 220, 228, 236, 277, 269, 261, 253, 245, 247, 246, 254, 262, 255, 248, 263, 271, 279, 314, 306, 298, 289, 281, 284, 286, 294, 295, 303, 311, 319, 354, 346, 338, 330]
R3[301, 282, 290, 299, 307, 315, 238, 280, 272, 264, 256, 230, 222, 214, 204, 206, 207, 205, 213, 208, 216, 224, 232, 174, 182, 190, 198, 153, 145, 137, 129, 122, 121, 124, 127, 135, 126, 134, 142, 150, 89, 100, 108, 116, 77, 69, 61, 53, 45, 47, 44, 52, 60, 68, 344, 336, 328, 325, 322, 323, 333, 341, 349, 357, 76, 331, 339, 347, 355, 73, 65, 57, 49, 41, 42, 43, 51, 59, 67, 97, 105, 113, 75, 158]
R4[5, 3, 11, 13, 21, 29, 37, 156, 148, 140, 132, 19, 27, 35, 240, 223, 215, 231, 239, 34, 26, 18, 33, 25, 291, 283, 285, 287, 288, 296, 304, 312, 320, 38, 30, 22, 50, 58, 66, 74, 39, 31, 23, 40, 32, 24, 16, 8, 15, 14, 293, 309, 317, 36, 28, 20, 17, 9, 1, 10, 2, 12, 4, 6, 7]
------------------------------------------
