 
------------------------------------------
CANTIDAD DE EJECUCIONES: 100
HEURÍSTICA DE CONSTRUCCIÓN: SaveSequential
COSTO TOTAL: 6367.87
TOTAL DE RUTAS: 4
TIEMPO DE EJECUCIÓN: 129 milisegundos
 
R1[48, 56, 55, 63, 71, 79, 64, 72, 80, 118, 110, 102, 94, 86, 87, 85, 109, 101, 93, 88, 95, 103, 111, 119, 96, 104, 112, 120, 117, 107, 115, 160, 152, 144, 157, 149, 141, 133, 139, 147, 155, 200, 192, 197, 195, 187, 179, 171, 194, 186, 178, 170, 163, 173, 181, 189, 165, 162, 161, 169, 177, 185, 193, 235, 227, 219, 234, 226, 218, 210, 217, 225, 233, 275, 267, 274, 273, 265, 257, 249, 276, 268, 260, 252, 241, 250, 258, 266, 242, 244, 246, 254, 262, 270, 278, 313, 305, 297, 316, 308, 300, 292, 302, 310, 318, 353, 345, 356, 358, 350, 342, 334, 359, 351, 343, 335, 326, 332, 340, 348, 324, 327, 328, 336, 344, 352, 360, 78, 70, 62, 54, 46]
R2[142, 134, 126, 127, 135, 143, 151, 159, 114, 106, 98, 90, 81, 92, 84, 82, 83, 91, 99, 136, 128, 125, 122, 123, 131, 184, 176, 168, 167, 164, 172, 166, 175, 183, 191, 199, 154, 146, 138, 130, 121, 124, 132, 129, 137, 145, 174, 180, 188, 196, 237, 229, 221, 211, 203, 202, 201, 209, 259, 251, 243, 245, 247, 255, 248, 253, 261, 269, 277, 236]
R3[26, 34, 239, 231, 223, 215, 214, 222, 33, 315, 307, 299, 291, 283, 282, 288, 287, 295, 303, 311, 319, 354, 346, 338, 330, 323, 333, 325, 322, 321, 329, 337, 294, 286, 285, 36, 284, 281, 289, 290, 298, 306, 314, 279, 271, 263, 256, 264, 272, 280, 238, 230, 228, 220, 212, 204, 206, 207, 205, 213, 208, 216, 224, 232, 182, 190, 198, 153, 240, 35, 27, 19, 140, 148, 156, 37, 150, 89, 100, 108, 116, 77, 69, 61, 53, 45, 47, 44, 52, 60, 68, 76]
R4[5, 13, 21, 29, 16, 24, 32, 40, 158, 113, 97, 105, 75, 67, 59, 51, 43, 42, 41, 49, 357, 349, 341, 331, 339, 347, 355, 73, 65, 57, 50, 58, 66, 74, 39, 31, 23, 38, 320, 312, 304, 296, 293, 301, 309, 317, 28, 20, 25, 17, 9, 18, 10, 11, 3, 2, 1, 12, 30, 22, 14, 6, 15, 7, 8, 4]
------------------------------------------
