 
------------------------------------------
CANTIDAD DE EJECUCIONES: 100
HEURÍSTICA DE CONSTRUCCIÓN: SaveSequential
COSTO TOTAL: 6409.94
TOTAL DE RUTAS: 4
TIEMPO DE EJECUCIÓN: 128 milisegundos
 
R1[286, 294, 292, 300, 308, 316, 302, 310, 318, 353, 345, 356, 358, 350, 342, 334, 359, 351, 343, 335, 326, 332, 340, 348, 324, 327, 328, 336, 344, 352, 360, 78, 70, 62, 79, 71, 63, 55, 64, 72, 80, 118, 110, 119, 120, 112, 104, 96, 117, 109, 101, 93, 88, 95, 103, 111, 87, 85, 83, 91, 99, 107, 115, 160, 152, 144, 157, 149, 141, 133, 139, 147, 155, 200, 192, 197, 195, 187, 179, 171, 194, 186, 178, 170, 163, 173, 181, 189, 165, 162, 161, 169, 177, 185, 193, 235, 227, 219, 234, 226, 218, 210, 217, 225, 233, 275, 267, 274, 273, 265, 257, 249, 276, 268, 260, 252, 241, 250, 258, 266, 242, 244, 246, 254, 262, 270, 278, 313, 305, 297, 289, 281]
R2[130, 138, 146, 154, 199, 191, 183, 175, 166, 172, 164, 167, 168, 176, 184, 131, 123, 125, 128, 136, 143, 151, 159, 114, 106, 98, 90, 82, 84, 86, 94, 102, 92, 81, 100, 108, 116, 77, 69, 61, 56, 48, 47, 46, 54, 52, 60, 68, 76, 357, 349, 341, 333, 325, 322, 321, 329, 337, 330, 323, 338, 346, 354, 319, 311, 303, 295, 287, 284, 282, 290, 298, 306, 314, 279, 271, 263, 255, 253]
R3[36, 283, 285, 288, 296, 304, 312, 331, 339, 347, 355, 73, 65, 57, 49, 44, 41, 42, 45, 53, 43, 51, 59, 67, 89, 97, 105, 113, 75, 158, 150, 142, 135, 127, 126, 124, 122, 121, 129, 137, 145, 174, 180, 188, 196, 237, 229, 221, 211, 203, 202, 201, 209, 259, 251, 243, 245, 247, 248, 261, 269, 277, 236, 228, 220, 212, 204, 206, 207, 205, 213, 208, 216]
R4[7, 15, 6, 14, 12, 20, 28, 9, 17, 25, 33, 18, 26, 34, 239, 231, 223, 3, 11, 19, 27, 35, 182, 190, 198, 153, 240, 232, 224, 215, 214, 222, 230, 256, 264, 272, 280, 238, 315, 307, 299, 291, 293, 301, 309, 317, 320, 38, 30, 22, 50, 58, 66, 74, 39, 31, 23, 40, 32, 134, 132, 140, 148, 156, 37, 29, 21, 24, 16, 8, 13, 5, 10, 1, 2, 4]
------------------------------------------
