 
------------------------------------------
CANTIDAD DE EJECUCIONES: 100
HEURÍSTICA DE CONSTRUCCIÓN: SaveSequential
COSTO TOTAL: 6392.76
TOTAL DE RUTAS: 4
TIEMPO DE EJECUCIÓN: 130 milisegundos
 
R1[136, 133, 141, 149, 157, 144, 152, 160, 115, 107, 99, 91, 98, 109, 117, 120, 112, 104, 96, 119, 111, 103, 95, 88, 93, 101, 85, 87, 86, 94, 102, 110, 118, 80, 72, 64, 79, 71, 63, 55, 62, 70, 78, 360, 352, 359, 358, 350, 342, 334, 356, 348, 340, 332, 326, 335, 343, 351, 327, 324, 321, 329, 337, 345, 353, 318, 310, 302, 316, 308, 300, 292, 297, 305, 313, 278, 270, 276, 273, 265, 257, 249, 274, 266, 258, 250, 241, 252, 260, 268, 244, 242, 243, 251, 259, 267, 275, 233, 225, 217, 234, 226, 218, 210, 219, 227, 235, 193, 185, 194, 195, 187, 179, 171, 197, 189, 181, 173, 163, 170, 178, 186, 162, 165, 168, 176, 184, 192, 200, 155, 147, 139, 131, 130]
R2[207, 202, 201, 209, 212, 220, 228, 236, 277, 269, 261, 253, 245, 247, 246, 254, 262, 255, 248, 263, 271, 279, 314, 306, 298, 289, 281, 284, 286, 294, 295, 303, 311, 319, 354, 346, 338, 330, 322, 325, 328, 336, 344, 333, 323, 341, 349, 357, 76, 68, 60, 54, 46, 47, 48, 56, 53, 61, 69, 77, 116, 108, 100, 92, 84, 82, 83, 90, 81, 89, 106, 114, 159, 151, 143, 135, 128, 138]
R3[121, 122, 125, 123, 146, 154, 199, 191, 183, 174, 232, 224, 216, 215, 206, 208, 205, 213, 221, 229, 237, 196, 188, 180, 172, 166, 175, 167, 164, 161, 169, 177, 211, 203, 204, 214, 222, 230, 238, 280, 272, 264, 256, 307, 299, 291, 283, 282, 290, 287, 288, 285, 293, 296, 304, 312, 331, 339, 347, 355, 73, 65, 57, 52, 44, 41, 42, 45, 43, 51, 59, 67, 97, 105, 113, 75]
R4[5, 8, 16, 15, 6, 14, 12, 20, 9, 10, 18, 26, 34, 239, 231, 223, 17, 25, 33, 315, 28, 36, 317, 309, 301, 22, 30, 320, 38, 23, 31, 39, 74, 66, 58, 49, 50, 24, 32, 40, 158, 150, 142, 134, 127, 126, 124, 132, 129, 137, 145, 182, 190, 198, 153, 240, 35, 27, 19, 140, 148, 156, 37, 29, 21, 13, 11, 3, 2, 1, 4, 7]
------------------------------------------
