 
------------------------------------------
CANTIDAD DE EJECUCIONES: 100
HEURÍSTICA DE CONSTRUCCIÓN: SaveSequential
COSTO TOTAL: 6355.5
TOTAL DE RUTAS: 4
TIEMPO DE EJECUCIÓN: 133 milisegundos
 
R1[211, 210, 218, 226, 234, 219, 227, 235, 193, 185, 177, 169, 180, 186, 194, 195, 187, 179, 171, 197, 189, 181, 173, 163, 170, 178, 162, 165, 168, 176, 184, 192, 200, 155, 147, 139, 157, 149, 141, 133, 144, 152, 160, 115, 107, 117, 120, 112, 104, 96, 119, 111, 103, 95, 88, 93, 101, 109, 85, 87, 86, 94, 102, 110, 118, 80, 72, 64, 79, 71, 63, 55, 62, 70, 78, 360, 352, 359, 358, 350, 342, 334, 356, 348, 340, 332, 326, 335, 343, 351, 327, 324, 321, 329, 337, 345, 353, 318, 310, 302, 316, 308, 300, 292, 297, 305, 313, 278, 270, 276, 273, 265, 257, 249, 274, 266, 258, 250, 241, 252, 260, 268, 244, 242, 243, 251, 259, 267, 275, 233, 225, 217, 209, 212]
R2[65, 344, 336, 328, 325, 322, 330, 323, 333, 341, 349, 357, 76, 68, 60, 54, 46, 47, 48, 56, 53, 61, 69, 77, 116, 108, 100, 92, 84, 82, 83, 91, 99, 90, 81, 98, 106, 114, 159, 151, 143, 136, 128, 125, 123, 131, 130, 138, 146, 154, 199, 191, 183, 175, 167, 164, 161, 172, 166, 174, 188, 196, 237, 229, 221, 213, 203, 202, 201, 204, 220, 228, 236, 277, 269, 261, 253, 255, 271]
R3[320, 73, 355, 347, 339, 312, 304, 296, 288, 295, 287, 285, 283, 282, 290, 298, 306, 314, 279, 263, 248, 245, 247, 246, 254, 262, 289, 281, 284, 286, 294, 303, 311, 319, 354, 346, 338, 331, 57, 49, 41, 52, 44, 42, 43, 45, 51, 59, 67, 75, 113, 105, 97, 89, 150, 142, 134, 135, 127, 126, 124, 122, 121, 129, 137, 145, 182, 190, 198, 153, 240, 232, 224, 216, 205, 208, 231]
R4[4, 12, 6, 14, 15, 8, 16, 13, 3, 11, 19, 27, 35, 21, 29, 37, 156, 148, 140, 132, 24, 32, 158, 40, 23, 31, 39, 74, 66, 58, 50, 22, 30, 38, 20, 28, 36, 317, 309, 301, 293, 291, 299, 307, 315, 238, 280, 272, 264, 256, 230, 222, 214, 206, 207, 215, 223, 239, 34, 26, 18, 33, 25, 17, 9, 1, 10, 2, 5, 7]
------------------------------------------
