 
------------------------------------------
CANTIDAD DE EJECUCIONES: 100
HEURÍSTICA DE CONSTRUCCIÓN: SaveSequential
COSTO TOTAL: 6289.36
TOTAL DE RUTAS: 4
TIEMPO DE EJECUCIÓN: 149 milisegundos
 
R1[131, 133, 141, 149, 157, 139, 147, 155, 200, 192, 184, 176, 168, 165, 173, 181, 189, 197, 195, 187, 179, 171, 194, 186, 178, 170, 163, 162, 161, 169, 177, 185, 193, 235, 227, 219, 234, 226, 218, 210, 217, 225, 233, 275, 267, 274, 273, 265, 257, 249, 276, 268, 260, 252, 241, 250, 258, 266, 242, 244, 246, 254, 262, 270, 278, 313, 305, 297, 316, 308, 300, 292, 302, 310, 318, 353, 345, 356, 358, 350, 342, 334, 359, 351, 343, 335, 326, 332, 340, 348, 324, 327, 328, 336, 344, 352, 360, 78, 70, 62, 79, 71, 63, 55, 64, 72, 80, 118, 110, 119, 120, 112, 104, 96, 117, 109, 101, 93, 88, 95, 103, 111, 87, 85, 83, 91, 99, 107, 115, 160, 152, 144, 136]
R2[212, 220, 228, 236, 277, 269, 261, 253, 248, 255, 247, 245, 243, 251, 259, 209, 201, 202, 203, 211, 221, 229, 237, 196, 188, 180, 172, 164, 167, 175, 166, 183, 191, 199, 154, 146, 138, 130, 123, 125, 128, 127, 135, 143, 151, 159, 114, 106, 98, 90, 82, 84, 86, 94, 102, 92, 81, 100, 108, 116, 77, 69, 61, 56, 48, 47, 46, 54, 52, 60, 68, 76, 357, 349, 341, 333, 325, 329]
R3[58, 43, 45, 53, 59, 67, 75, 113, 105, 97, 89, 150, 142, 134, 126, 124, 121, 122, 129, 137, 145, 153, 198, 190, 182, 174, 232, 34, 239, 231, 223, 215, 216, 224, 213, 205, 208, 207, 204, 206, 214, 222, 230, 256, 263, 271, 279, 314, 306, 298, 289, 281, 284, 286, 294, 337, 321, 322, 330, 323, 338, 346, 354, 319, 311, 303, 295, 287, 288, 285, 282, 290, 283, 291, 299, 307, 264, 272, 280, 238, 315, 33, 25]
R4[5, 7, 15, 8, 16, 13, 3, 2, 10, 1, 9, 17, 18, 26, 11, 19, 27, 240, 35, 21, 29, 37, 156, 148, 140, 132, 24, 32, 158, 40, 23, 31, 39, 74, 66, 51, 50, 42, 41, 44, 49, 57, 65, 73, 331, 339, 347, 355, 320, 312, 304, 296, 293, 301, 309, 317, 36, 28, 20, 38, 30, 22, 14, 6, 12, 4]
------------------------------------------
