 
------------------------------------------
HEURÍSTICA DE CONSTRUCCIÓN: CMT
COSTO TOTAL: 1307.67
TOTAL DE RUTAS: 5
 
R1[88, 31, 69, 89, 1, 63, 66, 20, 32, 90, 30, 70, 27, 52, 62, 10, 7, 18, 11]
R2[48, 49, 64, 36, 47, 46, 19, 82, 8, 45, 84, 17, 83, 60, 5]
R3[2, 87, 57, 100, 97, 86, 38, 44, 14, 42, 43, 15, 41, 95, 59, 92, 85, 98, 37, 91, 16, 61, 93, 99, 13, 96, 6, 56]
R4[80, 33, 79, 81, 51, 34, 35, 71, 65, 9, 78, 55, 39, 23, 75, 22, 74, 25, 67, 73, 29, 24, 4, 72, 21, 54, 3]
R5[28, 50, 76, 77, 68, 12, 26, 40, 58, 94, 53]
------------------------------------------
