 
------------------------------------------
HEURÍSTICA DE CONSTRUCCIÓN: Sweep
COSTO TOTAL: 2387.49
TOTAL DE RUTAS: 6
TIEMPO DE EJECUCIÓN: 0.7846128940582275
 
R1[23, 26, 35, 58, 50, 44, 32, 57, 29, 4, 74, 5, 51, 3, 12]
R2[19, 34, 63, 24, 27, 18, 42, 59, 53, 68, 56, 16]
R3[66, 36, 46, 39, 54, 11, 71, 10, 43, 40, 55, 41]
R4[20, 2, 49, 47, 31, 73, 52, 22, 1, 17, 15, 62, 7, 67]
R5[14, 13, 37, 61, 48, 28, 75, 64, 9, 72, 65, 38, 8]
R6[69, 30, 70, 25, 21, 60, 6, 45, 33]
------------------------------------------
