 
------------------------------------------
HEURÍSTICA DE CONSTRUCCIÓN: Sweep
COSTO TOTAL: 2342.08
TOTAL DE RUTAS: 6
TIEMPO DE EJECUCIÓN: 0.7456183433532715
 
R1[35, 46, 72, 5, 45, 64, 15, 19, 34, 75, 27, 29, 33, 30]
R2[11, 42, 51, 74, 47, 3, 48, 53, 32, 13, 4, 40]
R3[18, 71, 12, 22, 2, 38, 55, 39, 7, 63, 6, 57, 44, 25, 31, 8]
R4[17, 73, 37, 26, 43, 28, 23, 56, 14, 60, 69, 9, 50]
R5[58, 24, 68, 1, 67, 36, 70, 54, 59, 66, 52, 16]
R6[21, 62, 41, 20, 65, 10, 49, 61]
------------------------------------------
