 
------------------------------------------
HEURÍSTICA DE CONSTRUCCIÓN: Sweep
COSTO TOTAL: 2412.5
TOTAL DE RUTAS: 6
TIEMPO DE EJECUCIÓN: 0.751420259475708
 
R1[2, 14, 13, 31, 50, 49, 30, 12, 75, 68, 18, 4, 35]
R2[24, 54, 41, 11, 66, 20, 37, 38, 46, 32]
R3[5, 25, 65, 60, 57, 53, 59, 21, 19, 10, 39, 58, 27, 74]
R4[72, 34, 43, 42, 26, 6, 62, 61, 73, 55, 52, 1, 23, 45, 70, 28]
R5[9, 8, 3, 36, 63, 17, 67, 44, 15, 51, 56, 64, 16]
R6[40, 33, 29, 48, 47, 22, 69, 7, 71]
------------------------------------------
