 
------------------------------------------
HEURÍSTICA DE CONSTRUCCIÓN: Sweep
COSTO TOTAL: 2400.94
TOTAL DE RUTAS: 6
TIEMPO DE EJECUCIÓN: 0.9172730445861816
 
R1[63, 56, 44, 38, 40, 21, 41, 24, 25, 34, 17]
R2[46, 2, 16, 31, 13, 73, 1, 74, 12, 32, 39, 8, 43]
R3[26, 62, 36, 28, 60, 37, 59, 48, 20, 49, 71, 15, 29, 19, 61, 57, 23]
R4[3, 45, 52, 35, 66, 58, 47, 54, 42, 7, 51, 64, 67]
R5[14, 75, 6, 53, 9, 18, 70, 50, 65, 33, 69, 4]
R6[10, 55, 72, 22, 5, 68, 30, 27, 11]
------------------------------------------
