 
------------------------------------------
CANTIDAD DE EJECUCIONES: 100
HEURÍSTICA DE CONSTRUCCIÓN: HeuristicType.CMT
COSTO TOTAL: 4705.29
TOTAL DE RUTAS: 23
TIEMPO DE EJECUCIÓN: 121.94796919822693 milisegundos
 
R1[150, 83, 354, 175, 184, 99, 206, 300, 257, 15, 76, 241, 101, 7, 3, 366, 13, 311, 375, 149, 37]
R2[146, 79, 310, 92, 339, 165, 266, 179, 179, 179, 308, 180, 246, 197, 81, 386, 312, 81, 84, 379, 332, 41, 224, 262, 230, 400, 34, 8, 43, 260, 319]
R3[42, 21, 397, 397, 397, 397, 397, 397, 45, 342, 309, 365, 273, 72, 341, 203, 200, 119, 207, 381, 186, 154]
R4[250, 271, 57, 244, 48, 390, 174, 189, 98, 345, 234]
R5[192, 248, 239, 243, 171, 243, 171, 362, 31, 287, 27]
R6[344, 91, 91, 91, 349, 349, 349, 349, 349, 349, 349, 349, 356, 80, 315, 134, 351, 58, 284]
R7[209, 217, 185, 88, 10, 286, 152, 336]
R8[1, 389, 181, 116, 242, 116, 245, 245, 127, 65, 396, 307, 264, 67, 374, 194, 251, 32, 363, 111, 316, 276, 39, 142]
R9[93, 24, 303, 144, 103, 220, 229, 204, 295, 220, 385, 335, 199, 82]
R10[218, 11, 110, 236, 61, 110, 35, 369, 61, 182, 170, 274, 138, 252, 370, 252, 141, 275, 56, 190, 240]
R11[16, 52, 291, 314, 314, 136, 314, 132, 22, 314, 132, 22]
R12[231, 125, 387, 78, 278, 225, 323, 225]
R13[326, 17, 272, 292, 109, 172, 172, 109, 109, 183, 26, 214, 352, 172, 226, 75, 183, 395, 155, 105, 376, 347, 306, 2, 377, 124, 355, 40, 117]
R14[168, 289, 320, 320, 162, 320, 320, 104, 227]
R15[213, 55, 131, 60, 313, 86, 53, 53, 53, 53, 383, 121, 50, 261, 131, 131, 294, 221, 120, 173, 60, 131, 50, 322, 270, 193, 23]
R16[210, 324, 324, 156, 205, 256, 256, 338, 382, 62, 333, 38, 371]
R17[100, 208, 269, 64, 269, 145, 318, 106, 329, 297, 163]
R18[281, 263, 263, 129, 263, 263, 137, 235, 348, 44, 114, 44, 215, 153, 330, 337, 143, 147, 5, 89, 160, 166, 258]
R19[298, 70, 70, 70, 70, 87, 25, 353, 201, 302, 177, 95, 328, 85, 73]
R20[267, 364, 340, 367, 367, 148, 148, 378, 164, 391, 115, 126, 331, 398, 66, 277, 325, 368, 20]
R21[285, 358, 195, 216, 195, 18, 238]
R22[357, 77, 74, 178, 327, 178, 14, 288, 394, 68, 113, 211, 71, 59, 304, 159, 253, 102, 222, 69]
R23[9, 28, 360, 198, 135, 140, 135, 90, 112, 90, 196, 90, 219, 237, 169, 212, 157, 255, 33, 29, 47, 299, 249, 305, 97]
------------------------------------------
