 
------------------------------------------
CANTIDAD DE EJECUCIONES: 100
HEURÍSTICA DE CONSTRUCCIÓN: HeuristicType.Sweep
COSTO TOTAL: 42331.63
TOTAL DE RUTAS: 22
TIEMPO DE EJECUCIÓN: 5.49005126953125 milisegundos
 
R1[89, 132, 136, 69, 41, 229, 253, 336, 163, 257, 74, 398, 85, 265, 267, 279, 273, 176, 227, 231, 354]
R2[7, 146, 342, 96, 45, 22, 15, 277, 283, 50, 36, 243, 309, 187, 178, 201]
R3[313, 127, 298, 285, 324, 123, 215, 46, 203, 95, 90, 254, 157, 101, 295, 248]
R4[120, 346, 293, 256, 301, 393, 62, 198, 60, 125, 77, 304, 252, 355]
R5[361, 362, 128, 266, 369, 396, 148, 344, 345, 20, 200, 159, 52, 388, 205]
R6[322, 240, 328, 192, 42, 67, 262, 63, 347, 118, 204, 222, 288, 216]
R7[202, 43, 364, 172, 72, 317, 145, 351, 363, 269, 386, 368, 314, 106, 287, 223, 389, 193]
R8[348, 113, 232, 11, 306, 335, 290, 3, 130, 320, 338, 70, 278, 219, 186, 104]
R9[161, 124, 183, 244, 173, 17, 352, 142, 280, 249, 190, 24, 350, 212, 247, 209, 210, 152, 379, 299, 281, 323, 311]
R10[39, 353, 272, 181, 29, 82, 56, 318, 225, 341, 27, 199, 4, 79, 116, 360, 211]
R11[308, 185, 92, 30, 246, 177, 23, 331, 131, 28, 315, 264, 18, 307]
R12[5, 325, 310, 380, 100, 376, 97, 149, 160, 245, 47, 397, 75, 54, 367, 169, 343, 119, 349]
R13[258, 109, 226, 14, 250, 330, 206, 112, 21, 207, 2, 251, 165, 326, 234, 188, 371, 383, 19]
R14[59, 53, 399, 184, 319, 260, 384, 102, 144, 34, 86, 194, 108, 274, 377, 71, 12, 236, 337]
R15[115, 268, 110, 357, 191, 358, 271, 180, 114, 9, 162, 385, 391, 134, 197, 94]
R16[373, 171, 189, 143, 284, 372, 233, 83, 241, 33, 44, 220, 339, 87, 10, 321, 374, 98]
R17[139, 395, 237, 40, 103, 390, 57, 289, 392, 76, 378, 340, 32, 6, 55, 129, 164, 93, 238, 31]
R18[107, 217, 64, 356, 68, 73, 239, 99, 286, 255, 196, 155, 316, 80, 294, 221, 25, 133, 66]
R19[141, 153, 228, 387, 282, 329, 84, 81, 122, 218, 400, 261, 138, 147, 208, 126, 213, 61, 242, 263]
R20[8, 375, 381, 65, 88, 370, 135, 170, 302, 166, 305, 38, 297, 359, 394, 140]
R21[334, 117, 37, 1, 327, 300, 291, 111, 168, 276, 151, 48, 292, 158, 224, 275, 270, 312, 156, 365]
R22[230, 13, 16, 195, 182, 167, 174, 26, 78, 58, 296, 333, 105, 121, 137, 382, 303]
------------------------------------------
