 
------------------------------------------
CANTIDAD DE EJECUCIONES: 100
HEURÍSTICA DE CONSTRUCCIÓN: HeuristicType.Sweep
COSTO TOTAL: 39374.5
TOTAL DE RUTAS: 22
TIEMPO DE EJECUCIÓN: 114.5275719165802 milisegundos
 
R1[331, 395, 199, 259, 144, 38, 289, 24, 307, 270, 51, 31, 84, 136, 385, 297, 364]
R2[189, 392, 106, 369, 204, 100, 262, 168, 255, 160, 217, 163, 55, 220, 371, 378, 323]
R3[309, 278, 296, 251, 308, 238, 348, 288, 302, 93, 104, 340, 29, 280, 66, 78, 281]
R4[150, 123, 314, 187, 351, 60, 276, 310, 357, 231, 373, 158, 14, 305, 64, 110, 286, 148, 333, 240, 245]
R5[301, 1, 326, 126, 141, 164, 339, 65, 277, 177, 101, 16, 256, 10, 71, 341]
R6[283, 372, 161, 20, 260, 43, 174, 2, 34, 370, 200, 12, 115, 33, 68, 257, 294, 91]
R7[239, 97, 389, 69, 190, 83, 241, 316, 273, 134, 63, 384, 387, 80, 213]
R8[28, 224, 206, 133, 295, 274, 8, 365, 184, 183, 376, 99, 290, 131, 254, 192, 182, 56, 208]
R9[293, 13, 156, 230, 74, 248, 112, 400, 304, 77, 167, 103, 178, 267, 344, 396, 279, 325, 249, 338]
R10[318, 337, 194, 317, 219, 176, 119, 355, 128, 62, 82, 113, 52, 146, 6, 205]
R11[154, 79, 287, 399, 118, 272, 58, 377, 179, 322, 181, 269, 320, 258, 263, 172]
R12[210, 191, 332, 23, 32, 44, 54, 380, 391, 350, 349, 300, 124, 361, 142, 107, 329]
R13[132, 145, 135, 195, 188, 27, 311, 346, 196, 41, 237, 166, 137, 328, 265, 153, 397]
R14[298, 235, 70, 228, 253, 215, 360, 169, 155, 330, 358, 25, 157, 229, 26, 18]
R15[366, 381, 212, 282, 374, 394, 88, 214, 226, 292, 324, 114, 39, 221, 3, 398, 37, 22, 250, 72, 7]
R16[345, 236, 105, 227, 147, 284, 375, 46, 299, 185, 116, 312, 335, 313, 243]
R17[315, 59, 175, 75, 95, 321, 90, 246, 367, 108, 48, 303, 162, 242, 5, 180, 159, 15]
R18[216, 73, 76, 252, 268, 202, 201, 186, 393, 94, 291, 170, 122, 363]
R19[149, 42, 111, 96, 319, 359, 49, 233, 125, 379, 343, 173, 130, 234, 271, 354]
R20[35, 275, 198, 356, 4, 152, 85, 127, 139, 17, 382, 53, 61, 386, 388]
R21[30, 138, 36, 109, 87, 334, 203, 368, 57, 45, 117, 261, 362, 19, 89, 143, 306, 81, 140, 165]
R22[98, 347, 247, 11, 266, 390, 50, 207, 120, 225, 336, 232, 352, 21, 67, 171, 342, 244, 86]
------------------------------------------
