 
------------------------------------------
CANTIDAD DE EJECUCIONES: 100
HEURÍSTICA DE CONSTRUCCIÓN: HeuristicType.RandomMethod
COSTO TOTAL: 39872.52
TOTAL DE RUTAS: 22
TIEMPO DE EJECUCIÓN: 0.35332584381103516 milisegundos
 
R1[163, 354, 292, 379, 66, 111, 203, 15, 376, 48, 289, 52, 51, 19, 223, 247, 158, 213, 179]
R2[5, 74, 176, 132, 137, 116, 29, 280, 251, 56, 208, 27, 30, 275, 364, 64, 112, 146, 92, 69, 9]
R3[353, 339, 110, 236, 87, 319, 50, 358, 16, 347, 134, 102, 39, 167, 125, 24, 272]
R4[234, 178, 244, 348, 200, 343, 207, 320, 166, 118, 162, 389, 149, 94, 123, 126]
R5[55, 133, 219, 259, 18, 250, 2, 153, 210, 356, 145, 238, 41, 113, 159, 240, 216, 187]
R6[35, 224, 394, 268, 131, 233, 369, 254, 177, 165, 298, 370, 53, 388, 362, 321]
R7[390, 284, 173, 385, 212, 3, 313, 399, 62, 285, 328, 326, 274, 17, 264, 138, 192]
R8[277, 199, 217, 267, 65, 344, 279, 381, 383, 384, 346, 160, 84, 99, 68, 295, 61, 391]
R9[154, 73, 345, 329, 172, 174, 13, 44, 372, 269, 397, 144, 197, 310, 315, 226, 304, 141]
R10[307, 95, 58, 26, 334, 57, 215, 180, 20, 107, 121, 282, 229, 96, 4, 248, 42, 79]
R11[237, 278, 361, 120, 119, 152, 10, 291, 220, 283, 266, 36, 222]
R12[78, 129, 325, 77, 323, 371, 255, 276, 76, 242, 83, 6, 317, 103, 108, 221, 196, 232, 188]
R13[330, 12, 396, 290, 195, 142, 352, 333, 398, 148, 115, 70, 265, 43, 130, 189, 38, 297]
R14[324, 340, 309, 336, 90, 81, 246, 245, 227, 28, 241, 249, 128, 45, 100, 89, 75, 22, 257]
R15[387, 168, 46, 270, 373, 338, 202, 231, 8, 225, 327, 357, 37, 135, 191, 281]
R16[23, 139, 201, 218, 170, 143, 11, 47, 258, 386, 262, 322, 380, 294, 109, 122]
R17[209, 184, 300, 127, 101, 374, 150, 299, 243, 368, 392, 151, 296, 31, 72, 71, 360, 393]
R18[253, 204, 124, 228, 350, 382, 49, 314, 181, 342, 85, 400, 198, 214, 331, 308]
R19[377, 235, 349, 355, 186, 288, 230, 375, 169, 293, 194, 147, 136, 366, 365, 88, 256, 164]
R20[378, 271, 104, 341, 33, 106, 303, 21, 260, 80, 305, 140, 155, 351, 97, 301]
R21[287, 286, 367, 337, 193, 332, 161, 86, 91, 239, 59, 32, 302, 98, 67]
R22[318, 185, 25, 316, 363, 54, 205, 105, 306, 93, 206, 263, 63, 117, 34, 156, 114, 1]
------------------------------------------
