 
------------------------------------------
CANTIDAD DE EJECUCIONES: 100
HEURÍSTICA DE CONSTRUCCIÓN: HeuristicType.NearestNeighborWithRLC
COSTO TOTAL: 37653.84
TOTAL DE RUTAS: 22
TIEMPO DE EJECUCIÓN: 43.47810888290405 milisegundos
 
R1[400, 366, 336, 311, 399, 286, 395, 241, 393, 398, 217, 392, 397, 209, 185, 396, 152, 126, 394]
R2[387, 115, 88, 386, 391, 390, 37, 20, 388, 384, 10, 3, 381, 385, 383, 378, 376]
R3[382, 380, 379, 377, 372, 373, 375, 374, 371, 367, 368, 370, 364, 360, 354, 369, 356]
R4[353, 365, 349, 351, 348, 346, 347, 343, 342, 340, 339, 335, 344, 332, 363, 329]
R5[331, 323, 322, 325, 319, 318, 315, 313, 362, 321, 312, 310, 308, 361, 305, 302, 309]
R6[304, 301, 359, 299, 300, 284, 297, 358, 280, 279, 296, 278, 294, 275, 357, 277, 355, 352]
R7[274, 268, 350, 269, 267, 266, 260, 257, 341, 338, 255, 262, 249, 246, 334, 253, 240, 333, 328]
R8[238, 230, 327, 225, 326, 237, 224, 231, 221, 324, 222, 212, 317, 208, 206, 219, 316, 314, 307, 306, 211]
R9[303, 298, 295, 202, 293, 201, 292, 198, 291, 197, 196, 199, 190, 191, 184]
R10[290, 288, 287, 186, 180, 285, 175, 169, 282, 179, 281, 276, 170, 165, 273, 272, 271]
R11[270, 167, 163, 265, 157, 164, 159, 155, 264, 154, 150, 263, 151, 261, 259, 148, 146]
R12[256, 145, 254, 252, 141, 149, 251, 140, 250, 142, 248, 139, 247, 134, 135]
R13[125, 118, 114, 130, 245, 243, 120, 242, 107, 239, 236, 112, 105, 102, 235]
R14[106, 101, 100, 234, 97, 233, 99, 96, 232, 92, 91, 94, 229, 90, 87, 84, 86]
R15[81, 80, 228, 83, 79, 227, 76, 226, 70, 223, 82, 78, 66, 69, 58, 56]
R16[220, 218, 54, 216, 64, 214, 213, 210, 49, 47, 207, 205, 60, 45, 59, 43, 53, 41, 36]
R17[34, 44, 204, 203, 29, 33, 28, 25, 23, 27, 21, 18, 15, 12, 13, 8, 200, 9]
R18[4, 7, 195, 2, 389, 320, 193, 194, 192, 289, 188, 171, 283, 144, 189, 138, 244, 1, 187, 182, 178]
R19[177, 176, 137, 183, 132, 181, 131, 173, 174, 172, 161, 168, 156, 162, 158, 6]
R20[128, 136, 124, 121, 133, 122, 113, 119, 111, 108, 73, 129, 72, 109, 103, 127, 123, 71]
R21[63, 55, 52, 50, 117, 42, 38, 116, 31, 110, 30, 95, 22, 93, 19, 85, 16]
R22[77, 14, 75, 74, 68, 104, 24, 98, 17, 67, 65, 26, 32, 11, 62, 61, 57, 51]
------------------------------------------
