 
------------------------------------------
CANTIDAD DE EJECUCIONES: 100
HEURÍSTICA DE CONSTRUCCIÓN: HeuristicType.RandomMethod
COSTO TOTAL: 39776.58
TOTAL DE RUTAS: 22
TIEMPO DE EJECUCIÓN: 0.2662997245788574 milisegundos
 
R1[92, 181, 334, 342, 196, 281, 64, 331, 153, 130, 86, 220, 26, 50, 373, 189]
R2[368, 244, 254, 97, 180, 396, 49, 275, 340, 44, 93, 159, 81, 272, 231, 169, 374, 217, 197, 232, 37]
R3[290, 191, 163, 316, 124, 384, 103, 179, 261, 31, 38, 329, 106, 260, 274, 33, 139, 12, 264, 117]
R4[273, 204, 8, 138, 132, 221, 55, 375, 328, 142, 235, 2, 257, 277, 350, 168, 176, 249]
R5[84, 61, 154, 283, 302, 345, 57, 315, 134, 104, 100, 323, 143, 72, 146, 230, 3, 19]
R6[256, 237, 28, 389, 366, 194, 67, 313, 205, 43, 21, 251, 32, 125]
R7[107, 377, 71, 234, 65, 378, 372, 83, 87, 121, 341, 110, 166, 259, 60, 224, 312, 112]
R8[200, 301, 120, 116, 239, 195, 305, 186, 250, 359, 5, 214, 253, 182, 56, 225, 199, 54, 79]
R9[218, 278, 1, 325, 203, 371, 320, 393, 291, 210, 352, 149, 99, 90, 240, 358, 101, 292, 355, 295]
R10[51, 326, 271, 201, 380, 381, 88, 246, 258, 16, 78, 155, 15, 161, 324]
R11[58, 398, 190, 400, 105, 77, 298, 337, 20, 202, 321, 241, 293, 353, 387]
R12[229, 40, 150, 370, 338, 397, 227, 135, 147, 356, 70, 91, 333, 6, 379, 115, 94]
R13[183, 394, 156, 215, 388, 266, 7, 262, 151, 63, 267, 131, 270, 361, 11]
R14[299, 286, 127, 360, 173, 383, 208, 76, 45, 152, 317, 137, 216, 284]
R15[95, 62, 391, 133, 171, 319, 296, 42, 309, 129, 47, 248, 4, 226, 39, 279, 364, 128, 108]
R16[184, 29, 344, 144, 311, 228, 207, 252, 53, 73, 178, 255, 294, 193, 282, 289, 177]
R17[165, 348, 66, 354, 123, 59, 9, 322, 212, 48, 75, 22, 318, 113, 126, 25, 307, 336]
R18[30, 185, 13, 136, 187, 365, 188, 172, 69, 285, 349, 297, 175, 276, 85, 17, 369]
R19[280, 80, 310, 265, 167, 314, 287, 111, 24, 162, 74, 233, 98, 351, 109, 46, 122, 263, 269, 18]
R20[247, 392, 268, 89, 82, 34, 206, 376, 140, 362, 10, 335, 198, 288, 236, 332, 245]
R21[343, 327, 303, 213, 27, 36, 243, 330, 367, 385, 114, 118, 395, 357, 242, 170, 390]
R22[238, 141, 68, 300, 222, 363, 347, 14, 308, 145, 306, 23, 41, 223, 339, 386, 399, 346]
------------------------------------------
