 
------------------------------------------
CANTIDAD DE EJECUCIONES: 100
HEURÍSTICA DE CONSTRUCCIÓN: HeuristicType.SaveSequential
COSTO TOTAL: 8696.55
TOTAL DE RUTAS: 36
TIEMPO DE EJECUCIÓN: 6.3079493045806885 milisegundos
 
R1[138, 35, 110, 369, 61, 218, 11, 236, 182, 290, 223]
R2[282, 350, 26, 183, 123, 40, 117, 320, 283, 289, 168, 247, 162, 355, 214]
R3[181, 30, 95, 177, 328, 380, 85, 265, 73]
R4[199, 385, 303, 144, 24, 93, 229, 204, 295, 103, 220, 122]
R5[197, 81, 246, 84, 312, 379, 386, 179, 180, 54, 94, 74]
R6[353, 96, 51, 389, 1, 127, 116, 245, 242, 396]
R7[149, 169, 140, 52, 399, 22, 317, 16, 314, 136, 171]
R8[8, 387, 125, 231, 78, 231, 225, 323, 278, 400]
R9[31, 108, 362, 248, 239, 27, 287, 128, 192, 243, 192]
R10[393, 279, 291, 132, 302, 298, 87, 70, 201, 25]
R11[198, 12, 9, 47, 299, 360, 219, 237, 255, 33, 112]
R12[234, 250, 98, 345, 57, 244, 305, 135, 90, 196, 321]
R13[5, 160, 337, 330, 147, 89, 153, 46, 215, 143, 166, 258]
R14[107, 210, 133, 156, 382, 338, 256, 205, 324, 62, 39]
R15[348, 44, 114, 388, 235, 281, 129, 263, 176, 137, 384, 124]
R16[91, 344, 131, 161, 173, 233, 50, 383, 121, 213, 55]
R17[36, 313, 82, 296, 254, 293, 359, 60, 53, 296, 120]
R18[42, 200, 187, 341, 207, 273, 365, 203, 119, 228, 75, 352, 326]
R19[240, 190, 4, 275, 170, 274, 370, 252, 141, 56, 271, 390]
R20[146, 308, 165, 266, 339, 262, 34, 230, 43, 260, 319]
R21[398, 66, 174, 189, 222, 71, 68, 394, 288, 14, 6, 327]
R22[193, 19, 270, 284, 151, 294, 63, 322, 333, 32]
R23[356, 58, 351, 221, 23, 38, 67, 65, 307, 264, 374]
R24[102, 159, 304, 253, 59, 211, 113, 178, 77, 357]
R25[10, 209, 335, 86, 315, 80, 371, 111, 194, 363, 251, 316, 276, 142]
R26[306, 377, 272, 158, 104, 227, 17, 226, 172, 109, 292]
R27[373, 340, 364, 277, 325, 167, 69, 164, 378, 148]
R28[134, 372, 130, 191, 349, 139, 392, 280, 139, 2]
R29[342, 118, 21, 232, 72, 397, 216, 358, 195, 285]
R30[241, 7, 212, 157, 28, 249, 29, 49, 259, 184, 175, 99]
R31[311, 76, 300, 13, 15, 257, 101, 375, 97, 37, 368, 331]
R32[366, 83, 206, 354, 150, 3, 217, 88, 185, 347]
R33[20, 267, 367, 391, 268, 79, 310, 92, 224, 332, 41, 309]
R34[376, 395, 361, 155, 105, 154, 381, 186, 202, 100]
R35[64, 145, 318, 334, 18, 238, 346, 45, 297, 329]
R36[336, 286, 152, 208, 106, 269, 343, 163, 115, 126]
------------------------------------------
