 
------------------------------------------
CANTIDAD DE EJECUCIONES: 100
HEURÍSTICA DE CONSTRUCCIÓN: HeuristicType.KilbyAlgorithm
COSTO TOTAL: 18757.2
TOTAL DE RUTAS: 100
TIEMPO DE EJECUCIÓN: 341.65785121917725 milisegundos
 
R1[40, 117, 214, 326, 352, 350, 292, 226, 381, 172, 282, 183, 355, 123, 247, 162, 320, 168, 283, 227, 104, 289]
R2[17, 154, 186, 105, 155, 361, 158]
R3[1, 116, 127, 242, 354, 259, 242, 245, 389]
R4[2, 376, 272, 306, 347, 395, 306, 377]
R5[3]
R6[4, 240, 115, 364, 340]
R7[5]
R8[6]
R9[7, 241, 311]
R10[8]
R11[9]
R12[10, 286]
R13[11, 252, 370, 331, 398, 331, 218]
R14[12, 305]
R15[13]
R16[14]
R17[15]
R18[16, 132, 314, 317]
R19[18, 297, 329, 343, 163, 269, 106, 238, 334, 285, 195, 216, 358]
R20[19, 193, 284, 322, 356, 322]
R21[20]
R22[21, 346, 342, 118]
R23[22, 399, 300]
R24[23, 134, 107]
R25[24, 303, 335, 217, 144, 385, 254]
R26[25]
R27[26, 109, 202]
R28[27]
R29[28]
R30[29]
R31[30, 302, 298]
R32[31, 249, 360, 198, 157, 255, 219, 237, 212, 169, 287, 362, 108, 248, 171, 192, 243, 128, 239]
R33[32, 374, 111, 142, 276, 316]
R34[33, 375, 149]
R35[34]
R36[35, 138, 170, 275, 369, 223, 110, 190]
R37[36, 392, 139]
R38[37]
R39[38, 175]
R40[39]
R41[41]
R42[42]
R43[43]
R44[44, 185, 114]
R45[45]
R46[46, 152, 384, 137, 176, 215, 263, 153, 281, 388, 348, 129, 235]
R47[47, 299]
R48[48, 244, 390]
R49[49]
R50[50, 213, 344, 261, 383, 121, 131, 120, 161, 173, 233]
R51[51]
R52[279, 321, 291, 257, 140, 135, 112, 52, 136]
R53[53, 313, 301]
R54[54, 146, 180, 386]
R55[55, 151, 221, 351, 315, 294]
R56[56]
R57[57, 271, 189, 174]
R58[58]
R59[59, 253]
R60[60, 280, 349, 191, 293, 359]
R61[61, 290, 182, 236, 274, 141]
R62[62, 371, 333, 133, 156, 324, 205, 256, 338, 210, 382]
R63[63]
R64[64]
R65[65, 264, 184, 307, 366, 206, 150, 396]
R66[66, 126]
R67[67, 251, 363, 194]
R68[68, 113, 288, 394]
R69[69, 164, 378, 267, 167, 148, 367, 391, 367]
R70[70]
R71[71, 304, 159, 102, 211, 102]
R72[72, 365, 341, 207, 273, 397, 318, 145, 100, 208]
R73[73]
R74[74, 327, 178]
R75[75, 232, 119, 203, 200, 187, 228, 309]
R76[76]
R77[77, 357]
R78[78, 230, 400, 387, 379, 231, 224, 262, 260, 332, 278, 319, 323, 225, 125, 231]
R79[79]
R80[80]
R81[81, 339, 197, 310, 197, 312]
R82[82, 199, 296]
R83[83]
R84[84, 266, 165, 308, 179]
R85[85, 265, 328, 380]
R86[86]
R87[87, 201]
R88[88]
R89[89, 143, 330, 160, 337, 258, 166, 147]
R90[90, 196, 101, 393]
R91[91, 130, 372]
R92[92]
R93[93, 122, 295, 204, 229, 103, 220, 209]
R94[94, 268]
R95[95, 177]
R96[96, 353]
R97[97]
R98[98, 234, 250, 345, 325, 368]
R99[99]
R100[336]
------------------------------------------
