 
------------------------------------------
CANTIDAD DE EJECUCIONES: 100
HEURÍSTICA DE CONSTRUCCIÓN: HeuristicType.CMT
COSTO TOTAL: 6512.07
TOTAL DE RUTAS: 36
TIEMPO DE EJECUCIÓN: 11.672223329544067 milisegundos
 
R1[150, 354, 99, 366, 83, 3, 175, 184, 206, 184, 13, 15, 257, 76]
R2[4, 223, 35, 218, 182, 236, 170, 138, 61, 369, 35, 240, 110, 110, 35, 290, 11]
R3[313, 199, 82, 254, 359, 359, 53, 60, 296, 359, 293, 359]
R4[141, 56, 274, 370, 252]
R5[250, 345, 98, 48, 57, 244, 271, 234]
R6[285, 195, 18, 334, 216, 358, 216, 207, 397]
R7[174, 189, 390]
R8[8, 400, 332, 339, 41, 230, 34, 43, 230, 260, 319, 34, 260, 92]
R9[225, 278, 323, 387, 323, 78, 231]
R10[302, 73, 87, 70, 25, 96, 353, 70, 201, 25, 70, 87, 328, 85, 265, 380, 49]
R11[297, 329, 106, 318, 145, 64, 269, 100, 343, 208, 163]
R12[1, 116, 181, 127, 389, 127, 245, 242, 259]
R13[102, 69, 253, 304, 340, 373, 167, 367, 148, 378, 164, 69, 222, 159, 304, 71, 391, 267]
R14[29, 28, 249, 305, 47, 299, 33, 255, 157, 212, 321, 196, 393, 198, 219, 237, 169, 169, 212, 12, 198, 135, 90, 112, 149, 101]
R15[379, 386, 312, 246, 246, 81, 197, 84, 180, 54, 94]
R16[153, 89, 147, 215, 46, 215, 143, 258, 330, 337, 160, 5]
R17[67, 65, 62, 39, 32, 333]
R18[362, 192, 27, 128, 239, 248, 108, 248, 248, 31, 243]
R19[341, 200, 123, 187, 200, 119, 228, 72, 273, 203, 365, 273, 42, 232]
R20[146, 79, 268, 308, 165, 266]
R21[376, 347, 347, 2, 347, 347, 306, 124, 2, 272, 361, 381, 154, 186, 202, 342, 309, 346, 45, 118, 21]
R22[158, 227, 104, 289, 168, 283]
R23[368, 277, 66, 398, 331, 115, 126, 325, 20, 37, 97, 375, 311, 241]
R24[220, 103, 295, 204, 229, 24, 93, 144, 303, 122]
R25[396, 307, 264, 194, 111, 374, 194, 251, 316, 276, 142, 38, 371]
R26[131, 261, 261, 213, 121, 121, 121, 63, 173, 121, 120, 55, 221, 261, 151]
R27[14, 6, 113, 288, 288, 68, 394, 68, 77, 327, 357]
R28[107, 134, 356, 315, 351, 284, 58, 351, 344, 191, 130, 91, 372, 349]
R29[301, 36, 392, 280, 139]
R30[210, 133, 156, 382, 338]
R31[16, 314, 136, 52, 132, 399, 22, 291, 291, 279, 140]
R32[188]
R33[350, 352, 226, 109, 226, 326, 247, 320, 26, 282, 26, 172, 40, 214, 226, 172, 17]
R34[152, 10, 88, 185, 217, 336, 286, 209]
R35[263, 129, 176, 137, 44, 235, 281, 388, 235, 348, 114]
R36[324, 256, 205, 193, 19, 270, 23, 322]
------------------------------------------
