 
------------------------------------------
CANTIDAD DE EJECUCIONES: 100
HEURÍSTICA DE CONSTRUCCIÓN: HeuristicType.RandomMethod
COSTO TOTAL: 40239.36
TOTAL DE RUTAS: 22
TIEMPO DE EJECUCIÓN: 0.2761552333831787 milisegundos
 
R1[112, 21, 268, 308, 172, 208, 62, 234, 263, 357, 192, 257, 396, 217, 220, 335, 241, 202, 88]
R2[378, 110, 92, 215, 147, 276, 255, 336, 82, 76, 273, 32, 267, 113, 122, 345, 258]
R3[371, 187, 186, 223, 22, 377, 218, 245, 374, 127, 348, 161, 282, 24, 86, 153, 145, 368]
R4[392, 80, 304, 360, 367, 383, 317, 89, 20, 298, 219, 318, 209, 162, 228, 190, 138, 306]
R5[148, 25, 321, 121, 152, 120, 235, 165, 261, 8, 319, 369, 23, 196, 170, 251, 75]
R6[134, 96, 227, 155, 353, 291, 305, 359, 94, 315, 157, 376, 242, 29, 46]
R7[300, 168, 129, 43, 252, 195, 398, 337, 302, 67, 136, 363, 154, 349, 225, 260, 324, 124, 105, 100]
R8[248, 185, 35, 233, 66, 167, 365, 191, 314, 140, 128, 103, 269, 70, 12, 63]
R9[206, 351, 177, 373, 288, 184, 229, 322, 47, 362, 212, 182, 84, 137, 344, 58]
R10[174, 340, 90, 200, 327, 201, 250, 130, 198, 293, 83, 210, 125, 221]
R11[14, 366, 301, 256, 275, 119, 356, 395, 1, 274, 346, 313, 385, 350, 54, 50, 108]
R12[259, 278, 10, 169, 52, 389, 79, 341, 71, 237, 311, 72, 390, 307, 179, 146]
R13[5, 144, 199, 213, 116, 107, 13, 326, 329, 303, 265, 323, 111, 55, 325, 354, 203, 109, 316, 246, 283, 102]
R14[352, 97, 93, 39, 193, 358, 214, 296, 115, 180, 16, 173, 330, 158, 117, 309, 156, 290, 249]
R15[270, 118, 281, 295, 394, 42, 34, 254, 370, 44, 4, 244, 224, 56, 375, 73, 310, 205, 230]
R16[149, 53, 74, 123, 332, 160, 28, 297, 51, 142, 189, 197, 379, 126, 27, 400, 164, 81]
R17[289, 2, 163, 382, 236, 271, 171, 45, 320, 69, 60, 178, 99, 139, 61, 31, 226, 284, 3]
R18[150, 18, 388, 279, 143, 95, 38, 272, 104, 159, 262, 393, 207, 40, 266, 292, 175]
R19[26, 183, 287, 135, 331, 342, 11, 15, 194, 216, 9, 333, 176, 6, 361, 347]
R20[132, 386, 106, 85, 285, 247, 222, 264, 87, 133, 114, 397, 238, 372, 280, 101, 36, 37]
R21[78, 204, 294, 91, 64, 387, 391, 399, 59, 19, 334, 41, 384, 231]
R22[277, 49, 211, 188, 364, 98, 7, 141, 30, 312, 381, 338, 240, 33, 65, 57, 181, 253, 68, 286, 151]
------------------------------------------
