 
------------------------------------------
CANTIDAD DE EJECUCIONES: 100
HEURÍSTICA DE CONSTRUCCIÓN: HeuristicType.SaveSequential
COSTO TOTAL: 5917.46
TOTAL DE RUTAS: 23
TIEMPO DE EJECUCIÓN: 126.66647267341614 milisegundos
 
R1[210, 382, 55, 63, 213, 121, 50, 173, 233, 161, 383, 261, 131, 254, 293, 359, 60, 53]
R2[224, 262, 387, 78, 231, 125, 188, 225, 323, 278, 379, 312, 386, 179, 180, 54, 94]
R3[42, 200, 187, 123, 183, 40, 117, 320, 283, 289, 168, 247, 162, 355, 214, 352, 282, 350, 26, 172, 109, 75]
R4[268, 84, 246, 81, 197, 357, 77, 74, 178, 6, 288, 14, 394, 68, 14, 113, 71, 211, 59]
R5[189, 174, 271, 57, 48, 345, 98, 250, 244, 390, 234, 11, 369, 110, 35, 61, 218, 236]
R6[129, 176, 5, 330, 337, 160, 89, 147, 46, 153, 215, 143, 166, 258, 158, 104, 227, 17, 326, 226, 292]
R7[99, 389, 181, 1, 127, 116, 245, 242, 259, 51, 65, 67, 39, 62, 32, 133]
R8[25, 70, 87, 298, 30, 95, 177, 328, 380, 85, 265, 73, 317, 136, 52, 314]
R9[270, 193, 19, 205, 256, 338, 156, 324, 333, 374, 307, 396, 264, 111, 194, 363, 251, 316, 276, 371]
R10[195, 216, 358, 285, 319, 260, 43, 230, 34, 8, 400, 339, 165, 308, 266, 310, 92, 332]
R11[207, 341, 273, 365, 203, 119, 228, 105, 155, 361, 272, 377, 306, 124, 2, 347, 395, 376]
R12[267, 373, 340, 364, 223, 182, 290, 370, 252, 274, 138, 170, 4, 190, 275, 56, 141, 240, 159]
R13[238, 18, 334, 397, 72, 232, 21, 118, 309, 346, 342, 202, 381, 154, 186, 45]
R14[76, 196, 279, 291, 16, 22, 399, 132, 31, 362, 108, 248, 192, 243, 171, 239, 192, 9]
R15[151, 120, 86, 82, 199, 385, 303, 24, 93, 229, 204, 295, 103, 220, 122, 144, 296, 313, 335]
R16[185, 235, 281, 263, 388, 137, 384, 44, 348, 114, 294, 322, 23, 38, 142, 96]
R17[157, 219, 140, 135, 112, 90, 393, 321, 287, 27, 198, 12, 47, 299, 237, 169]
R18[175, 134, 284, 221, 351, 58, 315, 80, 356, 107, 49, 353, 201, 302, 212, 249]
R19[391, 367, 164, 378, 148, 167, 69, 222, 304, 102, 253, 79, 146, 41, 297, 329]
R20[126, 66, 398, 277, 331, 325, 368, 37, 20, 305, 360, 28, 29, 255, 33, 7, 149]
R21[217, 301, 280, 36, 392, 191, 344, 91, 130, 349, 139, 372, 184, 206, 354, 83, 150]
R22[241, 311, 15, 97, 375, 101, 257, 13, 300, 366, 3, 209, 10, 152, 88, 286, 336, 208, 100, 64]
R23[115, 163, 106, 318, 145, 269, 343]
------------------------------------------
