 
------------------------------------------
CANTIDAD DE EJECUCIONES: 100
HEURÍSTICA DE CONSTRUCCIÓN: HeuristicType.Sweep
COSTO TOTAL: 39710.14
TOTAL DE RUTAS: 22
TIEMPO DE EJECUCIÓN: 112.05396294593811 milisegundos
 
R1[378, 13, 332, 159, 286, 297, 104, 98, 153, 176, 5, 192, 248, 348, 72, 70, 58, 81, 99]
R2[222, 11, 110, 339, 62, 385, 256, 220, 245, 132, 42, 133, 372, 97, 121]
R3[226, 325, 12, 152, 188, 237, 134, 281, 361, 270, 288, 319, 149, 165, 224, 333]
R4[47, 191, 66, 296, 83, 88, 109, 187, 214, 105, 68, 258, 234, 350, 40, 271, 3, 205, 48]
R5[111, 336, 371, 46, 23, 95, 193, 278, 389, 170, 27, 178, 329, 390, 163, 143, 365]
R6[303, 294, 399, 375, 117, 235, 395, 131, 49, 36, 154, 293, 233, 29, 168, 255, 166, 89, 44]
R7[93, 37, 391, 379, 238, 123, 311, 289, 247, 345, 231, 77, 346, 341, 264, 173, 227, 230]
R8[28, 330, 17, 147, 204, 239, 69, 315, 273, 73, 316, 10, 366, 263, 129, 16, 337]
R9[150, 137, 130, 31, 181, 71, 232, 156, 347, 1, 20, 351, 241, 382, 85, 302, 76, 267, 30, 35, 74]
R10[57, 344, 139, 177, 78, 158, 22, 277, 359, 189, 200, 295, 298, 169]
R11[386, 275, 128, 196, 194, 373, 161, 201, 135, 290, 151, 331, 94]
R12[45, 384, 283, 67, 61, 195, 374, 353, 338, 387, 306, 364, 148, 397, 24, 199, 383]
R13[282, 119, 307, 87, 101, 393, 246, 162, 92, 34, 257, 242, 213, 118, 260, 276, 394]
R14[4, 300, 41, 370, 136, 175, 392, 377, 18, 287, 320, 182, 146, 144, 116, 381]
R15[103, 26, 357, 380, 65, 202, 268, 313, 305, 90, 352, 184, 328, 251, 145, 354]
R16[125, 51, 108, 355, 64, 376, 356, 221, 243, 54, 279, 14, 362, 190, 304, 291, 107, 212]
R17[249, 142, 33, 21, 183, 396, 86, 335, 343, 126, 52, 180, 7, 210, 323, 50, 25, 244, 8, 206, 317]
R18[114, 314, 367, 309, 155, 75, 179, 100, 358, 312, 219, 106, 43, 209, 6, 141, 172, 360, 261, 269]
R19[215, 115, 167, 39, 334, 368, 229, 327, 262, 122, 9, 254, 272, 53, 186, 318, 79, 285]
R20[120, 284, 19, 198, 127, 236, 301, 228, 164, 321, 340, 80, 113, 138, 218, 197, 60]
R21[363, 369, 211, 324, 223, 84, 171, 96, 225, 326, 15, 388, 299, 174, 203, 398, 55, 207, 102, 250, 91]
R22[322, 259, 56, 280, 140, 216, 157, 32, 63, 266, 82, 59, 310, 400, 342]
------------------------------------------
