 
------------------------------------------
CANTIDAD DE EJECUCIONES: 100
HEURÍSTICA DE CONSTRUCCIÓN: HeuristicType.RandomMethod
COSTO TOTAL: 39913.5
TOTAL DE RUTAS: 22
TIEMPO DE EJECUCIÓN: 0.2701907157897949 milisegundos
 
R1[286, 334, 256, 179, 324, 392, 77, 221, 110, 103, 291, 75, 124, 297, 225]
R2[340, 268, 332, 337, 117, 24, 45, 127, 57, 325, 78, 309, 298, 184, 274]
R3[385, 240, 250, 356, 374, 74, 195, 376, 271, 355, 40, 109, 238, 178, 28, 279, 370, 378]
R4[36, 314, 267, 161, 353, 229, 254, 135, 321, 361, 172, 131, 358, 21]
R5[379, 15, 87, 81, 293, 215, 338, 76, 170, 115, 156, 219, 32, 243, 306, 294]
R6[391, 264, 52, 153, 123, 276, 331, 150, 196, 6, 247, 129, 33, 299, 202, 68, 116, 226, 380]
R7[239, 105, 137, 252, 296, 70, 34, 313, 176, 133, 23, 270, 371, 303, 288, 230, 304]
R8[381, 307, 330, 159, 328, 89, 398, 112, 188, 11, 295, 82, 335, 235, 326, 140, 66]
R9[201, 315, 164, 181, 292, 359, 368, 90, 61, 146, 4, 130, 95, 236, 106, 269]
R10[141, 91, 67, 308, 155, 249, 85, 98, 369, 132, 43, 212, 47, 217, 27, 99, 16]
R11[121, 208, 189, 253, 393, 192, 360, 139, 242, 275, 86, 8, 318, 111, 320, 339, 280, 347, 20, 19]
R12[281, 51, 64, 265, 277, 128, 10, 108, 198, 7, 193, 258, 394, 102, 126, 255, 125]
R13[97, 232, 46, 395, 177, 58, 92, 151, 363, 301, 2, 336, 96, 72, 282, 214, 248, 197, 5, 209, 187]
R14[180, 136, 1, 79, 88, 278, 101, 329, 120, 142, 213, 190, 119, 231, 44, 35, 364, 80, 396, 22, 244]
R15[134, 216, 351, 310, 227, 152, 322, 349, 263, 372, 73, 37, 300, 382, 53, 343]
R16[154, 158, 311, 287, 241, 327, 316, 25, 365, 362, 65, 157, 223, 203, 144, 145, 56, 39, 12, 30, 31, 171]
R17[182, 237, 122, 210, 289, 191, 9, 3, 71, 283, 234, 167, 41, 367, 55, 206, 199, 50, 204, 260]
R18[341, 207, 93, 218, 59, 346, 42, 149, 83, 400, 317, 245, 272, 60, 49, 166, 143, 138, 29]
R19[94, 259, 38, 273, 63, 220, 390, 375, 194, 26, 357, 233, 387, 345]
R20[246, 383, 14, 224, 389, 168, 352, 205, 302, 350, 348, 377, 104, 266, 399, 163, 384]
R21[373, 285, 388, 312, 118, 169, 160, 342, 333, 175, 18, 69, 211, 305, 48, 147, 323]
R22[114, 366, 113, 54, 165, 200, 183, 100, 173, 162, 251, 185, 284, 262, 186, 107, 397]
------------------------------------------
