 
------------------------------------------
CANTIDAD DE EJECUCIONES: 100
HEURÍSTICA DE CONSTRUCCIÓN: HeuristicType.CMT
COSTO TOTAL: 4791.48
TOTAL DE RUTAS: 23
TIEMPO DE EJECUCIÓN: 121.69954037666321 milisegundos
 
R1[100, 318, 145, 106, 297, 329, 64, 269, 343, 208, 163]
R2[186, 202, 381, 45, 346, 118, 309, 342, 309, 342]
R3[311, 76, 97, 149, 7, 257, 15, 101, 375, 375, 13, 300]
R4[146, 79, 268, 310, 165, 308, 165, 262, 8, 34, 332, 41, 332, 92, 266, 92, 339, 230, 43, 164, 400]
R5[126, 115, 398, 66, 398, 66, 398, 398, 20, 37, 391, 267]
R6[242, 259, 374, 65, 111, 251, 194, 363, 276, 142, 38, 32, 111, 316, 264, 307, 264, 264, 396, 116, 1, 245, 127, 51, 32, 371, 49]
R7[150, 354, 366, 83, 206, 206, 184, 99, 3]
R8[14, 288, 394, 288, 74, 288, 178, 327, 113, 159, 59, 222, 253, 357, 102, 288, 288, 6, 288, 288]
R9[192, 239, 243, 248, 171, 243, 108, 362, 31, 287, 27]
R10[285, 216, 334, 18, 18, 216, 195, 207, 397, 341]
R11[209, 185, 10, 152, 88, 286, 336, 286]
R12[9, 360, 299, 299, 299, 12, 198, 135, 140, 112, 393, 196, 90, 47, 299, 299, 360, 157, 169, 255, 212, 255, 237, 321, 279]
R13[210, 62, 333, 324, 205, 324, 133, 156, 338, 382, 256, 156, 270, 193, 55, 151, 294, 173]
R14[337, 330, 160, 89, 143, 153, 46, 215, 147, 89, 5, 258, 176, 263, 281, 129, 137, 388, 44]
R15[199, 335, 86, 296, 82, 296, 313, 53, 293, 359, 385, 121, 213, 254, 161, 261, 131, 383, 50, 261, 120]
R16[250, 57, 48, 57, 244, 244, 271, 244, 174, 189, 234]
R17[350, 352, 352, 282, 26, 123, 183, 123, 183, 119, 109, 75, 109, 283, 168, 289, 247, 214, 320, 355, 365, 172, 200, 203, 365, 72, 273, 228, 232, 326, 292, 162, 17]
R18[4, 170, 275, 56, 141, 274, 138, 370, 290, 182, 218, 236, 61, 218, 290, 369, 35, 274, 138, 240, 190, 364, 340, 373, 167, 148, 367, 378]
R19[30, 95, 328, 177, 85, 265, 380, 380, 317, 136, 314, 52, 16, 22, 399, 132, 291, 298, 302, 87, 201, 70, 25, 96, 353]
R20[107, 134, 284, 351, 351, 356, 58, 191, 349, 91, 130, 372, 344, 315, 284, 351, 351, 139, 392, 301, 36, 280]
R21[24, 220, 295, 229, 204, 103, 93, 303, 144, 122, 235, 348, 114]
R22[306, 347, 376, 377, 124, 377, 2, 2, 272, 272, 377, 361, 395, 155, 105]
R23[278, 323, 387, 225, 125, 231, 231, 188, 231, 94, 54, 386, 180, 179, 84, 312, 246, 197, 81]
------------------------------------------
