 
------------------------------------------
CANTIDAD DE EJECUCIONES: 100
HEURÍSTICA DE CONSTRUCCIÓN: CMT
COSTO TOTAL: 1285.44
TOTAL DE RUTAS: 3
TIEMPO DE EJECUCIÓN: 776 milisegundos
 
R1[61, 84, 17, 86, 16, 45, 46, 8, 82, 83, 18, 52, 89, 5, 60, 99, 93, 85]
R2[63, 62, 10, 90, 32, 66, 71, 35, 9, 78, 33, 88, 19, 11, 30, 70, 7, 48, 79, 3, 69, 50, 51, 81, 34, 20, 65, 31, 36, 49, 64, 47, 1, 77, 29, 76, 68]
R3[100, 41, 23, 67, 39, 25, 55, 24, 12, 80, 54, 21, 73, 26, 28, 2, 72, 74, 22, 75, 56, 4, 40, 15, 57, 38, 14, 58, 53, 27, 43, 42, 13, 87, 44, 94, 6, 97, 95, 96, 92, 59, 91, 37, 98]
------------------------------------------
