 
------------------------------------------
CANTIDAD DE EJECUCIONES: 100
HEURÍSTICA DE CONSTRUCCIÓN: CMT
COSTO TOTAL: 1299.14
TOTAL DE RUTAS: 3
TIEMPO DE EJECUCIÓN: 905 milisegundos
 
R1[7, 27, 47, 49, 63, 90, 51, 70, 88, 10, 33, 31, 19, 64, 62, 11, 36, 8, 76, 28, 79, 78, 34, 89, 18, 82, 48, 52, 71, 65, 66, 20, 30, 1, 69, 32, 9, 50, 81, 35, 3, 77, 46]
R2[22, 41, 74, 75, 72, 73, 21, 4, 56, 23, 67, 39, 55, 25, 54, 24, 29, 80, 68, 2, 26, 12, 40, 15, 57, 58, 53, 43, 87, 42, 13]
R3[17, 91, 96, 99, 85, 16, 86, 38, 14, 44, 100, 92, 59, 37, 97, 95, 94, 6, 98, 93, 61, 45, 5, 60, 83, 84]
------------------------------------------
