 
------------------------------------------
CANTIDAD DE EJECUCIONES: 100
HEURÍSTICA DE CONSTRUCCIÓN: CMT
COSTO TOTAL: 1189.75
TOTAL DE RUTAS: 3
TIEMPO DE EJECUCIÓN: 601 milisegundos
 
R1[41, 22, 72, 74, 75, 56, 23, 67, 39, 25, 4, 55, 24, 54, 73, 21, 29, 68, 80, 12, 3, 77, 26, 79, 76, 34, 78, 40, 28]
R2[42, 14, 38, 44, 100, 91, 98, 37, 97, 92, 87, 2, 57, 15, 43, 58, 13, 95, 59, 93, 16, 53, 99, 96, 86, 61, 6, 94, 85]
R3[8, 69, 90, 63, 32, 20, 66, 65, 71, 35, 9, 81, 33, 50, 51, 30, 1, 70, 10, 11, 64, 49, 36, 31, 27, 62, 19, 88, 47, 52, 89, 7, 46, 48, 17, 5, 82, 84, 18, 45, 60, 83]
------------------------------------------
