------------------------------------------
HEURÍSTICA DE CONSTRUCCIÓN: CMT
COSTO TOTAL: 1044.31
TOTAL DE RUTAS: 6
TIEMPO DE EJECUCIÓN: 1.0273950099945068
 
R1[36, 69, 71, 60, 70, 21, 47, 37, 20, 5, 74, 28, 61, 48]
R2[55, 18, 24, 50, 25, 3, 44, 32, 49]
R3[11, 66, 59, 53, 14, 65, 38, 58, 35, 7, 12]
R4[31, 10, 9, 39, 72, 40]
R5[64, 42, 41, 56, 43, 22, 23, 1, 63, 62, 73, 33, 16]
R6[27, 54, 57, 15, 19, 51, 2, 17, 6, 13, 30, 29, 8, 26, 68, 45, 46, 75, 52, 67, 34, 4]
------------------------------------------