 
------------------------------------------
HEURÍSTICA DE CONSTRUCCIÓN: MatchingBasedSavingAlgorithm
COSTO TOTAL: 1260.15
TOTAL DE RUTAS: 6
TIEMPO DE EJECUCIÓN: 2.1050565242767334
 
R1[2, 13, 8, 19, 52, 52, 4, 27, 34, 73, 41, 43, 68, 46]
R2[9, 3, 16, 22, 61, 63, 49, 18, 55, 25, 50, 24, 44, 32, 39]
R3[40, 31, 33, 48, 5, 47, 20, 37, 20, 70, 74, 62]
R4[15, 28, 69, 60, 21, 71, 36, 71, 29, 17, 72, 10, 12, 58, 12, 51]
R5[7, 26, 11, 38, 26, 26, 30, 6, 26, 75, 26, 53, 35]
R6[1, 59, 14, 66, 67]
------------------------------------------
