 
------------------------------------------
HEURÍSTICA DE CONSTRUCCIÓN: MatchingBasedSavingAlgorithm
COSTO TOTAL: 1244.09
TOTAL DE RUTAS: 6
TIEMPO DE EJECUCIÓN: 2.3795411586761475
 
R1[2, 13, 27, 19, 8, 34, 4, 52, 73, 41, 43, 41, 68, 46]
R2[9, 3, 16, 44, 32, 39, 25, 50, 24, 18, 24, 49, 49, 22, 22]
R3[17, 40, 31, 33, 74, 62, 47, 70, 37, 20, 37, 5]
R4[69, 36, 28, 21, 71, 69, 60, 58, 51, 10, 12, 10, 72, 38, 65, 35]
R5[7, 53, 26, 11, 26, 6, 30, 48, 57, 29, 15, 45, 75]
R6[1, 59, 14, 66, 67]
------------------------------------------
