 
------------------------------------------
HEURÍSTICA DE CONSTRUCCIÓN: MatchingBasedSavingAlgorithm
COSTO TOTAL: 1276.74
TOTAL DE RUTAS: 6
TIEMPO DE EJECUCIÓN: 2.2677886486053467
 
R1[2, 13, 27, 19, 8, 54, 46, 34, 4, 41, 43, 41, 73, 68]
R2[9, 3, 18, 50, 24, 16, 63, 61, 22, 49, 63, 49, 44, 32, 39]
R3[17, 40, 31, 33, 62, 74, 5, 47, 37, 20, 37, 70]
R4[21, 69, 60, 28, 71, 60, 36, 51, 10, 12, 10, 72, 58, 38, 65, 35]
R5[7, 11, 6, 26, 26, 6, 6, 67, 48, 30, 15]
R6[1, 29, 14, 59, 57, 45, 75]
------------------------------------------
