 
------------------------------------------
HEURÍSTICA DE CONSTRUCCIÓN: MatchingBasedSavingAlgorithm
COSTO TOTAL: 1269.65
TOTAL DE RUTAS: 6
TIEMPO DE EJECUCIÓN: 1.9647326469421387
 
R1[2, 13, 8, 19, 27, 54, 34, 52, 4, 73, 41, 43, 68, 46]
R2[15, 28, 23, 21, 71, 20, 37, 69, 60, 74, 74, 62, 47, 36, 5, 47]
R3[9, 3, 16, 63, 63, 22, 49, 49, 18, 24, 50, 25, 44, 32, 39]
R4[31, 59, 35, 75, 33, 48, 30, 29, 57, 45, 75, 65]
R5[14, 7, 6, 26, 11, 38, 67, 6, 26, 6]
R6[1, 17, 12, 10, 72, 58, 10, 51]
------------------------------------------
