 
------------------------------------------
HEURÍSTICA DE CONSTRUCCIÓN: MatchingBasedSavingAlgorithm
COSTO TOTAL: 1168.18
TOTAL DE RUTAS: 6
TIEMPO DE EJECUCIÓN: 2.126054286956787
 
R1[2, 13, 8, 34, 54, 19, 27, 52, 4, 46, 68, 73, 41, 43]
R2[9, 25, 55, 18, 16, 3, 44, 32, 49, 63, 63, 22, 22, 61, 63]
R3[33, 30, 29, 5, 74, 62, 47, 5, 48, 20, 15, 37, 20, 57]
R4[21, 28, 36, 69, 71, 69, 60, 69, 17, 12, 10, 72, 58, 12, 51]
R5[7, 53, 26, 26, 6, 40, 26, 53, 38, 65, 75, 35]
R6[1, 59, 14, 66, 67]
------------------------------------------
