 
------------------------------------------
HEURÍSTICA DE CONSTRUCCIÓN: MatchingBasedSavingAlgorithm
COSTO TOTAL: 1316.33
TOTAL DE RUTAS: 6
TIEMPO DE EJECUCIÓN: 2.2162182331085205
 
R1[2, 13, 8, 19, 27, 34, 4, 73, 41, 43, 41, 43, 68, 46]
R2[14, 7, 66, 6, 42, 67, 6, 6, 26, 6]
R3[9, 3, 16, 24, 49, 63, 22, 63, 25, 50, 18, 55, 50, 32, 39]
R4[45, 48, 5, 30, 29, 15, 47, 20, 37, 5, 62, 74, 62, 57, 65]
R5[17, 28, 71, 21, 36, 69, 60, 36, 33, 75, 35, 31, 40]
R6[1, 38, 10, 10, 72, 58, 12, 51]
------------------------------------------
