 
------------------------------------------
HEURÍSTICA DE CONSTRUCCIÓN: MatchingBasedSavingAlgorithm
COSTO TOTAL: 1271.92
TOTAL DE RUTAS: 6
TIEMPO DE EJECUCIÓN: 2.07676100730896
 
R1[2, 13, 8, 52, 34, 73, 41, 43, 68, 4, 27, 54, 19, 46]
R2[14, 7, 11, 6, 67, 6, 42, 6, 26, 6]
R3[9, 18, 55, 25, 50, 32, 44, 3, 16, 63, 49, 22, 61, 63, 63]
R4[69, 71, 69, 60, 28, 21, 36, 31, 17, 10, 12, 58, 10, 72, 51]
R5[30, 29, 33, 48, 5, 47, 20, 37, 70, 15, 47, 48, 74, 57]
R6[1, 35, 65, 38, 40, 45, 75]
------------------------------------------
