 
------------------------------------------
CANTIDAD DE EJECUCIONES: 100
HEURÍSTICA DE CONSTRUCCIÓN: NearestNeighborWithRLC
COSTO TOTAL: 21480.08
TOTAL DE RUTAS: 4
TIEMPO DE EJECUCIÓN: 110 milisegundos
 
R1[2, 1, 4, 12, 36, 309, 354, 360, 357, 359, 356, 353, 358, 351, 350, 352, 355, 349, 346, 348, 345, 344, 342, 341, 343, 339, 338, 340, 337, 336, 334, 335, 347, 331, 333, 330, 329, 327, 332, 328, 324, 323, 326, 325, 322, 321, 319, 317, 312, 311, 316, 315, 3, 13, 29, 148, 240, 5, 21, 8, 7, 31, 75, 158, 6, 39, 320, 310, 10, 11, 9, 14, 22, 16, 156, 15, 74, 304, 18, 26, 231, 239, 230, 314, 313, 308, 307, 301, 306, 17, 299, 298, 318, 305, 303, 300, 20, 296, 23, 150, 232, 238, 280, 272, 297, 302, 293, 295, 291, 294, 289, 19, 224, 229, 237, 235, 277, 279, 292, 288, 290, 286, 285]
R2[24, 198, 228, 27, 223, 269, 275, 276, 287, 284, 283, 282, 25, 33, 281, 28, 73, 113, 105, 142, 191, 221, 274, 278, 30, 32, 151, 160, 192, 200, 35, 264, 271, 270, 273, 34, 256, 37, 216, 263, 38, 41, 52, 76, 116, 110, 118, 120, 40, 42, 45, 61, 43, 53, 69, 44, 60, 47, 46, 62, 48, 63, 79, 50, 66, 58, 49, 68, 78, 70, 54, 71, 55, 56, 80, 111, 51, 67, 59, 57, 77, 64, 72, 119, 104, 117, 199, 234, 268, 65, 222, 82, 81, 92, 84, 87, 95, 96, 93, 109, 91, 83, 101, 88, 103]
R3[86, 94, 85, 98, 89, 97, 100, 114, 99, 115, 159, 157, 184, 267, 90, 106, 107, 152, 154, 236, 102, 108, 144, 149, 197, 195, 227, 261, 265, 121, 220, 262, 122, 219, 258, 259, 260, 257, 254, 255, 252, 266, 253, 251, 248, 249, 247, 250, 245, 246, 242, 243, 241, 244, 233, 225, 226, 215, 217, 218, 212, 214, 210, 209, 211, 208, 213, 206, 204, 207, 202, 201, 203, 205, 196, 193, 123, 194, 188]
R4[124, 132, 190, 185, 125, 189, 183, 187, 186, 180, 126, 127, 128, 143, 140, 137, 153, 182, 181, 178, 179, 176, 175, 173, 174, 129, 146, 138, 177, 172, 130, 131, 139, 155, 147, 168, 171, 170, 169, 133, 141, 167, 166, 165, 162, 163, 164, 145, 161, 135, 134, 136, 112]
------------------------------------------
