 
------------------------------------------
CANTIDAD DE EJECUCIONES: 100
HEURÍSTICA DE CONSTRUCCIÓN: NearestNeighborWithRLC
COSTO TOTAL: 23091.29
TOTAL DE RUTAS: 4
TIEMPO DE EJECUCIÓN: 110 milisegundos
 
R1[7, 15, 2, 1, 4, 6, 14, 30, 347, 359, 357, 360, 355, 349, 354, 358, 353, 352, 350, 348, 346, 356, 351, 343, 344, 345, 342, 339, 338, 337, 341, 340, 335, 334, 336, 333, 332, 329, 331, 330, 326, 325, 327, 324, 328, 323, 320, 319, 321, 322, 318, 316, 317, 312, 311, 313, 3, 5, 21, 156, 158, 160, 200, 8, 23, 66, 10, 26, 239, 232, 240, 224, 237, 235, 277, 315, 314, 9, 11, 34, 307, 12, 13, 148, 153, 231, 230, 17, 301, 16, 74, 113, 152, 198, 18, 27, 19, 223, 280, 22, 309, 20, 36, 28, 25, 306, 308, 24, 31, 304, 303, 302, 310, 299, 298, 300, 297, 29, 216, 229, 238, 296, 32, 199, 197, 236, 275, 35, 222, 293, 294, 305, 292, 295, 33, 291, 290]
R2[288, 289, 286, 285, 284, 283, 287, 282, 281, 278, 276, 279, 38, 78, 39, 75, 40, 150, 37, 221, 273, 274, 272, 41, 42, 43, 53, 69, 44, 46, 54, 70, 47, 48, 45, 51, 77, 116, 119, 151, 192, 49, 57, 76, 52, 68, 62, 63, 79, 71, 55, 56, 80, 50, 60, 58, 73, 65, 59, 108, 105, 159, 157, 215, 271, 61, 64, 72, 111, 112, 120, 109, 117, 115, 144, 149, 190, 269, 81, 82, 83, 143, 142, 154, 234, 67, 84, 86, 94, 102, 110, 103, 95, 88, 87, 101]
R3[93, 85, 98, 114, 106, 89, 97, 100, 91, 107, 99, 92, 96, 104, 141, 139, 228, 268, 267, 90, 140, 137, 264, 121, 132, 227, 122, 123, 125, 133, 136, 135, 196, 233, 270, 266, 124, 219, 263, 262, 261, 260, 265, 258, 259, 126, 213, 257, 255, 127, 134, 128, 208, 253, 129, 146, 226, 254, 256, 252, 130, 131, 220, 249, 250, 248, 247, 251, 244, 243, 246, 241, 225, 245]
R4[242, 214, 217, 211, 212, 210, 209, 207, 218, 205, 203, 204, 206, 202, 193, 194, 201, 188, 186, 191, 138, 195, 187, 189, 183, 182, 185, 145, 180, 181, 184, 175, 178, 176, 179, 173, 174, 147, 177, 171, 172, 169, 170, 162, 161, 167, 168, 165, 166, 163, 164, 155, 118]
------------------------------------------
