 
------------------------------------------
CANTIDAD DE EJECUCIONES: 100
HEURÍSTICA DE CONSTRUCCIÓN: NearestNeighborWithRLC
COSTO TOTAL: 19896.0
TOTAL DE RUTAS: 4
TIEMPO DE EJECUCIÓN: 4674 milisegundos
 
R1[5, 21, 156, 158, 150, 159, 240, 237, 277, 317, 320, 2, 1, 4, 6, 15, 7, 8, 16, 148, 199, 235, 275, 9, 17, 315, 3, 19, 35, 232, 231, 10, 26, 223, 280, 314, 11, 37, 29, 13, 24, 113, 151, 198, 229, 239, 238, 307, 306, 14, 12, 36, 28, 309, 355, 347, 357, 359, 358, 356, 353, 360, 351, 354, 349, 352, 346, 348, 345, 343, 342, 344, 341, 340, 339, 337, 350, 336, 334, 335, 332, 331, 333, 338, 329, 327, 326, 325, 330, 324, 323, 321, 322, 328, 319, 318, 312, 304, 316, 311, 308, 310, 303, 302, 313, 305, 20, 30, 301, 299, 298, 300, 297, 295, 296, 294, 22, 74, 66, 142, 160, 224, 221, 272, 293, 290, 291, 292, 289, 288]
R2[285, 284, 287, 286, 281, 282, 18, 34, 236, 269, 25, 283, 279, 276, 23, 39, 58, 75, 67, 59, 77, 119, 144, 200, 227, 271, 31, 140, 230, 278, 27, 264, 274, 270, 33, 32, 143, 192, 38, 73, 41, 52, 76, 78, 42, 43, 116, 40, 134, 44, 47, 48, 79, 118, 45, 69, 108, 117, 155, 228, 268, 273, 267, 265, 263, 262, 266, 260, 261, 258, 259, 256, 255, 254, 257, 253, 252, 251, 249, 248, 250, 247, 245, 244, 243, 246, 241, 242, 233, 49, 57, 46, 71, 50]
R3[53, 64, 102, 112, 157, 226, 225, 234, 222, 54, 68, 55, 63, 70, 60, 65, 62, 51, 105, 114, 154, 220, 218, 219, 216, 217, 214, 56, 80, 72, 110, 81, 82, 90, 152, 149, 83, 136, 191, 212, 215, 213, 211, 61, 100, 97, 84, 92, 86, 95, 111, 104, 96, 87, 103, 88, 85, 93, 91, 115, 109, 101, 107, 99, 106, 89, 94, 120, 98, 141, 125, 128, 133, 135, 127, 124, 122, 138, 130, 121, 132, 126, 131]
R4[123, 147, 184, 197, 194, 207, 209, 210, 208, 206, 129, 153, 145, 146, 190, 196, 188, 205, 203, 202, 204, 201, 195, 189, 183, 182, 180, 137, 161, 162, 193, 186, 187, 163, 165, 181, 164, 185, 179, 178, 173, 176, 168, 177, 172, 174, 175, 166, 167, 169, 170, 139, 171]
------------------------------------------
