 
------------------------------------------
CANTIDAD DE EJECUCIONES: 100
HEURÍSTICA DE CONSTRUCCIÓN: NearestNeighborWithRLC
COSTO TOTAL: 22688.17
TOTAL DE RUTAS: 4
TIEMPO DE EJECUCIÓN: 110 milisegundos
 
R1[5, 3, 2, 10, 26, 4, 12, 28, 309, 317, 320, 355, 357, 6, 14, 31, 66, 75, 156, 240, 1, 7, 23, 58, 352, 8, 24, 40, 159, 232, 11, 37, 158, 160, 13, 21, 148, 153, 239, 315, 307, 9, 17, 301, 347, 16, 39, 74, 59, 150, 151, 200, 229, 280, 314, 354, 18, 19, 237, 277, 308, 20, 22, 38, 339, 15, 73, 349, 360, 25, 306, 319, 359, 353, 356, 351, 348, 350, 346, 343, 358, 345, 344, 341, 340, 338, 342, 336, 334, 337, 333, 335, 332, 330, 329, 328, 327, 325, 326, 331, 324, 323, 318, 321, 316, 322, 311, 310, 313, 305, 312, 303, 300, 299, 27, 238, 304, 298, 297, 296, 30, 293, 295, 302, 292, 29, 198, 224, 272, 291, 290, 289, 288, 294]
R2[33, 287, 286, 285, 284, 282, 283, 281, 32, 143, 199, 221, 234, 279, 34, 35, 235, 275, 36, 41, 44, 52, 42, 50, 43, 53, 77, 116, 110, 119, 45, 48, 47, 63, 79, 80, 46, 54, 62, 78, 49, 51, 113, 142, 191, 269, 278, 276, 55, 56, 72, 111, 120, 144, 57, 61, 118, 112, 60, 76, 71, 64, 67, 105, 152, 231, 273, 274, 271, 270, 65, 68, 108, 100, 102, 95, 157, 197, 236, 267, 69, 81, 82, 154, 266, 265, 268, 264, 262, 263, 260, 70, 97, 83, 101, 109, 117, 84, 92, 89, 106, 85, 93, 91, 107, 149, 190]
R3[86, 94, 103, 104, 87, 90, 114, 141, 192, 88, 96, 115, 136, 139, 155, 195, 259, 98, 135, 134, 146, 138, 122, 184, 187, 227, 121, 124, 140, 183, 230, 123, 125, 128, 147, 189, 219, 261, 126, 145, 182, 256, 255, 258, 253, 257, 252, 250, 249, 254, 247, 248, 246, 251, 243, 242, 241, 244, 245, 226, 228, 223, 225, 222, 220, 233, 217, 216, 214, 218, 212, 215, 213, 209, 208]
R4[210, 211, 207, 205, 204, 206, 201, 202, 196, 193, 203, 186, 194, 181, 185, 180, 188, 178, 177, 175, 179, 174, 173, 176, 172, 169, 168, 171, 167, 170, 166, 163, 164, 162, 137, 129, 165, 133, 127, 131, 99, 132, 130, 161]
------------------------------------------
