 
------------------------------------------
CANTIDAD DE EJECUCIONES: 100
HEURÍSTICA DE CONSTRUCCIÓN: NearestNeighborWithRLC
COSTO TOTAL: 19878.57
TOTAL DE RUTAS: 4
TIEMPO DE EJECUCIÓN: 4410 milisegundos
 
R1[7, 2, 1, 3, 13, 5, 21, 156, 158, 150, 159, 200, 4, 20, 317, 320, 6, 22, 355, 357, 9, 34, 10, 18, 11, 37, 240, 12, 14, 39, 74, 66, 73, 8, 15, 36, 315, 312, 349, 16, 24, 40, 198, 232, 239, 231, 224, 229, 277, 17, 25, 307, 314, 354, 359, 360, 23, 113, 152, 19, 27, 153, 199, 237, 280, 306, 353, 26, 230, 29, 190, 236, 299, 309, 347, 344, 356, 28, 30, 32, 75, 341, 31, 304, 311, 346, 33, 301, 348, 38, 352, 351, 41, 42, 345, 343, 350, 342, 358, 340, 339, 336, 335, 337, 334, 333, 331, 338, 329, 330, 327, 328, 325, 326, 323, 322, 321, 324, 318, 332, 310, 316, 319, 308, 305, 303, 300, 302, 297, 35, 293, 313, 43, 61, 116, 118, 111, 120, 151, 44, 52]
R2[46, 54, 62, 78, 79, 80, 108, 110, 45, 69, 100, 160, 47, 71, 70, 49, 57, 76, 48, 64, 77, 51, 59, 105, 148, 50, 60, 53, 56, 63, 55, 72, 103, 157, 235, 58, 67, 142, 145, 298, 65, 68, 296, 295, 294, 82, 90, 98, 114, 144, 155, 221, 292, 290, 289, 291, 81, 84, 92, 95, 119, 102, 86, 94, 88, 87, 101, 83, 85, 91, 117, 93, 109, 96, 112, 104, 99, 107, 115, 136, 154, 216, 287, 286, 89, 97, 143, 106, 140]
R3[122, 123, 133, 125, 141, 139, 192, 124, 126, 127, 135, 128, 130, 131, 121, 129, 137, 132, 134, 149, 138, 146, 147, 197, 184, 183, 182, 196, 227, 161, 172, 164, 167, 162, 178, 194, 165, 168, 176, 191, 181, 163, 173, 189, 187, 195, 179, 186, 185, 193, 234, 269, 166, 188, 169, 180, 170, 175, 171, 226, 218, 210, 202, 275, 285, 174, 223, 272, 283, 288, 201, 267, 282, 284]
R4[281, 278, 276, 279, 274, 271, 268, 273, 265, 270, 263, 262, 261, 260, 259, 258, 257, 256, 255, 254, 266, 252, 264, 250, 251, 248, 249, 253, 245, 247, 246, 242, 241, 243, 238, 222, 244, 228, 220, 217, 225, 233, 212, 215, 219, 211, 213, 208, 207, 204, 205, 206, 209, 177, 203, 214]
------------------------------------------
