 
------------------------------------------
CANTIDAD DE EJECUCIONES: 100
HEURÍSTICA DE CONSTRUCCIÓN: NearestNeighborWithRLC
COSTO TOTAL: 19927.06
TOTAL DE RUTAS: 4
TIEMPO DE EJECUCIÓN: 4428 milisegundos
 
R1[2, 1, 12, 36, 4, 6, 7, 15, 23, 31, 66, 357, 359, 360, 356, 355, 349, 353, 354, 351, 352, 348, 350, 358, 347, 346, 345, 342, 343, 344, 339, 341, 337, 340, 336, 335, 334, 333, 338, 330, 332, 329, 331, 327, 328, 324, 326, 323, 322, 320, 319, 321, 318, 317, 5, 8, 16, 158, 159, 199, 239, 232, 237, 277, 314, 9, 34, 231, 238, 315, 309, 316, 325, 313, 311, 310, 308, 307, 306, 305, 304, 3, 10, 18, 223, 299, 11, 240, 235, 280, 301, 312, 296, 302, 303, 300, 297, 294, 298, 292, 295, 291, 290, 293, 287, 288, 286, 284, 283, 289, 285, 281]
R2[282, 278, 279, 276, 273, 272, 271, 274, 269, 270, 275, 268, 267, 265, 263, 266, 264, 260, 262, 259, 258, 256, 255, 261, 257, 253, 251, 252, 250, 254, 248, 246, 245, 249, 244, 243, 242, 236, 241, 233, 13, 156, 150, 152, 229, 230, 17, 222, 247, 234, 227, 228, 225, 19, 224, 220, 20, 39, 74, 65, 73, 38, 30, 14, 24, 148, 142, 151, 160, 200, 226, 219, 218, 217, 221, 216, 214, 215, 21, 37, 198, 213, 210, 209, 211, 212, 206, 205, 208, 207, 204, 201, 196, 194, 203, 193, 197, 202, 191, 192, 195]
R3[189, 188, 187, 186, 184, 185, 190, 180, 183, 179, 181, 182, 176, 177, 174, 175, 178, 172, 173, 170, 168, 171, 169, 167, 164, 165, 163, 166, 155, 157, 22, 25, 26, 35, 27, 154, 161, 162, 149, 153, 29, 32, 145, 146, 147, 144, 143, 141, 28, 58, 50, 42, 140, 138, 33, 137, 136, 135, 139, 133, 132, 40, 134, 130, 131, 129, 41, 43, 53, 45, 61, 77, 44, 46, 63, 71, 47, 56, 79, 118, 48, 55, 64, 110, 51, 75, 126]
R4[49, 76, 60, 52, 68, 57, 54, 78, 80, 116, 119, 117, 128, 125, 59, 114, 127, 123, 124, 67, 122, 115, 120, 62, 72, 111, 112, 121, 113, 69, 105, 108, 100, 109, 104, 101, 99, 107, 98, 82, 81, 84, 92, 94, 103, 102, 96, 95, 93, 106, 97, 91, 83, 88, 85, 86, 87, 89, 90, 70]
------------------------------------------
