 
------------------------------------------
CANTIDAD DE EJECUCIONES: 100
HEURÍSTICA DE CONSTRUCCIÓN: NearestNeighborWithRLC
COSTO TOTAL: 25490.98
TOTAL DE RUTAS: 4
TIEMPO DE EJECUCIÓN: 110 milisegundos
 
R1[5, 3, 2, 18, 4, 12, 6, 15, 7, 23, 74, 357, 359, 360, 358, 356, 354, 353, 1, 10, 9, 8, 13, 156, 240, 232, 315, 320, 347, 355, 349, 351, 350, 14, 317, 312, 348, 345, 344, 346, 352, 342, 16, 75, 160, 199, 239, 230, 280, 11, 17, 309, 339, 341, 340, 20, 307, 314, 319, 343, 338, 335, 334, 336, 333, 331, 332, 330, 328, 329, 326, 337, 327, 324, 322, 323, 321, 318, 313, 316, 311, 325, 310, 305, 308, 306, 303, 304, 301, 299, 300, 297, 19, 35, 237, 277, 21, 37, 231, 272, 279, 22, 25, 298, 296, 295, 302, 293, 292, 24, 150, 159, 158, 152, 200, 235, 236, 290, 26, 238, 291, 289, 294, 287, 28, 288]
R2[284, 285, 286, 282, 278, 27, 198, 29, 153, 229, 267, 283, 281, 31, 39, 151, 224, 269, 30, 76, 148, 223, 275, 276, 33, 222, 228, 271, 274, 34, 264, 36, 38, 32, 40, 140, 215, 270, 41, 52, 68, 60, 44, 42, 43, 45, 61, 77, 118, 111, 143, 191, 259, 273, 268, 47, 71, 63, 46, 62, 48, 79, 80, 110, 120, 144, 197, 256, 266, 265, 49, 66, 50, 51, 59, 113, 145, 234, 262, 261, 263, 258, 260, 53, 116, 105, 142, 192, 255, 257, 55, 72, 119, 136, 196, 252, 253, 254, 54, 70, 57, 65, 58, 73, 78, 64, 69, 108, 103, 104, 112, 109, 149, 221, 251, 56]
R3[81, 82, 83, 85, 93, 135, 157, 84, 117, 115, 141, 190, 86, 87, 114, 106, 98, 90, 107, 139, 216, 250, 249, 67, 132, 183, 226, 89, 92, 94, 95, 88, 101, 91, 97, 100, 96, 99, 134, 128, 189, 195, 248, 121, 219, 245, 247, 122, 123, 125, 133, 131, 154, 227, 244, 243, 124, 126, 129, 220, 246, 233, 225, 241, 242, 214, 217, 212]
R4[213, 210, 211, 218, 208, 209, 207, 205, 204, 202, 203, 194, 206, 188, 193, 186, 201, 185, 182, 180, 184, 179, 178, 177, 176, 175, 181, 173, 174, 172, 187, 171, 170, 169, 168, 166, 167, 163, 165, 164, 162, 147, 146, 161, 137, 130, 138, 155, 127, 102]
------------------------------------------
