 
------------------------------------------
CANTIDAD DE EJECUCIONES: 100
HEURÍSTICA DE CONSTRUCCIÓN: NearestNeighborWithRLC
COSTO TOTAL: 21301.8
TOTAL DE RUTAS: 4
TIEMPO DE EJECUCIÓN: 108 milisegundos
 
R1[2, 1, 4, 6, 15, 31, 74, 355, 354, 358, 360, 359, 353, 357, 356, 352, 349, 350, 351, 348, 345, 346, 343, 342, 341, 347, 340, 338, 344, 337, 335, 339, 333, 332, 336, 330, 334, 331, 328, 326, 327, 329, 324, 325, 322, 320, 321, 319, 317, 315, 314, 3, 13, 29, 148, 5, 7, 16, 8, 24, 158, 156, 198, 237, 277, 313, 323, 318, 316, 312, 10, 18, 239, 231, 238, 307, 311, 309, 310, 308, 306, 9, 36, 304, 305, 12, 14, 73, 303, 301, 11, 17, 19, 35, 280, 299, 298, 302, 297, 296, 295, 20, 28, 293, 300, 22, 38, 291, 290, 294, 289, 287, 288, 286, 284, 285]
R2[283, 292, 281, 279, 276, 275, 282, 272, 278, 273, 274, 271, 269, 267, 21, 23, 142, 199, 240, 153, 145, 137, 154, 200, 235, 236, 264, 263, 25, 230, 228, 270, 266, 27, 26, 232, 234, 265, 262, 30, 33, 268, 34, 224, 261, 37, 32, 40, 159, 192, 39, 66, 51, 43, 41, 42, 50, 49, 57, 76, 68, 70, 44, 52, 60, 46, 54, 62, 47, 63, 71, 45, 48, 55, 53, 77, 118, 110, 56, 64, 80, 102, 116, 113, 150, 152, 197, 259, 58, 65, 61, 59, 108, 100, 106, 160, 191, 229, 260, 258, 257, 69, 72, 119, 67, 151, 216, 75, 190, 253, 256, 255, 78, 79, 81, 84, 87, 103, 82, 98, 83]
R3[93, 117, 85, 101, 109, 96, 112, 111, 120, 107, 144, 157, 184, 226, 86, 95, 104, 94, 88, 92, 89, 97, 114, 90, 99, 115, 91, 143, 135, 134, 140, 121, 122, 183, 196, 251, 254, 105, 132, 129, 123, 125, 133, 149, 147, 176, 195, 227, 124, 128, 141, 136, 126, 130, 131, 139, 146, 182, 221, 248, 250, 127, 155, 189, 194, 186, 171, 179, 219, 245, 161, 162, 193, 211, 233, 249, 246, 252, 247]
R4[243, 241, 242, 225, 244, 222, 138, 174, 188, 180, 175, 168, 165, 163, 181, 167, 164, 166, 169, 172, 170, 173, 187, 178, 218, 220, 223, 215, 214, 212, 213, 210, 209, 201, 208, 206, 217, 202, 207, 205, 203, 185, 177, 204]
------------------------------------------
