 
------------------------------------------
HEURÍSTICA DE CONSTRUCCIÓN: KilbyAlgorithm
COSTO TOTAL: 1834.06
TOTAL DE RUTAS: 3
TIEMPO DE EJECUCIÓN: 2.5048346519470215
 
R1[1, 6, 33, 73, 51, 62, 63, 17, 16, 26, 21, 41, 49, 42, 44, 23, 12, 40, 3, 22, 28, 61, 56, 32, 43, 24, 72, 36]
R2[2, 68, 4, 30, 67, 74, 45, 35, 9, 13, 15, 58, 39, 57, 19, 34, 46, 48, 29, 52, 27, 7, 8, 47, 5, 37, 71]
R3[75, 53, 54, 10, 38, 14, 11, 50, 65, 25, 18, 20, 69, 60, 64, 70, 59, 31, 66, 55]
------------------------------------------
