 
------------------------------------------
HEURÍSTICA DE CONSTRUCCIÓN: KilbyAlgorithm
COSTO TOTAL: 1834.09
TOTAL DE RUTAS: 3
TIEMPO DE EJECUCIÓN: 2.6864736080169678
 
R1[1, 6, 33, 73, 51, 62, 21, 41, 49, 42, 44, 23, 63, 17, 16, 26, 43, 28, 22, 3, 40, 12, 23, 56, 61, 24, 72, 36]
R2[2, 68, 4, 30, 67, 74, 45, 34, 46, 48, 29, 52, 35, 9, 13, 5, 47, 8, 7, 27, 15, 58, 39, 57, 19, 37, 71]
R3[75, 53, 54, 10, 38, 66, 31, 59, 14, 11, 50, 65, 25, 18, 20, 69, 70, 64, 60, 55]
------------------------------------------
