 
------------------------------------------
HEURÍSTICA DE CONSTRUCCIÓN: KilbyAlgorithm
COSTO TOTAL: 1897.25
TOTAL DE RUTAS: 3
TIEMPO DE EJECUCIÓN: 2.9529519081115723
 
R1[1, 6, 33, 72, 24, 61, 56, 32, 21, 41, 49, 73, 51, 62, 63, 17, 16, 26, 43, 28, 22, 3, 40, 12, 23, 44, 42, 49]
R2[74, 67, 30, 4, 68, 2, 45, 34, 46, 48, 29, 52, 27, 7, 8, 47, 5, 35, 9, 13, 15, 58, 39, 57, 19, 37, 71]
R3[75, 53, 54, 10, 38, 14, 11, 50, 65, 66, 31, 59, 70, 64, 60, 55, 25, 18, 20, 69]
------------------------------------------
