 
------------------------------------------
HEURÍSTICA DE CONSTRUCCIÓN: KilbyAlgorithm
COSTO TOTAL: 1875.9
TOTAL DE RUTAS: 3
TIEMPO DE EJECUCIÓN: 2.80132794380188
 
R1[1, 6, 33, 73, 51, 62, 63, 17, 16, 26, 43, 41, 21, 32, 56, 61, 28, 22, 3, 40, 12, 23, 44, 42, 49, 24, 72, 36]
R2[2, 68, 4, 30, 67, 74, 45, 34, 46, 48, 29, 15, 13, 9, 35, 5, 47, 8, 7, 52, 27, 7, 39, 57, 19, 37, 71]
R3[75, 53, 54, 10, 38, 14, 11, 66, 69, 20, 18, 25, 65, 50, 65, 59, 70, 64, 60, 55]
------------------------------------------
