 
------------------------------------------
HEURÍSTICA DE CONSTRUCCIÓN: KilbyAlgorithm
COSTO TOTAL: 1878.57
TOTAL DE RUTAS: 3
TIEMPO DE EJECUCIÓN: 2.515592098236084
 
R1[1, 6, 33, 73, 51, 62, 63, 56, 61, 24, 72, 17, 16, 26, 43, 28, 22, 3, 40, 12, 23, 44, 42, 49, 41, 21, 32, 36]
R2[34, 46, 48, 29, 52, 27, 7, 8, 45, 74, 67, 30, 4, 68, 2, 47, 5, 35, 9, 13, 15, 58, 39, 57, 19, 37, 71]
R3[75, 53, 66, 31, 59, 54, 10, 38, 14, 11, 50, 65, 25, 18, 20, 69, 70, 64, 60, 55]
------------------------------------------
