 
------------------------------------------
HEURÍSTICA DE CONSTRUCCIÓN: Sweep
COSTO TOTAL: 2384.85
TOTAL DE RUTAS: 6
TIEMPO DE EJECUCIÓN: 0.8886771202087402
 
R1[4, 73, 33, 24, 36, 37, 60, 42, 72, 21, 75, 44, 39, 41]
R2[43, 46, 58, 29, 3, 11, 10, 56, 15, 19, 38, 5]
R3[65, 9, 35, 31, 63, 7, 25, 66, 50, 14, 32, 16]
R4[22, 27, 69, 62, 30, 2, 49, 17, 55, 53, 70, 61, 8, 6, 67]
R5[23, 40, 18, 1, 20, 47, 54, 57, 34, 74, 48, 64, 28]
R6[13, 51, 26, 59, 12, 52, 45, 71, 68]
------------------------------------------
