 
------------------------------------------
HEURÍSTICA DE CONSTRUCCIÓN: Sweep
COSTO TOTAL: 2370.11
TOTAL DE RUTAS: 6
TIEMPO DE EJECUCIÓN: 0.8359320163726807
 
R1[16, 11, 25, 48, 29, 28, 15, 55, 26, 32, 54, 45, 42]
R2[38, 59, 36, 43, 33, 30, 61, 60, 71, 57, 8, 41, 63, 62]
R3[64, 46, 27, 4, 58, 31, 70, 56, 20, 74, 9]
R4[3, 47, 18, 72, 17, 50, 44, 13, 5, 66, 65, 24, 40]
R5[75, 52, 49, 39, 1, 23, 73, 37, 19, 67, 21, 53, 68, 12]
R6[14, 10, 22, 51, 2, 7, 35, 69, 6, 34]
------------------------------------------
