 
------------------------------------------
HEURÍSTICA DE CONSTRUCCIÓN: Sweep
COSTO TOTAL: 2371.97
TOTAL DE RUTAS: 6
TIEMPO DE EJECUCIÓN: 0.8164598941802979
 
R1[28, 62, 70, 5, 52, 35, 27, 11, 74, 41, 2, 13, 68]
R2[47, 50, 17, 66, 18, 49, 23, 32, 31, 24, 73, 4, 51]
R3[22, 69, 6, 12, 63, 64, 8, 33, 10, 9, 15, 65, 71, 34, 55]
R4[75, 60, 37, 21, 29, 61, 14, 59, 48, 72, 58, 43, 46]
R5[39, 25, 40, 36, 19, 54, 38, 1, 26, 30, 7, 57, 3, 16]
R6[56, 44, 67, 45, 42, 53, 20]
------------------------------------------
