 
------------------------------------------
CANTIDAD DE EJECUCIONES: 100
HEURÍSTICA DE CONSTRUCCIÓN: HeuristicType.MoleJameson
COSTO TOTAL: 822.88
TOTAL DE RUTAS: 6
TIEMPO DE EJECUCIÓN: 9.622633218765259 milisegundos
 
R1[29, 5, 37, 20, 70, 71, 36, 69, 47, 21, 61, 22, 28, 72]
R2[27, 15, 57, 13, 54, 19, 14, 35, 7, 52, 46, 8, 34, 67]
R3[9, 25, 55, 18, 50, 3]
R4[11, 66, 59]
R5[49, 24, 23, 56, 41, 42, 43, 1, 62, 73, 63, 33, 16, 44, 32, 31, 10, 65, 38, 58, 39, 12, 40, 51, 6]
R6[53, 26, 17, 68, 2, 74, 48, 30, 45, 4, 75]
------------------------------------------
