 
------------------------------------------
HEURÍSTICA DE CONSTRUCCIÓN: NearestNeighborWithRLC
COSTO TOTAL: 20154.85
TOTAL DE RUTAS: 4
 
R1[2, 10, 18, 34, 1, 3, 13, 37, 158, 5, 7, 8, 16, 31, 74, 357, 360, 4, 20, 28, 320, 9, 17, 33, 315, 314, 319, 356, 359, 355, 6, 14, 15, 39, 75, 11, 35, 239, 280, 317, 347, 12, 309, 354, 353, 352, 358, 349, 351, 348, 345, 344, 346, 343, 350, 342, 341, 338, 339, 337, 340, 335, 334, 332, 331, 333, 336, 328, 330, 327, 325, 326, 329, 324, 323, 321, 316, 313, 19, 232, 307, 311, 322, 318, 22, 38, 23, 312, 304, 310, 308, 305, 303, 306, 21, 156, 150, 240, 231, 230, 238, 301, 300, 299, 302, 25, 296, 24, 40, 159, 160, 192, 200, 229]
R2[235, 275, 27, 237, 234, 277, 29, 153, 26, 224, 291, 293, 298, 295, 294, 297, 30, 288, 292, 36, 32, 148, 216, 287, 290, 42, 50, 58, 66, 67, 113, 143, 198, 272, 289, 285, 284, 283, 286, 281, 279, 278, 41, 52, 76, 73, 65, 43, 45, 48, 56, 71, 63, 79, 62, 46, 47, 55, 64, 116, 118, 120, 44, 60, 49, 57, 54, 78, 70, 80, 110, 111, 53, 51, 61, 69, 59, 77, 142, 199, 282, 276, 68, 72, 82, 83, 93, 117, 109, 112, 103, 119, 104, 101, 99, 115, 157, 81]
R3[92, 108, 84, 87, 95, 96, 85, 88, 86, 100, 106, 114, 98, 90, 91, 89, 94, 102, 105, 107, 152, 151, 144, 149, 147, 191, 190, 221, 274, 273, 270, 121, 184, 189, 196, 271, 122, 130, 197, 195, 227, 269, 267, 266, 264, 268, 265, 263, 261, 262, 260, 257, 256, 255, 258, 254, 252, 253, 250, 249, 251, 247, 248, 246, 244, 243, 259, 245, 242, 236, 233, 226, 228, 225, 241, 223, 222, 220, 217, 218, 215, 214, 213, 212, 219, 209, 211, 208]
R4[206, 207, 205, 210, 202, 201, 194, 123, 125, 183, 124, 126, 135, 127, 128, 141, 133, 176, 187, 204, 129, 137, 182, 131, 155, 132, 154, 203, 193, 134, 140, 145, 146, 188, 186, 180, 185, 179, 178, 177, 175, 173, 172, 174, 181, 171, 169, 167, 170, 166, 168, 164, 162, 165, 161, 139, 163, 138, 136, 97]
------------------------------------------
