 
------------------------------------------
HEURÍSTICA DE CONSTRUCCIÓN: NearestNeighborWithRLC
COSTO TOTAL: 21508.6
TOTAL DE RUTAS: 4
 
R1[5, 21, 156, 158, 151, 200, 237, 277, 2, 3, 13, 4, 1, 6, 23, 31, 7, 20, 317, 355, 9, 36, 315, 10, 34, 11, 240, 12, 15, 8, 16, 39, 347, 357, 17, 33, 14, 320, 360, 358, 356, 18, 238, 19, 232, 231, 309, 312, 349, 359, 22, 304, 353, 354, 24, 239, 230, 307, 314, 313, 346, 352, 351, 26, 224, 229, 236, 306, 345, 348, 344, 350, 343, 341, 340, 25, 280, 305, 342, 28, 30, 338, 337, 335, 334, 333, 339, 336, 330, 329, 328, 331, 327, 326, 325, 323, 322, 324, 319, 332, 318, 311, 310, 308, 321, 316, 303, 301, 29, 37, 150, 142, 148, 153, 223, 27]
R2[299, 300, 298, 297, 302, 295, 296, 293, 294, 32, 145, 137, 216, 221, 291, 292, 290, 289, 35, 222, 288, 287, 286, 285, 38, 76, 68, 116, 113, 75, 40, 140, 199, 272, 41, 52, 60, 44, 42, 43, 53, 69, 110, 45, 48, 79, 64, 118, 120, 159, 47, 46, 71, 78, 49, 74, 66, 58, 67, 143, 215, 50, 61, 77, 51, 108, 119, 160, 192, 269, 55, 63, 80, 102, 111, 117, 191, 275, 283, 284, 281, 279, 54, 70, 73, 65, 57, 56, 72, 103, 104, 152, 184, 234, 59, 105, 157, 189, 233, 62, 100, 92, 94]
R3[95, 82, 83, 85, 84, 87, 86, 89, 81, 88, 101, 109, 93, 91, 99, 144, 90, 114, 106, 136, 149, 155, 198, 264, 97, 98, 107, 115, 112, 96, 134, 135, 122, 121, 124, 126, 127, 128, 141, 147, 154, 146, 130, 138, 139, 133, 132, 123, 125, 197, 195, 227, 267, 129, 131, 190, 196, 219, 161, 172, 188, 185, 162, 163, 181, 179, 164, 165, 168, 176, 166, 183, 175, 180]
R4[169, 177, 193, 226, 266, 282, 170, 186, 187, 171, 173, 178, 167, 194, 235, 218, 210, 202, 201, 259, 278, 273, 271, 274, 270, 265, 276, 263, 268, 261, 260, 262, 256, 255, 257, 253, 254, 252, 258, 249, 251, 247, 248, 245, 246, 243, 244, 241, 250, 225, 242, 228, 214, 212, 217, 213, 211, 209, 208, 220, 207, 206, 205, 203, 174, 182, 204]
------------------------------------------
