 
------------------------------------------
HEURÍSTICA DE CONSTRUCCIÓN: NearestNeighborWithRLC
COSTO TOTAL: 20535.35
TOTAL DE RUTAS: 4
 
R1[7, 23, 74, 320, 2, 1, 4, 12, 20, 36, 309, 355, 357, 359, 358, 354, 356, 353, 360, 350, 349, 351, 348, 347, 352, 345, 346, 344, 343, 342, 339, 338, 337, 341, 340, 335, 336, 334, 331, 332, 330, 328, 333, 327, 329, 325, 324, 326, 323, 322, 319, 317, 315, 314, 318, 316, 312, 304, 311, 321, 313, 310, 307, 306, 3, 21, 29, 148, 158, 159, 199, 240, 239, 238, 5, 18, 34, 223, 237, 236, 299, 301, 308, 6, 15, 31, 75, 151, 200, 8, 16, 39, 113, 160, 192, 235, 275, 10, 9, 28, 296, 302, 305, 303, 297, 298, 11, 19, 35, 231, 232, 230, 291, 294]
R2[14, 73, 293, 300, 295, 289, 17, 13, 22, 288, 292, 287, 290, 25, 286, 24, 156, 150, 198, 229, 280, 284, 283, 285, 26, 27, 224, 228, 282, 279, 278, 30, 76, 116, 143, 222, 220, 277, 276, 274, 273, 33, 272, 271, 269, 281, 270, 268, 266, 265, 264, 262, 261, 260, 267, 263, 259, 258, 257, 255, 256, 253, 254, 252, 249, 248, 250, 246, 247, 244, 251, 242, 241, 245, 243, 227, 32, 145, 221, 37, 216, 38, 66, 51, 69, 110, 120, 40, 134, 191, 233, 42, 41]
R3[44, 52, 68, 60, 46, 47, 48, 79, 80, 119, 152, 45, 63, 43, 50, 58, 67, 49, 54, 78, 71, 72, 64, 61, 53, 55, 70, 62, 65, 59, 108, 100, 94, 118, 102, 142, 56, 57, 140, 196, 234, 226, 81, 82, 83, 85, 117, 115, 149, 190, 77, 86, 95, 103, 87, 111, 112, 84, 90, 98, 106, 91, 109, 104, 101, 107, 88, 96, 92, 89, 93, 99, 114, 135, 146, 213, 219, 225, 218, 214, 215, 211, 212, 209, 210, 208, 206]
R4[207, 205, 217, 203, 204, 201, 197, 195, 193, 189, 194, 188, 186, 185, 184, 187, 202, 181, 180, 182, 179, 177, 178, 175, 183, 176, 174, 172, 170, 169, 168, 167, 173, 165, 164, 163, 166, 162, 155, 161, 171, 157, 147, 154, 139, 144, 141, 136, 133, 153, 137, 129, 132, 124, 121, 131, 130, 128, 138, 122, 127, 125, 105, 97, 123, 126]
------------------------------------------
