 
------------------------------------------
HEURÍSTICA DE CONSTRUCCIÓN: NearestNeighborWithRLC
COSTO TOTAL: 20806.91
TOTAL DE RUTAS: 4
 
R1[7, 23, 39, 320, 1, 4, 12, 36, 315, 3, 5, 13, 29, 156, 198, 2, 18, 239, 240, 237, 238, 6, 20, 9, 17, 317, 355, 8, 21, 148, 232, 280, 314, 354, 360, 358, 357, 352, 359, 356, 351, 353, 349, 348, 10, 26, 34, 307, 309, 312, 347, 350, 14, 22, 38, 346, 344, 15, 74, 158, 11, 37, 19, 16, 153, 24, 27, 231, 230, 306, 319, 341, 343, 340, 342, 338, 345, 337, 336, 334, 339, 333, 335, 331, 332, 328, 329, 330, 326, 325, 323, 322, 327, 318, 324, 316, 321, 313, 311, 310, 304, 301, 303, 300, 305, 308, 302, 299, 28, 25, 30, 73, 298, 31]
R2[293, 32, 40, 151, 200, 199, 277, 297, 295, 294, 33, 35, 296, 42, 41, 44, 46, 55, 47, 45, 69, 108, 159, 191, 275, 291, 43, 61, 48, 79, 80, 116, 110, 119, 152, 192, 235, 290, 49, 57, 65, 50, 58, 66, 59, 150, 145, 285, 292, 288, 289, 287, 51, 53, 56, 72, 118, 112, 52, 76, 60, 70, 62, 78, 71, 63, 54, 68, 67, 142, 190, 236, 286, 283, 282, 75, 143, 160, 157, 229, 279, 64, 77, 82, 81, 92, 100, 97, 83, 85, 88, 96, 104, 120, 111, 103]
R3[102, 86, 95, 87, 101, 117, 109, 99, 115, 144, 149, 183, 228, 281, 84, 89, 114, 106, 90, 98, 93, 91, 94, 113, 105, 107, 141, 136, 135, 133, 125, 123, 121, 122, 124, 140, 127, 128, 138, 130, 129, 146, 154, 131, 147, 132, 126, 134, 139, 197, 196, 221, 272, 278, 137, 161, 227, 234, 274, 276, 162, 170, 178, 163, 173, 195, 194, 226, 164, 166, 167, 175, 168, 184, 189, 181, 165, 171, 169, 188, 172]
R4[180, 224, 269, 284, 271, 174, 219, 259, 273, 267, 266, 268, 265, 264, 263, 261, 260, 270, 258, 256, 257, 254, 262, 252, 255, 250, 253, 249, 251, 247, 245, 248, 243, 246, 242, 241, 244, 225, 233, 222, 220, 217, 218, 216, 215, 223, 213, 214, 212, 211, 208, 207, 210, 209, 204, 205, 203, 202, 193, 206, 185, 187, 176, 179, 186, 155, 182, 177, 201]
------------------------------------------
