 
------------------------------------------
CANTIDAD DE EJECUCIONES: 100
HEURÍSTICA DE CONSTRUCCIÓN: HeuristicType.Sweep
COSTO TOTAL: 43901.75
TOTAL DE RUTAS: 37
TIEMPO DE EJECUCIÓN: 4.982515573501587 milisegundos
 
R1[317, 181, 292, 105, 221, 197, 95, 153, 381, 260, 222, 192]
R2[291, 336, 149, 215, 309, 187, 251, 196, 26, 193, 56, 141, 104]
R3[94, 124, 268, 334, 188, 277, 15, 230, 157, 213, 284]
R4[32, 226, 290, 144, 194, 173, 303, 252, 90, 368, 354]
R5[315, 25, 207, 204, 347, 397, 339, 208, 236, 154, 65]
R6[269, 301, 375, 102, 267, 48, 150, 152, 241, 253]
R7[172, 340, 294, 119, 279, 156, 39, 349, 74, 350, 30]
R8[370, 166, 52, 133, 110, 346, 264, 321, 332, 17, 318]
R9[270, 305, 394, 383, 218, 98, 186, 112, 66, 83]
R10[206, 323, 44, 106, 49, 231, 227, 167, 93, 169, 111, 159]
R11[209, 359, 216, 53, 224, 282, 86, 168, 234, 247, 128]
R12[45, 261, 348, 3, 147, 298, 223, 46, 125]
R13[126, 12, 87, 344, 113, 160, 117, 91, 107, 6, 184]
R14[210, 40, 395, 297, 16, 121, 392, 155, 9, 8, 352]
R15[276, 4, 60, 272, 116, 71, 273, 170, 31, 175, 108, 101, 100]
R16[14, 357, 283, 325, 255, 203, 266, 5, 271, 127]
R17[341, 24, 11, 343, 96, 329, 51, 79, 232, 258, 148]
R18[137, 374, 240, 396, 180, 212, 163, 244, 92, 63, 281, 84, 242]
R19[146, 50, 304, 328, 122, 62, 376, 69, 140]
R20[189, 367, 400, 145, 76, 77, 316, 103, 369, 364, 225]
R21[55, 237, 214, 81, 138, 300, 331, 80, 286, 195, 19, 42]
R22[259, 353, 338, 114, 29, 183, 135, 129, 320, 109]
R23[322, 219, 130, 256, 389, 302, 363, 285, 136]
R24[373, 28, 72, 82, 324, 185, 385, 73, 287]
R25[263, 58, 310, 382, 177, 88, 178, 246, 70, 333, 10, 386]
R26[151, 228, 319, 378, 265, 1, 399, 311, 372, 295, 355, 64, 18]
R27[200, 211, 366, 288, 262, 165, 314, 191, 313, 250]
R28[161, 307, 205, 398, 23, 164, 257, 38, 275, 351, 115, 33]
R29[75, 393, 306, 7, 37, 249, 330, 361, 201, 299, 68]
R30[280, 182, 174, 365, 22, 162, 131, 371, 158, 239, 2, 67]
R31[20, 335, 199, 142, 21, 143, 34, 134, 238, 43, 47]
R32[202, 61, 388, 326, 139, 274, 390, 289, 248, 337]
R33[235, 123, 99, 198, 243, 278, 36, 190, 254]
R34[132, 358, 327, 345, 59, 391, 13, 171, 360, 54, 57]
R35[229, 296, 120, 220, 342, 41, 362, 233, 312, 176]
R36[179, 308, 379, 387, 118, 89, 356, 293, 380]
R37[78, 217, 85, 245, 377, 35, 97, 27]
------------------------------------------
