 
------------------------------------------
HEURÍSTICA DE CONSTRUCCIÓN: RandomMethod
COSTO TOTAL: 3090.25
TOTAL DE RUTAS: 4
TIEMPO DE EJECUCIÓN: 0.06547999382019043
 
R1[82, 28, 10, 47, 11, 50, 68, 58, 33, 30, 24, 92, 62, 100, 59, 89, 63, 32, 71, 52, 20, 46, 42, 79, 66, 36]
R2[69, 83, 17, 76, 3, 22, 81, 51, 1, 74, 25, 26, 65, 19, 49, 86, 72, 98, 61, 96, 60, 37, 39, 73, 40, 21, 80]
R3[31, 35, 70, 15, 64, 7, 67, 95, 54, 12, 75, 93, 34, 77, 16, 56, 6, 90, 13, 91, 97, 23, 53, 84, 2, 5, 4, 99]
R4[48, 38, 14, 8, 9, 29, 57, 27, 87, 85, 44, 55, 41, 78, 88, 45, 94, 43, 18]
------------------------------------------
