 
------------------------------------------
HEURÍSTICA DE CONSTRUCCIÓN: RandomMethod
COSTO TOTAL: 3219.33
TOTAL DE RUTAS: 4
 
R1[60, 83, 53, 50, 59, 39, 33, 99, 82, 57, 81, 63, 48, 46, 16, 42, 28, 56, 98, 34, 1, 11, 14, 68, 22]
R2[86, 26, 4, 58, 89, 23, 97, 73, 93, 30, 65, 9, 54, 37, 80, 44, 7, 8, 19, 78, 90, 41, 77, 96, 66, 20]
R3[100, 25, 55, 35, 2, 69, 62, 87, 76, 70, 71, 10, 32, 36, 21, 84, 61, 18, 47, 31, 3, 49, 24, 40, 95, 94, 91, 67]
R4[5, 79, 38, 85, 27, 92, 88, 64, 51, 12, 52, 43, 17, 29, 45, 75, 74, 72, 6, 15, 13]
------------------------------------------
