 
------------------------------------------
HEURÍSTICA DE CONSTRUCCIÓN: RandomMethod
COSTO TOTAL: 3234.12
TOTAL DE RUTAS: 4
TIEMPO DE EJECUCIÓN: 0.06339502334594727
 
R1[51, 25, 37, 36, 18, 77, 86, 64, 28, 67, 33, 1, 59, 2, 42, 96, 94, 82, 29, 47, 68, 22, 21, 75, 43, 98]
R2[93, 50, 70, 34, 19, 32, 53, 81, 12, 49, 76, 84, 20, 66, 71, 30, 100, 10, 4, 72, 60, 56, 79, 89]
R3[58, 87, 14, 40, 69, 63, 61, 46, 15, 92, 45, 83, 90, 85, 88, 62, 24, 16, 78, 7, 95, 13, 11, 41, 80, 39, 23, 74, 38]
R4[73, 97, 48, 52, 54, 65, 31, 3, 6, 91, 35, 55, 57, 44, 17, 5, 27, 8, 99, 9, 26]
------------------------------------------
