 
------------------------------------------
HEURÍSTICA DE CONSTRUCCIÓN: RandomMethod
COSTO TOTAL: 3192.32
TOTAL DE RUTAS: 4
TIEMPO DE EJECUCIÓN: 0.06351900100708008
 
R1[74, 3, 78, 67, 10, 100, 30, 29, 76, 79, 50, 42, 89, 91, 21, 18, 83, 55, 17, 93, 40, 75, 82, 45, 38, 15, 90, 12, 58, 60, 32, 20]
R2[51, 35, 26, 73, 52, 39, 94, 87, 65, 6, 31, 95, 84, 77, 7, 64, 48, 14, 92, 13, 27, 49, 46]
R3[85, 59, 16, 25, 80, 70, 81, 2, 63, 36, 43, 11, 54, 56, 71, 1, 97, 24, 22, 44, 28, 23, 4, 57, 62, 9, 53]
R4[61, 96, 99, 86, 98, 34, 33, 5, 41, 47, 69, 19, 37, 8, 66, 68, 72, 88]
------------------------------------------
