 
------------------------------------------
HEURÍSTICA DE CONSTRUCCIÓN: RandomMethod
COSTO TOTAL: 3166.97
TOTAL DE RUTAS: 4
 
R1[1, 72, 95, 59, 60, 13, 52, 10, 11, 50, 48, 65, 7, 33, 96, 16, 20, 18, 5, 41, 9, 31, 66, 57, 84]
R2[100, 82, 70, 68, 37, 67, 27, 61, 74, 39, 81, 79, 25, 83, 29, 62, 42, 4, 28, 56, 75, 97, 17, 98, 2, 15, 87]
R3[53, 91, 21, 43, 44, 46, 93, 63, 55, 88, 45, 80, 24, 94, 89, 36, 23, 30, 69, 3, 51, 34, 54, 77, 73, 71, 90, 38, 85, 22]
R4[26, 14, 6, 58, 99, 86, 64, 12, 8, 19, 92, 76, 78, 40, 47, 49, 32, 35]
------------------------------------------
