 
------------------------------------------
CANTIDAD DE EJECUCIONES: 100
HEURÍSTICA DE CONSTRUCCIÓN: HeuristicType.CMT
COSTO TOTAL: 13222.27
TOTAL DE RUTAS: 56
TIEMPO DE EJECUCIÓN: 81.74381470680237 milisegundos
 
R1[77, 468, 348, 582, 61]
R2[301, 143, 429, 559, 276]
R3[97, 311, 279, 328, 79]
R4[497, 275, 105, 488, 240, 520, 249, 139, 488, 210]
R5[349, 296, 397, 114, 70, 103, 264, 133, 70, 168, 3, 168, 495, 535]
R6[248, 217, 405]
R7[88, 58, 66, 436, 215, 293, 285, 300, 285, 346]
R8[230, 237, 406, 299, 388, 388, 509, 447, 336, 153, 83, 255, 132]
R9[428, 225, 32, 528]
R10[512, 152, 116, 538, 162, 543, 375]
R11[420, 571, 442, 501, 523, 138, 138, 4, 138, 368, 180, 404]
R12[465, 52, 357, 554, 357, 357, 554, 263, 198, 432, 81, 12, 290, 277, 552, 280, 213]
R13[192, 119]
R14[266, 555, 151, 39, 448, 124, 141, 53, 530]
R15[569, 387, 410, 304, 387, 387, 441, 534, 125, 232]
R16[65, 74, 15, 82, 307, 574, 170]
R17[400, 588, 26, 351, 35, 527, 521, 590, 117, 165, 35, 373, 373, 527]
R18[453, 150, 443, 199, 115, 199, 411, 115, 199, 171]
R19[121, 229, 516, 175, 194, 222, 222, 476, 222, 417, 330, 247, 47]
R20[358, 475, 154, 474, 36, 50, 36]
R21[174, 292, 292, 41, 433, 578, 216, 486, 25, 292, 29, 25, 482, 570, 314, 565, 140, 310]
R22[331, 332, 68, 68, 86, 490, 30, 593, 223, 313, 597, 419]
R23[517, 178, 23, 90, 594, 452, 23, 23, 354, 23, 390, 390, 390, 208]
R24[327, 456, 306, 462, 157, 438]
R25[195, 430, 422, 364, 245, 504]
R26[242, 37, 318, 440, 270, 413, 234, 546, 261, 398, 96, 337, 337, 337, 337, 546, 337, 5, 567, 2, 167]
R27[598, 146, 188]
R28[287, 288, 136, 489, 539, 489, 135]
R29[573, 371, 553, 243, 371, 553, 339, 544, 305, 366]
R30[57, 478, 147, 478, 356, 352, 583, 315, 519, 205, 112, 42]
R31[469, 353, 144, 513, 449, 513, 326, 134, 274, 196, 257, 67, 460, 434, 268, 532, 372, 584, 396, 295, 491]
R32[91, 378]
R33[1, 84, 426, 85, 129, 84, 219, 395, 46, 129]
R34[220, 341, 269]
R35[56, 562, 562, 529, 562, 529, 316, 158, 75, 282, 566, 258, 560, 111, 399, 510, 303, 256]
R36[22, 385, 94, 95, 401, 369, 161, 145, 386, 6, 585]
R37[547, 211, 54, 209, 507, 302, 302, 480, 283, 203, 556, 54, 54, 209, 549, 549, 107, 273, 522, 148, 524, 302, 107, 156, 324, 473, 563, 89]
R38[253, 172, 550, 377, 550, 172, 408, 493]
R39[128, 374, 533, 110, 317, 160, 63, 9, 31, 149, 383, 537, 265, 69]
R40[126, 394, 80, 102]
R41[481, 72, 423, 466, 272, 423, 43, 414, 370, 291, 100, 214, 575, 502, 239, 92, 389]
R42[13, 284, 76, 329, 118, 181, 338, 181, 18]
R43[11, 472, 24, 20, 540, 122, 382, 382, 596, 201, 471]
R44[515, 558, 470, 361]
R45[335, 184, 254, 402, 200, 123, 455, 526, 78, 231, 281]
R46[155, 580, 463, 45, 415, 525, 40, 525, 415]
R47[189, 173, 511, 10, 10, 10, 202, 425, 10, 166, 10, 17, 137, 17, 228, 508, 392, 350, 564, 381, 321, 416, 421, 500, 376, 233, 445, 185, 518, 595, 104, 227, 236, 241, 98]
R48[359, 407, 8, 409, 8, 44, 479, 8, 446, 262, 190, 130]
R49[252, 367, 600, 579, 320, 250, 250, 579, 320]
R50[322, 267, 267, 355, 206, 551, 487, 499, 548, 286, 106, 206, 106, 19, 592, 193, 418, 260, 572, 294]
R51[251, 345, 131, 34, 55, 38, 224, 238, 71, 576, 340, 464, 197, 244, 59, 120, 221]
R52[492, 113, 62, 333, 391]
R53[483, 427, 403, 182, 278, 477, 599, 182, 108]
R54[48, 207, 323, 545, 323, 561, 159, 379, 503, 458]
R55[437, 505, 259, 435, 101, 435]
R56[14, 457, 226, 457, 298, 581, 142, 577, 27, 365, 451]
------------------------------------------
