Antes de iniciar JVM
Antes de llamar a Controller
Antes de apagar la JVM
FIN
 
------------------------------------------
HEURÍSTICA DE CONSTRUCCIÓN: Sweep
COSTO TOTAL: 6134.26
TOTAL DE RUTAS: 11
TIEMPO DE EJECUCIÓN: 0.4971425533294678
 
R1[110, 50, 129, 27, 13, 114, 3, 109, 11, 39, 91, 52]
R2[78, 14, 80, 107, 40, 71, 127, 139, 119, 1, 10]
R3[35, 132, 121, 88, 45, 95, 69, 87, 73, 17, 62, 26, 12, 112, 133]
R4[68, 108, 57, 56, 55, 70, 101, 67, 83, 105, 117, 51, 6, 75, 135, 85, 141, 74, 61, 54, 98, 115]
R5[4, 111, 37, 19, 36, 100, 24, 46, 49, 125, 79, 126, 8, 34, 72]
R6[144, 99, 134, 131, 44, 136, 81, 32, 30, 7, 94]
R7[38, 97, 142, 140, 118, 89, 103, 122, 124, 77, 42, 113, 2, 9, 47]
R8[137, 23, 64, 20, 102, 31, 130, 48, 60]
R9[59, 28, 41, 96, 92, 120, 25, 53, 138, 29, 106, 16, 33, 58, 63, 143, 65]
R10[93, 123, 22, 21, 104, 84, 5, 86, 82, 15, 66, 18]
R11[43, 116, 128, 76, 90]
------------------------------------------
