Antes de iniciar JVM
Antes de llamar a Controller
Antes de apagar la JVM
FIN
 
------------------------------------------
HEURÍSTICA DE CONSTRUCCIÓN: Sweep
COSTO TOTAL: 6132.78
TOTAL DE RUTAS: 11
TIEMPO DE EJECUCIÓN: 0.5101866722106934
 
R1[110, 91, 95, 14, 10, 3, 52, 50, 27, 114, 39]
R2[127, 26, 129, 119, 40, 109, 17, 87, 35, 80, 78, 71, 73]
R3[139, 88, 62, 12, 107, 112, 132, 133, 11, 13, 121, 45, 69, 1]
R4[36, 75, 55, 67, 85, 4, 117, 49, 54, 61, 34, 83, 56, 24, 141]
R5[68, 101, 135, 74, 115, 70, 72, 19, 98, 100, 6, 125, 111, 57, 37, 46, 8, 108, 126, 51, 105, 79]
R6[99, 47, 42, 94, 102, 97, 32, 137, 77, 38, 103, 144, 140, 113, 134]
R7[2, 131, 31, 124, 7, 81, 9, 60, 44, 118, 30, 122, 89]
R8[130, 142, 48, 64, 20, 136, 23]
R9[58, 59, 123, 25, 76, 21, 138, 120, 128, 18, 116, 29, 82, 63, 86]
R10[16, 106, 90, 41, 92, 15, 96, 66, 28, 33, 65, 43, 53, 84, 22, 5]
R11[104, 143, 93]
------------------------------------------
