Antes de iniciar JVM
Antes de llamar a Controller
Antes de apagar la JVM
FIN
 
------------------------------------------
HEURÍSTICA DE CONSTRUCCIÓN: SaveSequential
COSTO TOTAL: 2816.21
TOTAL DE RUTAS: 11
TIEMPO DE EJECUCIÓN: 2.1737096309661865
 
R1[39, 114, 27, 110, 119, 69, 40, 52, 88, 121, 127, 50, 112, 12]
R2[26, 95, 1, 13, 132, 139, 3, 80, 14, 10, 73, 129, 78, 87, 109]
R3[62, 17, 133, 45, 91, 107, 35, 11, 71]
R4[83, 70, 79, 19, 141, 74, 72, 100, 101, 115, 34, 57, 36, 85, 67, 55, 49, 98, 54, 126, 68, 46]
R5[117, 75, 56, 8, 125, 61, 111, 105, 135, 24, 37, 4, 6, 51, 108]
R6[42, 38, 31, 103, 20, 113, 60, 136, 131, 47, 140, 89, 9, 77, 30, 7, 134, 97]
R7[122, 81, 32, 94, 102, 48, 64, 137, 142, 2]
R8[23, 130, 99, 44, 118, 144, 118]
R9[123, 128, 120, 116, 76, 53, 82, 59, 82, 29, 93, 33, 106]
R10[92, 143, 15, 41, 28, 5, 63, 84, 138, 96, 66, 65, 25, 58, 22, 18, 16, 86]
R11[43, 104, 21]
------------------------------------------
