Antes de iniciar JVM
Antes de llamar a Controller
Antes de apagar la JVM
FIN
 
------------------------------------------
HEURÍSTICA DE CONSTRUCCIÓN: Sweep
COSTO TOTAL: 6108.77
TOTAL DE RUTAS: 11
TIEMPO DE EJECUCIÓN: 0.489304780960083
 
R1[45, 12, 87, 13, 39, 52, 1, 132, 27, 80, 35, 139, 112]
R2[107, 127, 69, 11, 14, 121, 62, 71, 109, 119, 114, 78, 3, 10, 133, 50]
R3[17, 40, 110, 95, 26, 91, 129, 88, 73]
R4[75, 135, 4, 101, 56, 72, 74, 100, 68, 19, 117, 46, 36, 85, 67, 141, 126, 8, 51]
R5[61, 34, 54, 6, 125, 57, 83, 98, 55, 108, 24, 70, 105, 79, 49, 37, 111, 115]
R6[44, 2, 42, 94, 136, 142, 99, 23, 60, 113, 32, 7, 130]
R7[48, 47, 77, 134, 122, 144, 64, 97, 9, 20, 38]
R8[81, 131, 102, 89, 30, 103, 124, 118, 137, 140, 31]
R9[21, 104, 53, 59, 66, 58, 138, 25, 33, 90, 29, 120]
R10[43, 65, 16, 128, 93, 106, 22, 28, 15, 84, 86, 143, 41, 18, 92, 63, 96]
R11[123, 116, 5, 82, 76]
------------------------------------------
