Antes de iniciar JVM
Antes de llamar a Controller
Antes de apagar la JVM
FIN
 
------------------------------------------
HEURÍSTICA DE CONSTRUCCIÓN: Sweep
COSTO TOTAL: 5920.29
TOTAL DE RUTAS: 11
TIEMPO DE EJECUCIÓN: 0.4939451217651367
 
R1[35, 88, 107, 132, 17, 109, 95, 87, 11, 112, 69, 121, 52, 119, 133, 129, 45, 1]
R2[27, 73, 62, 114, 10, 12, 50, 39, 14, 139, 40, 127, 80]
R3[110, 3, 26, 78, 71, 91, 13]
R4[135, 79, 37, 70, 101, 83, 125, 105, 51, 115, 6, 108, 67, 56, 68, 75, 74, 24, 8, 117, 85]
R5[98, 4, 19, 141, 57, 36, 126, 49, 72, 34, 61, 111, 54, 55, 46, 100]
R6[30, 118, 20, 81, 144, 124, 99, 134, 42, 140, 113, 122, 131, 137, 31]
R7[38, 23, 102, 94, 97, 47, 77, 103, 44, 89, 130, 64, 9]
R8[48, 136, 2, 32, 60, 142, 7]
R9[92, 66, 25, 5, 28, 63, 41, 16, 53, 138, 21, 18, 58, 104]
R10[22, 90, 128, 43, 120, 106, 96, 29, 123, 143, 86, 65, 116, 59, 76, 15]
R11[82, 93, 84, 33]
------------------------------------------
