Antes de iniciar JVM
Antes de llamar a Controller
Antes de apagar la JVM
FIN
 
------------------------------------------
HEURÍSTICA DE CONSTRUCCIÓN: SaveSequential
COSTO TOTAL: 2765.08
TOTAL DE RUTAS: 11
TIEMPO DE EJECUCIÓN: 2.1640028953552246
 
R1[3, 121, 73, 12, 112, 50, 10, 127, 88, 52, 40, 69, 119, 110, 114, 13, 132]
R2[26, 95, 1, 27, 139, 80, 14, 133, 129, 78, 87, 109, 11]
R3[17, 62, 45, 91, 39, 71, 35, 107]
R4[101, 70, 19, 141, 74, 72, 100, 34, 111, 61, 36, 57, 85, 67, 55, 49, 98, 54, 126, 46]
R5[117, 75, 8, 56, 125, 83, 115, 105, 79, 135, 24, 108, 68, 51, 6, 4, 37]
R6[97, 134, 7, 30, 77, 131, 9, 140, 89, 47, 60, 136, 113, 20, 103, 31, 38, 42]
R7[124, 44, 118, 142, 137, 64, 2, 48, 102, 94]
R8[23, 99, 144, 130, 122, 81, 32]
R9[96, 66, 29, 90, 53, 82, 59, 93, 116, 76, 120, 33, 65]
R10[92, 63, 143, 15, 5, 28, 41, 106, 84, 138, 21, 86, 128, 25, 58, 22, 123, 18]
R11[16, 104, 43]
------------------------------------------
