Antes de iniciar JVM
Antes de llamar a Controller
Antes de apagar la JVM
FIN
 
------------------------------------------
HEURÍSTICA DE CONSTRUCCIÓN: Sweep
COSTO TOTAL: 5991.27
TOTAL DE RUTAS: 11
TIEMPO DE EJECUCIÓN: 0.49457240104675293
 
R1[110, 129, 119, 114, 127, 17, 95, 12, 39, 52, 45, 40, 139]
R2[80, 112, 78, 109, 88, 133, 73, 1, 26, 11, 13, 87, 107]
R3[27, 62, 121, 91, 132, 71, 3, 50, 69, 14, 10, 35]
R4[55, 56, 46, 83, 36, 57, 61, 70, 141, 111, 105, 135, 67, 74, 51, 100, 79, 75, 72, 125, 6]
R5[98, 101, 108, 115, 85, 126, 4, 8, 19, 24, 117, 68, 34, 54, 37, 49]
R6[89, 144, 31, 38, 140, 9, 32, 142, 48, 30, 118, 99]
R7[44, 97, 131, 136, 77, 47, 20, 137, 64, 103, 130, 124, 122, 113]
R8[23, 81, 42, 94, 60, 134, 7, 102, 2]
R9[123, 106, 84, 92, 138, 22, 96, 29, 33, 65, 104, 58, 5]
R10[90, 82, 25, 28, 16, 41, 21, 43, 93, 128, 66, 18, 120, 143]
R11[63, 15, 116, 59, 76, 86, 53]
------------------------------------------
