Antes de iniciar JVM
Antes de llamar a Controller
Antes de apagar la JVM
FIN
 
------------------------------------------
HEURÍSTICA DE CONSTRUCCIÓN: MatchingBasedSavingAlgorithm
COSTO TOTAL: 4136.06
TOTAL DE RUTAS: 10
TIEMPO DE EJECUCIÓN: 0.2646603584289551
 
R1[129, 73, 112, 10, 127, 121, 52, 40, 110, 110, 114, 114, 119, 27]
R2[62, 1, 3, 80, 139, 132, 13, 80, 14, 87, 17, 91, 45, 17, 78]
R3[107, 11, 71, 39, 109, 26, 95, 26, 69]
R4[108, 83, 135, 115, 70, 105, 79, 98, 55, 67, 36, 85, 55, 49, 55, 126, 34, 101, 100, 74, 19, 74]
R5[37, 51, 46, 4, 75, 8, 56, 125, 8, 4, 6, 117, 4, 6, 57]
R6[108, 83, 135, 115, 70, 105, 79, 98, 55, 67, 36, 85, 55, 49, 55, 126, 34, 101, 100, 74, 19, 74]
R7[37, 51, 46, 4, 75, 8, 56, 125, 8, 4, 6, 117, 4, 6, 57]
R8[16, 33, 82, 93, 53, 90, 25, 128, 25, 58, 22, 22, 59]
R9[96, 66, 106, 138, 5, 65, 123, 18, 43, 104, 5]
R10[92, 21, 84, 143, 15, 41, 28, 86, 63, 41]
------------------------------------------
