Antes de iniciar JVM
Antes de llamar a Controller
Antes de apagar la JVM
FIN
 
------------------------------------------
HEURÍSTICA DE CONSTRUCCIÓN: MatchingBasedSavingAlgorithm
COSTO TOTAL: 3726.6
TOTAL DE RUTAS: 12
TIEMPO DE EJECUCIÓN: 0.22908782958984375
 
R1[129, 73, 112, 10, 127, 121, 114, 27, 110, 119, 40, 52, 88, 50]
R2[62, 1, 91, 87, 133, 80, 3, 132, 13, 14, 14, 14, 139, 45, 17]
R3[71, 39, 107, 11, 109, 26, 95, 26, 69]
R4[129, 73, 112, 10, 127, 121, 114, 27, 110, 119, 40, 52, 88, 50]
R5[62, 1, 91, 87, 133, 80, 3, 132, 13, 14, 14, 14, 139, 45, 17]
R6[71, 39, 107, 11, 109, 26, 95, 26, 69]
R7[144, 99, 81, 122, 32, 23, 134, 7, 77, 9, 131, 140, 89, 47]
R8[130, 94, 102, 94, 136, 60, 113, 142, 97, 97, 48, 118, 20, 42]
R9[124, 2, 44, 31, 38, 103, 30]
R10[84, 53, 90, 18, 93, 120, 33, 58, 25, 128, 123, 22, 22]
R11[41, 15, 66, 86, 96, 92, 65, 16, 16, 59, 65, 104, 63, 43, 28]
R12[106, 138, 29, 143, 21, 143]
------------------------------------------
