Antes de iniciar JVM
Antes de llamar a Controller
Antes de apagar la JVM
FIN
 
------------------------------------------
HEURÍSTICA DE CONSTRUCCIÓN: CMT
COSTO TOTAL: 2759.81
TOTAL DE RUTAS: 11
TIEMPO DE EJECUCIÓN: 3.4114022254943848
 
R1[110, 114, 114, 27, 27, 27, 27, 1, 132, 71, 139, 26]
R2[88, 52, 40, 121, 127, 3, 80, 14]
R3[12, 112, 10, 50, 73, 133, 17, 107, 11, 35, 11, 39, 107, 109, 87, 91, 45, 129]
R4[36, 57, 55, 67, 85, 61, 111, 61]
R5[98, 54, 126, 75, 101, 6, 51, 108, 79, 74, 100, 72, 100, 72, 72, 141, 83, 56, 8, 115, 125, 4, 105, 19, 117, 37, 135, 24, 70]
R6[97, 77, 137, 64, 48, 94, 2, 94, 102, 130, 124, 99, 130, 23, 122, 32, 118, 81]
R7[103, 113, 136, 113, 131, 38, 113, 113, 60, 136, 136, 113, 44, 42]
R8[7, 30, 134]
R9[93, 120, 33, 25, 58, 18, 128, 123, 18, 22, 16]
R10[28, 5, 41, 15, 143, 43, 104, 63, 84, 92, 106, 138]
R11[59, 76, 116, 76, 116, 53, 29, 21, 90, 66, 86]
------------------------------------------
