Antes de iniciar JVM
Antes de llamar a Controller
Antes de apagar la JVM
FIN
 
------------------------------------------
HEURÍSTICA DE CONSTRUCCIÓN: SaveSequential
COSTO TOTAL: 2801.54
TOTAL DE RUTAS: 11
TIEMPO DE EJECUCIÓN: 2.0963122844696045
 
R1[3, 121, 73, 12, 112, 50, 10, 127, 88, 52, 40, 69, 119, 110, 114, 13, 132]
R2[26, 95, 1, 27, 139, 80, 14, 133, 129, 78, 87, 109, 11]
R3[107, 35, 71, 62, 17, 45, 91, 39]
R4[108, 46, 68, 126, 54, 98, 49, 55, 67, 85, 36, 57, 34, 101, 100, 72, 74, 141, 19, 79, 70, 105, 8]
R5[117, 56, 125, 61, 111, 83, 115, 135, 24, 37, 51, 6, 4, 75]
R6[97, 134, 7, 30, 77, 9, 131, 89, 140, 47, 60, 136, 113, 20, 103, 31, 38, 42]
R7[122, 99, 118, 44, 142, 137, 64, 2, 48, 102, 94]
R8[124, 144, 23, 81, 32, 130]
R9[96, 66, 29, 90, 53, 82, 59, 93, 116, 76, 120, 33, 65]
R10[22, 123, 18, 58, 25, 128, 86, 21, 106, 138, 84, 143, 15, 41, 28, 5, 63, 92]
R11[16, 104, 43]
------------------------------------------
