Antes de iniciar JVM
Antes de llamar a Controller
Antes de apagar la JVM
FIN
 
------------------------------------------
HEURÍSTICA DE CONSTRUCCIÓN: NearestNeighborWithRLC
COSTO TOTAL: 5053.46
TOTAL DE RUTAS: 11
TIEMPO DE EJECUCIÓN: 0.6565473079681396
 
R1[62, 17, 45, 91, 133, 39, 26, 109, 71, 129, 107, 87, 80, 1, 95]
R2[11, 3, 73, 139, 35, 132, 78, 127, 12, 14, 121, 10, 88, 52]
R3[13, 40, 27, 119, 110, 114, 69, 50, 112]
R4[117, 4, 6, 37, 51, 75, 135, 70, 56, 46, 105, 83, 115, 79, 8, 24, 101, 19, 108]
R5[125, 68, 141, 54, 126, 111, 67, 74, 100, 34, 72, 85, 98, 55, 49, 61, 57, 36]
R6[94, 124, 102, 2, 130, 32, 23, 99, 48, 44]
R7[81, 42, 122, 142, 97, 144, 118, 137, 113, 134, 38, 60, 64]
R8[136, 31, 131, 77, 7, 103, 47, 20, 9, 140, 89, 30]
R9[43, 104, 92, 63, 86, 106, 16, 143, 15, 18, 21, 84, 22, 41, 138, 96, 128, 28]
R10[123, 58, 66, 25, 65, 33, 29, 82, 53, 90]
R11[5, 120, 93, 59, 116, 76]
------------------------------------------
