Antes de iniciar JVM
Antes de llamar a Controller
Antes de apagar la JVM
FIN
 
------------------------------------------
HEURÍSTICA DE CONSTRUCCIÓN: RandomMethod
COSTO TOTAL: 6092.77
TOTAL DE RUTAS: 11
TIEMPO DE EJECUCIÓN: 0.16462230682373047
 
R1[78, 87, 119, 121, 112, 95, 26, 12, 40, 52, 11, 139, 17, 69]
R2[110, 10, 1, 62, 80, 107, 71, 13, 14, 91, 45, 50, 132, 109]
R3[88, 27, 127, 39, 73, 129, 133, 35, 114, 3]
R4[98, 57, 74, 101, 49, 135, 111, 67, 70, 61, 68, 4, 85, 51, 8, 37, 36, 46, 55, 24]
R5[72, 83, 105, 117, 56, 126, 100, 75, 115, 34, 19, 141, 6, 108, 125, 79, 54]
R6[32, 2, 30, 118, 20, 103, 38, 42, 23, 81, 134, 131, 9]
R7[144, 122, 140, 113, 136, 89, 47, 142, 31, 44, 130, 94, 137]
R8[99, 97, 48, 77, 64, 124, 60, 102, 7]
R9[138, 106, 41, 53, 59, 86, 96, 66, 28, 5, 116, 82, 128, 92, 33]
R10[120, 21, 25, 123, 43, 93, 18, 16, 63, 143, 84, 65, 104]
R11[90, 29, 15, 76, 58, 22]
------------------------------------------
