Antes de iniciar JVM
Antes de llamar a Controller
Antes de apagar la JVM
FIN
 
------------------------------------------
HEURÍSTICA DE CONSTRUCCIÓN: NearestNeighborWithRLC
COSTO TOTAL: 5000.21
TOTAL DE RUTAS: 11
TIEMPO DE EJECUCIÓN: 0.6316730976104736
 
R1[17, 91, 45, 62, 26, 39, 71, 107, 109, 87, 133, 129, 11, 95, 80]
R2[1, 139, 73, 132, 35, 13, 14, 3, 127, 12, 121, 112, 88, 78, 52]
R3[40, 27, 10, 119, 114, 110, 69, 50]
R4[37, 117, 4, 24, 6, 75, 51, 135, 8, 70, 105, 83, 56, 79, 46, 115, 101, 19, 68]
R5[126, 34, 108, 141, 111, 54, 67, 61, 74, 72, 100, 55, 98, 85, 49, 36, 57, 125]
R6[124, 48, 102, 2, 99, 32, 94, 23, 81, 44, 97, 122]
R7[130, 64, 142, 118, 144, 42, 38, 113, 137, 134, 136]
R8[20, 7, 60, 131, 47, 103, 31, 140, 89, 77, 9, 30]
R9[104, 43, 63, 16, 21, 92, 143, 15, 86, 84, 106, 18, 22, 123, 41, 66, 96]
R10[128, 138, 58, 65, 25, 28, 5, 29, 33, 93, 53]
R11[90, 120, 76, 116, 82, 59]
------------------------------------------
