Antes de iniciar JVM
Antes de llamar a Controller
Antes de apagar la JVM
FIN
 
------------------------------------------
HEURÍSTICA DE CONSTRUCCIÓN: NearestNeighborWithRLC
COSTO TOTAL: 5021.0
TOTAL DE RUTAS: 11
TIEMPO DE EJECUCIÓN: 0.6714155673980713
 
R1[17, 91, 62, 26, 133, 45, 109, 107, 87, 39, 71, 95, 11, 80, 129]
R2[139, 3, 73, 1, 35, 13, 132, 127, 12, 78, 10, 121, 14, 88]
R3[110, 40, 112, 52, 50, 27, 114, 69, 119]
R4[117, 4, 37, 6, 51, 24, 8, 135, 56, 75, 105, 83, 70, 115, 108, 46, 79, 19]
R5[125, 101, 34, 68, 141, 54, 74, 111, 61, 67, 72, 100, 126, 55, 85, 98, 57, 36, 49]
R6[124, 48, 130, 2, 94, 102, 32, 99, 81, 122]
R7[44, 23, 64, 142, 97, 144, 42, 137, 118, 38, 113, 136, 20, 60]
R8[7, 134, 131, 47, 103, 9, 140, 89, 31, 77, 30]
R9[92, 104, 43, 16, 86, 106, 143, 15, 63, 18, 41, 22, 123, 21, 138, 66]
R10[128, 84, 28, 96, 65, 58, 25, 33, 5, 82, 93, 29]
R11[90, 59, 120, 76, 53, 116]
------------------------------------------
