Antes de iniciar JVM
Antes de llamar a Controller
Antes de apagar la JVM
FIN
 
------------------------------------------
HEURÍSTICA DE CONSTRUCCIÓN: SaveSequential
COSTO TOTAL: 2730.97
TOTAL DE RUTAS: 11
TIEMPO DE EJECUCIÓN: 2.185253858566284
 
R1[17, 88, 52, 40, 69, 119, 110, 114, 27, 13, 132, 139, 121, 127, 73]
R2[107, 109, 78, 12, 112, 50, 10, 11, 35, 71, 95, 1, 26, 62]
R3[39, 3, 80, 14, 133, 129, 87, 45, 91]
R4[46, 68, 126, 54, 49, 98, 55, 85, 57, 36, 61, 111, 34, 100, 72, 74, 141, 19, 70]
R5[108, 51, 6, 4, 79, 101, 105, 115, 83, 125, 67, 56, 8, 75, 117, 135, 24, 37]
R6[42, 38, 31, 103, 20, 113, 136, 60, 47, 89, 140, 9, 131, 77, 30, 7, 134, 97]
R7[23, 122, 81, 32, 99, 144, 118, 44, 142, 137, 64]
R8[124, 2, 48, 102, 94, 130]
R9[96, 66, 29, 90, 53, 82, 59, 76, 116, 120, 93, 33, 65]
R10[92, 143, 15, 28, 41, 106, 84, 138, 86, 21, 16, 18, 123, 128, 25, 58, 22, 104]
R11[43, 5, 63]
------------------------------------------
