Antes de iniciar JVM
Antes de llamar a Controller
Antes de apagar la JVM
FIN
 
------------------------------------------
HEURÍSTICA DE CONSTRUCCIÓN: SaveSequential
COSTO TOTAL: 2704.52
TOTAL DE RUTAS: 11
TIEMPO DE EJECUCIÓN: 2.1312239170074463
 
R1[87, 78, 12, 112, 50, 10, 127, 88, 52, 40, 69, 119, 114, 13]
R2[121, 62, 139, 132, 110, 27, 1, 95, 26, 71, 35, 11, 107, 109]
R3[91, 45, 133, 129, 73, 14, 80, 3, 17, 39]
R4[46, 126, 54, 98, 49, 55, 67, 85, 57, 36, 61, 111, 34, 100, 72, 74, 141, 19, 70, 101]
R5[117, 75, 56, 8, 125, 83, 115, 105, 79, 135, 24, 108, 68, 51, 6, 4, 37]
R6[42, 38, 31, 103, 20, 113, 136, 60, 47, 89, 140, 9, 131, 77, 30, 7, 134, 97]
R7[64, 137, 142, 44, 118, 144, 99, 23, 122, 81, 32]
R8[130, 94, 102, 48, 2, 124]
R9[33, 65, 29, 82, 76, 116, 120, 93, 59, 53, 90, 66, 96]
R10[18, 123, 22, 58, 25, 128, 86, 21, 106, 138, 84, 143, 15, 41, 28, 5, 63, 92]
R11[16, 104, 43]
------------------------------------------
