Antes de iniciar JVM
Antes de llamar a Controller
Antes de apagar la JVM
FIN
 
------------------------------------------
HEURÍSTICA DE CONSTRUCCIÓN: Sweep
COSTO TOTAL: 6056.55
TOTAL DE RUTAS: 11
TIEMPO DE EJECUCIÓN: 0.5112671852111816
 
R1[80, 91, 110, 133, 112, 35, 11, 71, 95, 88, 107, 73, 119, 13]
R2[26, 132, 121, 27, 12, 127, 50, 17, 45, 139, 14, 62, 129, 109, 87]
R3[52, 39, 3, 78, 10, 1, 69, 40, 114]
R4[49, 117, 19, 75, 98, 108, 6, 34, 83, 4, 54, 24, 135, 105, 70, 72, 36]
R5[111, 67, 141, 126, 55, 51, 56, 115, 125, 85, 61, 100, 8, 57, 79, 46, 74, 68, 37, 101]
R6[136, 134, 2, 102, 7, 130, 137, 124, 31, 89, 81]
R7[140, 47, 30, 38, 77, 131, 20, 64, 113, 103, 42, 32, 99, 44, 23, 142]
R8[94, 48, 118, 9, 60, 144, 122, 97]
R9[123, 28, 25, 106, 143, 86, 116, 22, 90, 59, 120, 58, 18, 5]
R10[33, 16, 104, 21, 41, 53, 138, 15, 96, 65, 66, 43, 63, 128, 92]
R11[29, 84, 82, 76, 93]
------------------------------------------
