Antes de iniciar JVM
Antes de llamar a Controller
Antes de apagar la JVM
FIN
 
------------------------------------------
HEURÍSTICA DE CONSTRUCCIÓN: SaveSequential
COSTO TOTAL: 2793.34
TOTAL DE RUTAS: 11
TIEMPO DE EJECUCIÓN: 2.1013708114624023
 
R1[132, 13, 27, 114, 110, 119, 69, 40, 52, 88, 121, 127, 50, 112, 12, 73]
R2[11, 109, 87, 78, 129, 10, 14, 80, 3, 139, 1, 95, 26, 62]
R3[17, 133, 45, 91, 107, 35, 71, 39]
R4[74, 72, 100, 101, 115, 83, 125, 61, 111, 34, 57, 36, 85, 67, 55, 49, 98, 54, 126, 68]
R5[24, 135, 117, 75, 8, 56, 105, 70, 79, 141, 19, 37, 108, 46, 51, 6, 4]
R6[97, 134, 7, 30, 77, 9, 131, 89, 140, 47, 60, 136, 113, 20, 103, 31, 38, 42]
R7[64, 137, 142, 44, 118, 144, 99, 23, 122, 81, 32]
R8[124, 2, 94, 102, 48, 102]
R9[33, 65, 116, 76, 120, 93, 59, 82, 53, 90, 29, 128, 58, 106]
R10[43, 104, 22, 25, 123, 18, 16, 21, 66, 96, 138, 84, 41, 15]
R11[86, 143, 28, 5, 63, 92]
------------------------------------------
