Antes de iniciar JVM
Antes de llamar a Controller
Antes de apagar la JVM
FIN
 
------------------------------------------
HEURÍSTICA DE CONSTRUCCIÓN: CMT
COSTO TOTAL: 2665.89
TOTAL DE RUTAS: 11
TIEMPO DE EJECUCIÓN: 3.537609577178955
 
R1[13, 95, 95, 26, 139, 132, 1, 1, 1, 39]
R2[27, 114, 110, 119, 69]
R3[40, 52, 88, 121, 112, 12, 50, 12, 78, 10, 127, 73, 107, 109, 87, 129, 3, 80, 133, 62, 91, 45, 17]
R4[74, 72, 141, 100, 19, 79]
R5[75, 98, 49, 67, 85, 111, 61, 111, 34, 111, 111, 36, 57, 101, 125, 108, 68, 83, 115, 105, 46, 70, 56, 24, 135, 51, 8, 4, 6, 37, 117]
R6[131, 9, 140, 89, 60, 136, 47, 136, 142, 137]
R7[32, 122, 94, 48, 102, 134, 97, 30, 7, 134, 134, 134, 2, 130, 99]
R8[103, 31, 144, 118, 38, 42, 38, 20, 124, 44]
R9[22, 58, 128, 123, 16, 123, 18, 123, 104, 86, 21, 96]
R10[63, 5, 28, 143, 143, 15, 41, 92, 106, 138]
R11[93, 116, 76, 53, 53, 90, 66, 59, 29, 82, 66, 65]
------------------------------------------
