Antes de iniciar JVM
Antes de llamar a Controller
Antes de apagar la JVM
FIN
 
------------------------------------------
HEURÍSTICA DE CONSTRUCCIÓN: MoleJameson
COSTO TOTAL: 1943.21
TOTAL DE RUTAS: 7
TIEMPO DE EJECUCIÓN: 17.120628356933594
 
R1[139, 132, 13, 27, 114, 110, 119, 69, 40, 52, 88, 121, 127, 14, 73]
R2[129, 133, 80, 3, 17, 62, 10, 50, 112, 12, 78, 109, 87, 45, 91]
R3[19, 141, 74, 72, 100, 57, 36, 61, 67, 85, 111, 34, 101, 125, 83, 115, 105, 56, 8]
R4[142, 113, 60, 136, 131, 47, 140, 89, 9, 77, 30, 7, 134, 137, 64, 97, 122]
R5[32, 23, 144, 99, 130, 118, 42, 31, 103, 20, 38, 44]
R6[96, 66, 29, 90, 53, 82, 59, 76, 116, 120, 93, 33, 65]
R7[43, 104, 22, 58, 25, 128, 123, 18, 16, 21, 86, 106, 84, 15, 143, 92]
------------------------------------------
