Antes de iniciar JVM
Antes de llamar a Controller
Antes de apagar la JVM
FIN
 
------------------------------------------
HEURÍSTICA DE CONSTRUCCIÓN: NearestNeighborWithRLC
COSTO TOTAL: 4883.26
TOTAL DE RUTAS: 11
TIEMPO DE EJECUCIÓN: 0.6601758003234863
 
R1[62, 39, 17, 91, 133, 45, 71, 109, 107, 129, 11, 87, 95, 80, 26]
R2[139, 73, 1, 3, 132, 14, 78, 35, 12, 13, 121, 112, 10, 127, 110]
R3[88, 40, 52, 119, 27, 114, 69, 50]
R4[4, 117, 24, 6, 37, 51, 135, 70, 8, 75, 56, 105, 83, 79, 115, 108, 19, 101]
R5[68, 46, 126, 141, 125, 34, 74, 54, 61, 67, 111, 72, 100, 55, 85, 49, 98, 57, 36]
R6[124, 48, 102, 94, 130, 2, 32, 99, 81, 44]
R7[122, 23, 64, 97, 142, 144, 42, 118, 38, 137, 113, 134, 136]
R8[20, 31, 7, 60, 131, 47, 9, 140, 103, 77, 30, 89]
R9[43, 86, 63, 104, 92, 16, 106, 21, 15, 143, 84, 41, 123, 138, 96, 66, 128, 28]
R10[22, 5, 58, 18, 29, 33, 25, 82, 65, 53]
R11[93, 59, 120, 90, 76, 116]
------------------------------------------
