Antes de iniciar JVM
Antes de llamar a Controller
Antes de apagar la JVM
FIN
 
------------------------------------------
HEURÍSTICA DE CONSTRUCCIÓN: RandomMethod
COSTO TOTAL: 5957.64
TOTAL DE RUTAS: 12
TIEMPO DE EJECUCIÓN: 0.18663382530212402
 
R1[107, 52, 121, 3, 132, 39, 80, 112, 10, 133, 17, 35, 139]
R2[78, 27, 109, 87, 40, 114, 110, 62, 1, 119, 71, 91, 13]
R3[12, 127, 95, 73, 26, 69, 11, 14, 50, 129, 45, 88]
R4[4, 54, 83, 67, 100, 85, 135, 101, 79, 115, 36, 34, 111, 75, 55, 141, 8, 125, 105, 126]
R5[19, 6, 98, 72, 108, 24, 51, 70, 37, 56, 46, 68, 49, 117, 57, 61]
R6[74]
R7[31, 94, 97, 130, 48, 113, 118, 122, 144, 30, 47, 60, 42, 124]
R8[142, 44, 38, 137, 134, 136, 140, 89, 131, 20, 32, 2]
R9[9, 102, 23, 77, 7, 81, 103, 99, 64]
R10[106, 84, 104, 5, 123, 116, 90, 29, 82, 120, 66, 41, 76, 58]
R11[22, 33, 93, 53, 43, 63, 28, 128, 25, 86, 96, 59, 21]
R12[138, 16, 65, 92, 143, 18, 15]
------------------------------------------
