Antes de iniciar JVM
Antes de llamar a Controller
Antes de apagar la JVM
FIN
 
------------------------------------------
HEURÍSTICA DE CONSTRUCCIÓN: RandomMethod
COSTO TOTAL: 6005.83
TOTAL DE RUTAS: 11
TIEMPO DE EJECUCIÓN: 0.17069435119628906
 
R1[69, 35, 45, 88, 119, 17, 129, 11, 71, 62, 26, 87, 27, 10, 73, 112]
R2[110, 109, 133, 121, 107, 132, 39, 127, 80, 91, 14, 3, 40]
R3[139, 52, 114, 95, 13, 12, 50, 78, 1]
R4[125, 72, 100, 74, 68, 54, 46, 98, 57, 83, 111, 49, 126, 85, 37, 105, 34, 8, 115, 101]
R5[75, 70, 141, 36, 19, 67, 135, 117, 4, 61, 51, 6, 55, 108, 24, 56, 79]
R6[130, 103, 118, 23, 136, 99, 144, 137, 81, 124]
R7[44, 30, 102, 60, 77, 140, 2, 42, 134, 122, 47, 32, 94, 7, 48]
R8[31, 64, 20, 113, 9, 89, 131, 142, 38, 97]
R9[82, 86, 41, 104, 21, 92, 96, 5, 65, 16, 33, 22, 123]
R10[43, 116, 63, 58, 53, 90, 18, 29, 143, 15, 106, 76, 25, 66, 28, 84]
R11[93, 128, 59, 138, 120]
------------------------------------------
