Antes de iniciar JVM
Antes de llamar a Controller
Antes de apagar la JVM
FIN
 
------------------------------------------
HEURÍSTICA DE CONSTRUCCIÓN: CMT
COSTO TOTAL: 2759.14
TOTAL DE RUTAS: 11
TIEMPO DE EJECUCIÓN: 3.462907552719116
 
R1[110, 114, 27, 119, 69]
R2[40, 121, 52, 88, 52, 127, 10]
R3[12, 112, 80, 78, 17, 132, 132, 13, 13, 13, 132, 13, 14, 139, 1, 132, 71, 109, 87, 129, 133, 26, 45, 91, 39, 62]
R4[74, 141, 72, 79, 70, 19, 108, 46, 51, 4, 117, 83, 115, 83, 111, 125, 8, 56, 24, 37, 24, 34, 135, 105, 101, 34, 75, 61, 36]
R5[57, 85, 49, 55, 67, 54, 98, 126]
R6[131, 9, 140, 89, 47, 60, 136, 136, 137, 142, 113, 64, 30]
R7[144, 118, 42, 38, 31, 103, 20, 44]
R8[97, 134, 7, 134, 2, 48, 94, 32, 102, 23, 81, 99, 122, 130]
R9[22, 25, 58, 33, 120, 128, 123, 93, 16, 104, 43, 18, 65, 43]
R10[63, 5, 28, 15, 41, 15, 92]
R11[59, 76, 59, 29, 82, 66, 53, 66, 138, 96, 106, 86, 21]
------------------------------------------
