Antes de iniciar JVM
Antes de llamar a Controller
Antes de apagar la JVM
FIN
 
------------------------------------------
HEURÍSTICA DE CONSTRUCCIÓN: CMT
COSTO TOTAL: 2698.46
TOTAL DE RUTAS: 11
TIEMPO DE EJECUCIÓN: 3.405120849609375
 
R1[12, 112, 50, 10]
R2[107, 109, 78, 11, 35, 11, 91, 45, 71, 39]
R3[27, 110, 114, 119, 119, 40, 73, 127, 121, 88, 52, 80, 139, 1, 95, 132, 13, 129, 14, 26, 133, 3, 62, 17]
R4[36, 85, 67, 75, 105, 8, 36, 36, 36, 61, 111, 125, 101, 115, 56, 34, 111, 111, 111]
R5[19, 141, 74, 72, 100, 68, 126, 46, 108, 6, 4, 51, 117, 135, 79, 37, 70, 24]
R6[42, 144, 118, 38, 20, 31, 103, 31, 44, 130, 23]
R7[140, 89, 47, 9, 131, 60, 136, 113]
R8[48, 64, 97, 32, 81, 122, 7, 134, 30, 77, 137, 142, 124, 2, 102, 94]
R9[33, 93, 76, 120, 116, 59, 82, 53, 29, 65, 128, 25]
R10[16, 123, 123, 66, 86, 86, 18, 86, 21, 86, 138, 106, 92, 43, 104, 84]
R11[5, 41, 28, 15, 143, 15]
------------------------------------------
