Antes de iniciar JVM
Antes de llamar a Controller
Antes de apagar la JVM
FIN
 
------------------------------------------
HEURÍSTICA DE CONSTRUCCIÓN: SaveSequential
COSTO TOTAL: 2731.33
TOTAL DE RUTAS: 11
TIEMPO DE EJECUCIÓN: 2.1850244998931885
 
R1[45, 87, 78, 12, 112, 50, 10, 127, 88, 52, 40, 69, 119, 114, 121, 73]
R2[129, 133, 14, 80, 3, 110, 27, 13, 132, 139, 1, 95, 26, 71]
R3[17, 62, 39, 109, 107, 35, 11, 107]
R4[46, 68, 126, 54, 98, 49, 55, 85, 57, 36, 61, 111, 34, 100, 72, 74, 141, 19, 70]
R5[105, 101, 115, 83, 125, 67, 56, 8, 75, 117, 79, 135, 24, 108, 51, 6, 4, 37]
R6[97, 102, 134, 30, 77, 9, 89, 140, 47, 131, 136, 60, 113, 20, 103, 31, 38, 42, 99]
R7[2, 142, 64, 137, 7, 32, 81, 122, 23, 130]
R8[124, 48, 94, 44, 118, 144]
R9[138, 96, 90, 53, 82, 76, 116, 120, 93, 59, 29, 65, 33, 58]
R10[18, 123, 22, 25, 128, 86, 21, 66, 106, 84, 143, 15, 41, 28, 5, 63, 92]
R11[16, 104, 43]
------------------------------------------
