Antes de iniciar JVM
Antes de llamar a Controller
Antes de apagar la JVM
FIN
 
------------------------------------------
HEURÍSTICA DE CONSTRUCCIÓN: SaveSequential
COSTO TOTAL: 2692.82
TOTAL DE RUTAS: 11
TIEMPO DE EJECUCIÓN: 2.1279308795928955
 
R1[132, 13, 27, 114, 110, 119, 69, 40, 52, 88, 121, 127, 50, 112, 12, 73]
R2[11, 35, 107, 109, 78, 10, 14, 80, 3, 139, 1, 95, 62]
R3[87, 45, 91, 129, 133, 17, 26, 71, 39]
R4[100, 72, 74, 141, 19, 79, 70, 83, 101, 115, 34, 57, 36, 85, 67, 55, 49, 98, 54, 126, 68, 46]
R5[117, 75, 8, 56, 125, 61, 111, 105, 135, 24, 37, 4, 6, 51, 108]
R6[97, 7, 134, 30, 77, 9, 89, 140, 47, 131, 136, 60, 113, 20, 103, 31, 38, 42]
R7[94, 102, 48, 2, 137, 64, 142, 44, 118, 99, 122]
R8[144, 130, 124, 23, 81, 32]
R9[76, 116, 120, 93, 33, 65, 59, 82, 53, 90, 29, 66, 96]
R10[92, 63, 28, 5, 41, 15, 143, 84, 138, 106, 21, 86, 128, 25, 58, 22, 123, 18]
R11[16, 104, 43]
------------------------------------------
