Antes de iniciar JVM
Antes de llamar a Controller
Antes de apagar la JVM
FIN
 
------------------------------------------
HEURÍSTICA DE CONSTRUCCIÓN: Sweep
COSTO TOTAL: 5910.75
TOTAL DE RUTAS: 11
TIEMPO DE EJECUCIÓN: 0.4921538829803467
 
R1[87, 27, 91, 107, 119, 13, 11, 80, 62, 127, 45, 110]
R2[26, 112, 50, 35, 73, 1, 17, 133, 78, 3, 71, 39, 139]
R3[12, 52, 10, 95, 109, 121, 88, 69, 14, 40, 114, 129, 132]
R4[57, 36, 135, 141, 56, 125, 72, 6, 67, 105, 108, 68, 54, 79, 126, 85, 61, 101, 70, 100, 74, 46, 51]
R5[34, 83, 49, 117, 37, 24, 75, 115, 111, 55, 98, 19, 4, 8]
R6[2, 144, 60, 38, 130, 113, 136, 30, 44, 124, 7, 42, 131]
R7[137, 103, 9, 47, 81, 32, 97, 142, 89, 99, 94, 140, 122, 118]
R8[23, 20, 134, 102, 31, 48, 64, 77]
R9[84, 93, 43, 22, 138, 25, 58, 123, 59, 96, 15, 41, 116, 128]
R10[5, 143, 90, 104, 92, 63, 120, 18, 106, 28, 21, 86, 53, 65, 29]
R11[82, 33, 16, 76, 66]
------------------------------------------
