Antes de iniciar JVM
Antes de llamar a Controller
Antes de apagar la JVM
FIN
 
------------------------------------------
HEURÍSTICA DE CONSTRUCCIÓN: Sweep
COSTO TOTAL: 5781.02
TOTAL DE RUTAS: 11
TIEMPO DE EJECUCIÓN: 0.4973626136779785
 
R1[13, 39, 91, 119, 26, 12, 10, 87, 35, 17, 71, 1, 73, 129]
R2[40, 62, 52, 132, 107, 127, 14, 114, 78, 133, 3, 95, 45, 80, 112, 121]
R3[11, 88, 109, 110, 139, 50, 27, 69]
R4[70, 34, 117, 83, 105, 36, 61, 100, 24, 74, 141, 79, 111, 19, 8]
R5[75, 56, 126, 135, 37, 6, 125, 55, 85, 4, 68, 51, 57, 49, 54, 115, 72, 67, 98, 101, 46, 108]
R6[137, 23, 142, 48, 20, 9, 134, 94, 60, 89, 131, 130]
R7[31, 144, 102, 47, 103, 118, 136, 64, 140, 42, 32, 77, 30, 7]
R8[81, 122, 2, 124, 97, 44, 38, 99, 113]
R9[41, 29, 21, 93, 65, 120, 138, 96, 76, 28, 25, 116, 53, 43, 66, 106, 15]
R10[82, 5, 63, 84, 33, 16, 128, 22, 58, 18, 92, 90, 104]
R11[59, 86, 123, 143]
------------------------------------------
