Antes de iniciar JVM
Antes de llamar a Controller
Antes de apagar la JVM
FIN
 
------------------------------------------
HEURÍSTICA DE CONSTRUCCIÓN: NearestNeighborWithRLC
COSTO TOTAL: 4960.39
TOTAL DE RUTAS: 11
TIEMPO DE EJECUCIÓN: 0.6623611450195312
 
R1[62, 39, 17, 26, 133, 109, 45, 91, 107, 129, 11, 71, 87, 95, 1]
R2[80, 73, 14, 139, 35, 3, 78, 127, 132, 10, 121, 112, 12, 52]
R3[13, 110, 27, 88, 50, 40, 119, 69, 114]
R4[117, 37, 24, 75, 51, 135, 6, 8, 56, 4, 70, 105, 83, 46, 79, 108, 115, 101, 19]
R5[126, 68, 141, 34, 111, 125, 67, 74, 100, 72, 54, 61, 98, 36, 85, 49, 57, 55]
R6[102, 94, 130, 124, 2, 99, 23, 122, 32, 48, 97, 44]
R7[64, 42, 144, 81, 142, 137, 113, 134, 136, 60, 20, 38]
R8[118, 7, 77, 31, 103, 47, 140, 131, 30, 9, 89]
R9[92, 43, 63, 16, 86, 104, 106, 143, 18, 84, 15, 41, 123, 138, 96, 66, 22]
R10[21, 28, 5, 128, 58, 65, 25, 29, 82, 93, 53, 90]
R11[59, 33, 116, 120, 76]
------------------------------------------
