Antes de iniciar JVM
Antes de llamar a Controller
Antes de apagar la JVM
FIN
 
------------------------------------------
HEURÍSTICA DE CONSTRUCCIÓN: Sweep
COSTO TOTAL: 5860.29
TOTAL DE RUTAS: 11
TIEMPO DE EJECUCIÓN: 0.5115096569061279
 
R1[71, 78, 39, 3, 80, 73, 13, 133, 45, 109, 1, 10, 12, 87, 69, 129]
R2[110, 88, 52, 17, 112, 91, 139, 95, 50, 132, 127, 114]
R3[27, 119, 14, 107, 40, 121, 62, 11, 35, 26]
R4[79, 51, 55, 54, 98, 4, 8, 6, 67, 83, 117, 46, 37, 135, 34, 85, 101, 57, 72, 24, 36, 115]
R5[74, 108, 125, 126, 70, 68, 105, 75, 141, 61, 100, 56, 49, 111, 19]
R6[44, 60, 30, 134, 2, 124, 140, 9, 7, 103, 64, 89, 136, 42, 97]
R7[77, 38, 137, 144, 122, 142, 113, 47, 32, 130, 48]
R8[31, 131, 20, 102, 99, 81, 23, 94, 118]
R9[123, 143, 15, 21, 138, 82, 53, 58, 63, 66, 93, 65, 120, 18, 116]
R10[5, 41, 59, 43, 90, 84, 104, 29, 76, 92, 86, 16, 22]
R11[25, 96, 106, 128, 33, 28]
------------------------------------------
