Antes de iniciar JVM
Antes de llamar a Controller
Antes de apagar la JVM
FIN
 
------------------------------------------
HEURÍSTICA DE CONSTRUCCIÓN: MoleJameson
COSTO TOTAL: 1908.86
TOTAL DE RUTAS: 7
TIEMPO DE EJECUCIÓN: 16.86015033721924
 
R1[139, 132, 13, 27, 114, 110, 119, 69, 40, 52, 88, 121, 127, 14, 73]
R2[1, 3, 80, 17, 62, 133, 129, 10, 50, 112, 12, 78, 87, 45, 91]
R3[108, 46, 68, 126, 54, 98, 49, 55, 67, 111, 34, 83, 115, 101, 105, 135, 85, 57, 36, 61, 125, 56, 8]
R4[42, 2, 64, 137, 131, 113, 136, 60, 47, 140, 89, 9, 77, 30, 7, 134, 97]
R5[144, 99, 130, 23, 122, 118, 31, 103, 20, 38, 44]
R6[96, 66, 29, 90, 53, 82, 59, 76, 116, 120, 93, 33, 65]
R7[22, 58, 25, 128, 123, 18, 16, 21, 86, 104, 43, 63, 41, 15, 143, 92]
------------------------------------------
