Antes de iniciar JVM
Antes de llamar a Controller
Antes de apagar la JVM
FIN
 
------------------------------------------
HEURÍSTICA DE CONSTRUCCIÓN: MoleJameson
COSTO TOTAL: 1896.78
TOTAL DE RUTAS: 7
TIEMPO DE EJECUCIÓN: 16.80216097831726
 
R1[13, 132, 139, 27, 114, 110, 119, 69, 40, 52, 88, 121, 127, 14, 73]
R2[133, 80, 3, 17, 62, 129, 10, 50, 112, 12, 78, 109, 87, 45, 91]
R3[51, 46, 68, 126, 54, 98, 49, 55, 85, 57, 36, 61, 67, 111, 34, 101, 105, 115, 83, 125, 56, 8, 70]
R4[42, 2, 64, 137, 131, 113, 136, 60, 47, 140, 89, 9, 77, 30, 7, 134, 97]
R5[122, 23, 130, 99, 144, 118, 31, 103, 20, 38, 44]
R6[96, 66, 53, 90, 29, 82, 59, 76, 116, 120, 93, 33, 65]
R7[22, 58, 25, 128, 123, 104, 43, 18, 16, 21, 86, 106, 84, 15, 143, 92]
------------------------------------------
