Antes de iniciar JVM
Antes de llamar a Controller
Antes de apagar la JVM
FIN
 
------------------------------------------
HEURÍSTICA DE CONSTRUCCIÓN: NearestNeighborWithRLC
COSTO TOTAL: 4955.82
TOTAL DE RUTAS: 11
TIEMPO DE EJECUCIÓN: 0.6569340229034424
 
R1[17, 62, 39, 45, 26, 133, 91, 107, 87, 129, 11, 71, 109, 80, 3]
R2[1, 139, 14, 73, 95, 35, 78, 13, 132, 127, 10, 112, 121, 52, 88]
R3[40, 12, 110, 50, 114, 27, 69, 119]
R4[4, 6, 37, 24, 51, 117, 135, 8, 56, 75, 46, 83, 105, 115, 70, 108, 19, 68, 79]
R5[125, 34, 126, 101, 141, 111, 67, 54, 61, 74, 72, 100, 85, 55, 98, 36, 49, 57]
R6[124, 102, 48, 2, 130, 99, 94, 122, 23, 44, 97, 32, 42]
R7[64, 144, 118, 81, 142, 113, 134, 137, 136, 60, 20]
R8[38, 7, 131, 47, 103, 31, 77, 89, 140, 30, 9]
R9[92, 86, 104, 63, 16, 43, 21, 106, 18, 84, 41, 143, 15, 123, 96, 66, 128]
R10[138, 5, 22, 65, 25, 29, 28, 33, 82, 53, 90]
R11[93, 120, 58, 59, 76, 116]
------------------------------------------
