Antes de iniciar JVM
Antes de llamar a Controller
Antes de apagar la JVM
FIN
 
------------------------------------------
HEURÍSTICA DE CONSTRUCCIÓN: SaveSequential
COSTO TOTAL: 2810.7
TOTAL DE RUTAS: 11
TIEMPO DE EJECUCIÓN: 2.149367094039917
 
R1[78, 12, 112, 50, 10, 127, 88, 52, 40, 69, 119, 110, 132]
R2[26, 95, 1, 114, 27, 13, 139, 80, 3, 121, 14, 73, 129, 133, 87, 109, 11]
R3[17, 62, 39, 71, 91, 45, 107, 35]
R4[135, 8, 83, 34, 101, 70, 79, 19, 141, 74, 72, 100, 57, 36, 85, 67, 55, 49, 98, 54, 126, 68, 46, 108]
R5[117, 51, 6, 4, 75, 56, 125, 61, 111, 115, 105, 24, 37]
R6[23, 122, 81, 32, 7, 30, 77, 9, 89, 140, 47, 131, 136, 60, 113, 20, 103, 42]
R7[44, 124, 2, 142, 137, 64, 134, 97, 48, 102, 94]
R8[130, 99, 144, 118, 31, 38]
R9[96, 66, 90, 53, 82, 76, 116, 120, 93, 59, 29, 65, 33]
R10[92, 143, 15, 28, 41, 106, 84, 138, 86, 21, 16, 18, 123, 128, 25, 58, 22, 104]
R11[63, 5, 43]
------------------------------------------
