 
------------------------------------------
CANTIDAD DE EJECUCIONES: 100
HEURÍSTICA DE CONSTRUCCIÓN: SaveSequential
COSTO TOTAL: 1071.79
TOTAL DE RUTAS: 3
TIEMPO DE EJECUCIÓN: 325 milisegundos
 
R1[8, 9, 12, 14, 16, 19, 15]
R2[62, 72, 61, 64, 53, 56, 58, 60, 54, 55, 57, 59]
R3[10, 75, 98, 99, 95, 96, 100, 97, 93, 94, 91, 89, 88, 85, 84, 83, 82, 81, 78, 76, 71, 70, 73, 77, 79, 80, 86, 87, 90, 92, 2, 1, 4, 6, 11, 13, 17, 18, 39, 38, 37, 35, 31, 33, 32, 36, 34, 29, 30, 26, 28, 27, 25, 24, 22, 23, 21, 20, 52, 51, 50, 48, 45, 44, 46, 42, 40, 41, 43, 47, 49, 68, 66, 74, 63, 65, 67, 69, 5, 3, 7]
------------------------------------------
