 
------------------------------------------
CANTIDAD DE EJECUCIONES: 100
HEURÍSTICA DE CONSTRUCCIÓN: SaveSequential
COSTO TOTAL: 1127.45
TOTAL DE RUTAS: 3
TIEMPO DE EJECUCIÓN: 331 milisegundos
 
R1[52, 50, 51, 60, 58, 56, 53, 54, 55, 57, 59, 44, 45]
R2[28, 26, 30, 39, 38, 37, 35, 31, 36]
R3[75, 10, 6, 11, 13, 17, 18, 19, 15, 12, 98, 99, 95, 96, 100, 97, 93, 94, 91, 89, 88, 85, 84, 83, 82, 81, 78, 76, 71, 70, 73, 77, 79, 80, 72, 61, 64, 68, 66, 62, 74, 63, 65, 67, 69, 40, 41, 42, 48, 46, 49, 47, 43, 32, 33, 34, 29, 27, 25, 24, 22, 23, 16, 14, 92, 86, 87, 90, 2, 1, 4, 9, 8, 7, 3, 5, 21, 20]
------------------------------------------
