3 144 4
190
190
190
190
  1 -55.280 -24.371   9 	
  2 -48.297  53.314  22 	
  3 -49.072 -38.489  10 	
  4  25.311 -18.561  24 	
  5 -24.469  -3.815  25 	
  6  24.591 -17.896   6 	
  7 -10.419  60.364  22 	
  8  38.177 -35.175   1 	
  9 -68.280  93.073  19 	
 10 -30.792 -57.336  19 	
 11 -37.061 -12.122  5 	
 12 -15.741 -47.638   9 	
 13 -63.379 -22.919   8 	
 14 -43.109 -43.439  14	
 15 -25.623  13.599   4 	
 16  -2.625  16.632   7 		
 17 -41.577 -28.497  10 	
 18   2.081  12.885  22 	
 19   3.925 -47.845  17 	
 20 -83.295  26.324  10 	
 21  -6.458  26.355   8 	
 22   3.290   6.732  14 	
 23 -34.869  30.426  12 	
 24  15.546 -36.273  17 	
 25  12.842   5.127  19 	
 26 -48.450 -24.426  25 	
 27 -88.538 -10.461  25 	
 28 -29.773   0.995   6 	
 29   9.827  38.416  21	
 30   1.410  92.938   3 	
 31 -79.303  15.381  19 	
 32 -30.652  40.063 16 	
 33  18.927  21.637  21 	
 34  45.087 -59.906  17 	
 35 -34.949  -3.815  19 	
 36  81.201 -74.744   6 	
 37  15.594 -28.455  10 	
 38 -72.192  29.547  22 		
 39 -42.914 -22.675  17	
 40 -76.392 -57.489  16	
 41 -28.540  12.073   5 	
 42 -61.389  26.526   1 	
 43  -8.472  12.616  21 	
 44 -61.475  33.392  20 	
 45 -34.674 -27.588   6 	
 46  10.315 -12.518   1 	
 47 -83.014  77.002  11 	
 48 -40.417  49.988  22 	
 49  83.832  33.905  25 	
 50 -20.563 -75.830  18 	
 51  15.442 -18.719   9 	
 52 -59.937 -65.802  23 		
 53   5.151  47.815  17 	
 54  46.008  14.990   4 	
 55  82.977  -1.660   1 	
 56  39.893 -38.916  14 	
 57  90.839 -83.539  11 	
 58   7.068   0.067   7	
 59  18.958  40.088  21 	
 60 -80.487  58.209   3 	
 61  64.459 -62.946  18 	
 62 -43.616 -26.117   5 	
 63 -18.408  10.303   6 	
 64 -43.921  63.251  22 	
 65  11.353  26.221  13 	
 66  -6.995  38.239  17 	
 67  74.084 -34.216   5 	
 68  14.301  -0.800   7 	
 69 -94.141 -48.779   1 	
 70  15.332 -42.169   3 	
 71 -46.637 -16.461  10 	
 72  -0.958 -81.000   5 	
 73 -37.445 -42.505   1 	
 74  -3.680 -69.073  17 	
 75  34.894 -20.898  14 	
 76  45.544  51.410   4 	
 77 -31.927  88.239  10 	
 78 -13.580 -26.959  25 	
 79  12.653 -48.340  11 	
 80 -46.179 -38.269  16 	
 81 -29.620  35.083  25 	
 82  13.696  43.988  20 	
 83  38.342 -46.338   3 		
 84 -26.227  24.506   7 	
 85  90.009 -43.640   2 	
 86  -6.995  22.522   6 	
 87 -29.993 -28.851  14 	
 88 -56.268 -64.740  14 	
 89 -87.415  90.796   2 		
 90  -5.762  54.034  15 	
 91 -34.845 -27.185  22 	
 92 -16.479  16.180   4 	
 93  23.712  29.492  22 	
 94 -40.991  46.594  19 	
 95 -53.516 -21.619   5 	
 96 -17.560  37.494  10 	
 97 -37.311  56.836   4 	
 98  71.515  22.510   7 	
 99 -41.864  27.710  11 	
100  14.819 -82.117  14 	
101  30.316 -55.322   2 	
102 -39.172  47.998  12 	
103 -94.415  15.192  12 	
104  -7.806  11.273  24 	
105  28.571 -49.908   8	
106 -20.654  24.554   4	
107 -30.963 -18.903  25	
108   1.721 -20.447   6	
109 -31.012 -21.106   9 	
110 -85.718 -28.015  23	
111  58.826 -63.043  15 	
112 -15.753 -52.686   7 		
113 -71.661  51.184   6 	
114 -92.633  -6.598   5	
115  33.508 -49.255  12 	
116  59.314  54.095   3 	
117  30.737 -28.436  22 	
118 -55.896  18.457  18 	
119 -89.960 -39.532  16 	
120  36.438  20.819   5 	
121 -53.674 -56.427   1 	
122 -31.866  32.538   8 	
123   5.658  12.756  20 	
124 -52.905  42.804  17 	
125  47.131 -45.465  11 	
126  30.792   9.869   8 	
127 -45.209 -56.293  15 	
128  10.919  13.306  16 	
129 -32.990 -34.003   6 	
130 -40.869  30.579  24	
131 -69.348  80.408  10 	
132 -58.966 -29.541   4 	
133 -36.847 -33.710  10	
134 -21.820  65.369  17	
135  22.980 -41.010   5 	
136 -77.557  59.814  14	
137 -47.205  67.725  16 	
138 -21.606  35.168  11 	
139 -55.676 -31.384  25 	
140 -85.229  88.788   4 	
141  -3.918 -63.525  12 	
142 -58.557  59.375  19 	
143 -24.542  14.935   6 	
144 -48.779  16.968  23 	
145 -40.082 -24.780   	
146  24.292 -27.704  	
147 -45.877  41.092  	
148 -11.896  15.875  	
