Antes de iniciar JVM
Antes de llamar a Controller
Antes de apagar la JVM
FIN
 
------------------------------------------
HEURÍSTICA DE CONSTRUCCIÓN: CMT
COSTO TOTAL: 8958.34
TOTAL DE RUTAS: 36
TIEMPO DE EJECUCIÓN: 16.25883960723877
 
R1[32, 40, 24, 16]
R2[21, 29, 37, 35, 27, 19, 11, 34, 26, 13, 18, 3, 10]
R3[22, 30, 38, 39, 31, 14, 36, 23]
R4[17, 25, 25, 33, 25, 9, 4, 15, 8, 12, 2, 7, 1, 6, 5]
R5[76, 68, 54, 60]
R6[78, 70, 62]
R7[49, 57, 73, 65, 58, 66, 74, 66, 67, 75, 59, 51, 46, 50, 52, 44, 42, 43]
R8[72, 80, 64, 64, 77, 69, 56, 53, 45, 47, 48, 71, 79, 63, 55]
R9[95, 103, 111, 119, 88, 87, 96, 94]
R10[86, 100, 108, 113, 105, 98, 90, 81, 84, 84, 92, 84, 97, 89, 106, 114]
R11[91, 99, 107, 115, 117, 109, 101, 93, 83, 85, 104, 112, 120]
R12[118, 110, 102]
R13[132, 134, 156, 124, 121, 140, 129, 137, 145, 153, 145, 121, 126, 138, 130]
R14[155, 147, 139, 154]
R15[150, 158, 142]
R16[128, 159, 151, 152, 152, 149, 160, 152, 152, 152, 141, 136, 135, 133, 123, 122, 127, 125]
R17[167, 199, 191, 183, 175, 170, 162, 163, 168, 182, 174, 166, 164, 161, 165]
R18[176, 184, 192, 200, 197, 189, 181, 173, 171, 179, 187, 195]
R19[198, 190, 188, 196, 180, 172, 169]
R20[185, 194, 193, 177, 178, 186]
R21[208, 229, 229, 229, 213, 211, 203, 205, 224, 229, 229, 221, 224, 213, 223, 215, 207, 202]
R22[238, 230]
R23[227, 235, 219, 234, 234, 226, 233, 227, 217, 210]
R24[206, 222, 214, 220, 209, 236, 228, 212, 201, 204]
R25[253, 251, 245, 259, 267, 275, 277, 261, 269, 277, 272, 264, 256, 248]
R26[249, 257, 260, 268, 276, 273, 265, 273, 252, 266]
R27[242, 243, 250, 258, 241, 244]
R28[255, 278, 270, 278, 270, 271, 279, 271, 246, 247]
R29[292, 300, 310, 302, 316, 316, 297, 284, 308, 316, 318, 294, 289]
R30[307, 315, 299, 317, 309]
R31[282, 298, 306, 314, 306, 291, 283, 281]
R32[293, 303, 296, 304, 304, 312, 320, 311, 319, 288, 295, 287, 286, 285]
R33[333, 341, 349, 357, 355, 347, 339, 331, 323, 325, 336, 344, 352, 360, 328, 330, 338, 322, 346, 354]
R34[358, 350]
R35[334, 335, 343, 359, 351, 359, 342, 326, 324]
R36[348, 337, 345, 353, 345, 329, 321, 340, 332]
------------------------------------------
