Antes de iniciar JVM
Antes de llamar a Controller
Antes de apagar la JVM
FIN
 
------------------------------------------
HEURÍSTICA DE CONSTRUCCIÓN: CMT
COSTO TOTAL: 8650.66
TOTAL DE RUTAS: 36
TIEMPO DE EJECUCIÓN: 16.55850386619568
 
R1[22, 30, 38, 28, 36, 20, 14, 12]
R2[27, 35, 29, 11, 11, 37, 11, 19, 19, 10, 21]
R3[40, 32, 24, 16, 15, 39, 31, 23, 8, 7, 13, 6, 5, 4, 3, 2, 1]
R4[33, 25, 17, 9]
R5[80, 72, 64]
R6[49, 74, 57, 65, 73, 65, 57, 76, 68, 60, 52]
R7[43, 51, 59, 58, 50, 53, 61, 77, 69, 67, 75, 45, 48, 42, 45, 47, 44]
R8[54, 71, 62, 70, 78, 79, 63, 55, 46]
R9[94, 102, 110, 118]
R10[86, 100, 92, 116, 108, 116, 105, 97, 84, 89, 81, 87]
R11[83, 90, 98, 114, 106, 114, 107, 99, 91, 115, 85, 93, 101]
R12[96, 120, 111, 119, 111, 119, 103, 95, 112, 104, 88]
R13[122, 123, 131, 130, 121, 129]
R14[152, 160, 144, 157, 149]
R15[138, 146, 154, 138, 147, 155, 147, 139, 137]
R16[127, 140, 148, 156, 148, 150, 158, 158, 150, 158, 143, 136, 135, 133, 125, 126, 128, 134, 132, 124]
R17[163, 162, 173, 181, 170, 165, 161, 178, 185, 169, 179, 171, 179, 187, 186, 194, 195, 187, 189, 197, 164]
R18[192, 200, 184]
R19[168, 167, 175, 166, 183, 176, 191, 199, 172]
R20[182, 198, 190, 188, 196, 188, 174]
R21[202, 209, 201, 210, 218, 226, 234, 204]
R22[233, 225, 217]
R23[205, 213, 221, 232, 224, 216, 208, 229, 237, 211, 227, 235, 227, 203, 208, 207]
R24[214, 222, 230, 238, 230, 223, 239, 231, 228, 220, 215, 212, 206]
R25[249, 257, 265, 273, 252, 260, 252, 244, 241, 244, 266, 258, 250, 242]
R26[247, 271, 263, 255, 248, 256, 264, 272, 280, 277, 269, 261, 253, 245]
R27[262, 254, 270, 278, 270, 276, 246]
R28[251, 275, 267, 259, 243]
R29[283, 291, 298, 298, 282, 306, 314, 306, 306, 299, 287]
R30[318, 310, 319, 302]
R31[292, 300, 308, 316, 300, 300, 300, 308, 300, 284, 281, 286, 295, 303, 311]
R32[315, 309, 304, 317, 312, 307, 320, 296, 301, 293]
R33[349, 357, 360, 352, 336, 344, 344, 336, 341, 333, 328, 343, 335]
R34[329, 337, 345, 353, 321, 322, 325, 330, 323]
R35[350, 358, 342, 356, 340, 348, 334, 332, 326, 324, 327]
R36[346, 355, 347, 339, 347, 331, 338]
------------------------------------------
