Antes de iniciar JVM
Antes de llamar a Controller
Antes de apagar la JVM
FIN
 
------------------------------------------
HEURÍSTICA DE CONSTRUCCIÓN: CMT
COSTO TOTAL: 8426.5
TOTAL DE RUTAS: 36
TIEMPO DE EJECUCIÓN: 16.4077570438385
 
R1[30, 38, 22]
R2[4, 12, 18, 26, 6, 20, 28, 36, 33, 25, 17, 9, 1, 6, 10, 2]
R3[35, 27, 19, 34]
R4[8, 16, 32, 32, 32, 32, 32, 32, 32, 31, 40, 32, 15, 13, 3, 7, 5]
R5[49, 57, 74, 66, 58, 50, 41]
R6[60, 52, 76, 68, 76, 70, 62, 54, 44]
R7[48, 63, 47, 46, 45, 53, 72, 64, 64, 72, 64, 72, 80, 80, 55, 53, 45, 53, 42, 59, 67, 75]
R8[73, 65]
R9[89, 97, 105, 113, 81, 116, 108]
R10[107, 115, 99, 90, 114, 106, 98, 91, 83, 82]
R11[96, 104, 112, 120, 117, 109, 101, 93, 88, 119, 111]
R12[86, 94, 110, 102, 102, 110, 118, 110, 92, 85, 87, 84]
R13[131, 147, 155, 147, 139, 147, 146]
R14[158, 150, 142, 156]
R15[144, 152, 160, 151, 159, 151, 136, 151]
R16[123, 130, 138, 137, 153, 145, 148, 134, 135, 126, 133, 141, 129, 137, 132, 140, 134, 127, 124, 125, 122]
R17[162, 170, 169, 161, 178, 186, 177, 169, 161, 194, 163, 171, 164]
R18[174, 182, 190, 198, 196, 188, 180, 172, 166, 199, 191]
R19[168, 167, 175, 175, 175, 183, 183, 192, 173, 197, 189, 181, 184]
R20[195, 187, 179]
R21[219, 227, 235, 211, 226, 213, 213, 205, 203, 205, 213, 221, 205, 210, 208, 202]
R22[215, 223, 231, 239]
R23[216, 224, 232, 240]
R24[206, 238, 230, 238, 222, 228, 236, 217, 233, 209, 220, 214, 212, 201, 207, 204]
R25[263, 271, 279, 256, 255, 248, 253, 248, 247, 243]
R26[259, 267, 275, 274, 251, 266, 258]
R27[254, 260, 260, 268, 278, 276, 276, 268, 268, 268, 257, 249, 246, 244, 241, 242, 250]
R28[272, 277, 280, 264, 261, 269]
R29[289, 297, 305, 313, 316, 308, 300, 292]
R30[287, 302, 310, 318, 294, 303, 284, 285, 288, 295, 286]
R31[299, 291, 298, 314, 306, 290, 281, 282, 307, 315, 283]
R32[296, 312, 312, 312, 320, 312, 301, 293, 317, 309]
R33[334, 342, 350, 358, 359, 351, 343, 335, 348, 356]
R34[333, 349, 344, 341, 347, 355, 357, 357, 357, 357, 336, 331, 325, 328, 323]
R35[324, 327, 326, 332, 321, 332, 322, 330]
R36[337, 353, 345, 346, 354, 346, 329]
------------------------------------------
