Antes de iniciar JVM
Antes de llamar a Controller
Antes de apagar la JVM
FIN
 
------------------------------------------
HEURÍSTICA DE CONSTRUCCIÓN: CMT
COSTO TOTAL: 8751.17
TOTAL DE RUTAS: 36
TIEMPO DE EJECUCIÓN: 15.697012424468994
 
R1[19, 35, 27]
R2[6, 20, 17, 28, 28, 36, 28, 28, 28, 28, 14, 9, 4, 33, 1]
R3[11, 29, 18, 26, 34, 26, 10, 21, 3, 13]
R4[7, 23, 31, 39, 24, 24, 32, 40, 24, 2, 8, 5]
R5[47, 46, 71, 79, 71, 44, 45, 48, 56, 71, 55, 63, 71, 64, 43]
R6[69, 75, 67, 61, 61, 77, 61, 77, 61, 51]
R7[57, 49, 58, 66, 65, 73, 65, 41, 60, 68, 76, 52]
R8[78, 70, 62]
R9[99, 107, 115, 114, 91, 106, 98, 117]
R10[86, 94, 102, 110, 118, 110, 111, 103, 95, 87, 84, 82]
R11[88, 96, 104, 112, 120, 109, 101, 93, 85, 83]
R12[92, 116, 97, 105, 113, 105, 113, 105, 100, 81]
R13[126, 121, 121, 121, 130, 130, 140, 132, 124, 140, 148, 138, 134]
R14[133, 149, 157, 149, 144, 152, 160, 143, 151, 136, 155, 147, 139, 131, 125, 128, 159]
R15[145, 153, 137, 129, 146, 154]
R16[142, 158, 156, 150]
R17[192, 200, 184]
R18[179, 187, 195, 171, 194, 171, 186, 178, 189, 181]
R19[163, 173, 165, 168, 176, 199, 191, 175, 167, 168, 167, 162, 164, 170, 161, 174]
R20[193, 185, 188, 169, 190, 182, 182, 190, 190, 198, 172]
R21[205, 203, 202, 211, 221, 210, 210, 218, 210, 210, 210, 210, 212, 210]
R22[217, 209, 228, 233, 225, 228, 209, 226]
R23[208, 207, 215, 231, 231, 239, 231, 231, 231, 214, 206, 216, 224, 232, 240]
R24[227, 235, 219]
R25[269, 277, 259, 267, 275, 267, 251, 253, 250, 243]
R26[254, 262, 270, 278, 268, 244, 246, 260, 252, 246, 252]
R27[256, 264, 272, 280, 272, 271, 263, 248, 255, 247, 245, 242]
R28[273, 274, 266, 258, 257, 265, 249]
R29[287, 295, 284, 286, 294, 310, 302, 310, 311, 303, 319, 285, 281, 284, 288, 282, 292, 286, 283]
R30[305, 313]
R31[289, 308, 300, 316, 297, 314, 306, 298]
R32[315, 307, 299, 301, 317, 320, 304, 312, 291, 309, 293]
R33[328, 336, 344, 352, 360, 357, 349, 341, 333, 325, 327, 335, 343]
R34[340, 356, 348, 353, 345, 337, 332]
R35[330, 338, 346, 354, 355, 347, 339, 331, 323, 322, 329, 321, 324]
R36[334, 358, 359, 350, 351, 342, 326]
------------------------------------------
