Antes de iniciar JVM
Antes de llamar a Controller
Antes de apagar la JVM
FIN
 
------------------------------------------
HEURÍSTICA DE CONSTRUCCIÓN: CMT
COSTO TOTAL: 8792.76
TOTAL DE RUTAS: 36
TIEMPO DE EJECUCIÓN: 16.336512088775635
 
R1[3, 18, 2, 25, 34, 10, 26, 34, 10]
R2[19, 27, 35, 11]
R3[12, 20, 28, 36, 9, 1, 4, 14, 22, 30, 38, 6, 7]
R4[16, 37, 40, 32, 24, 23, 39, 23, 31, 24, 15, 13, 5, 8]
R5[44, 41, 49, 57, 65, 73, 65, 76, 68, 60, 42, 50, 58, 46, 66, 74]
R6[53, 59, 67, 75, 67, 51, 45, 43, 69, 77]
R7[55, 62, 70, 78, 70, 48, 71, 47, 54, 79, 56]
R8[72, 80, 64]
R9[90, 82, 89, 98, 97, 105, 113, 114, 106, 114, 115, 107, 99, 91, 83]
R10[93, 101, 109, 117, 109, 96, 88]
R11[86, 84, 95, 94, 102, 100, 100, 92, 108, 116, 116, 116, 103, 111, 119]
R12[120, 112, 104]
R13[137, 145, 153, 156, 148, 140, 129]
R14[130, 138, 146, 154, 131, 123, 121, 122, 132]
R15[147, 155, 139]
R16[158, 135, 143, 151, 159, 152, 159, 151, 159, 160, 160, 160, 144, 128, 133, 126, 124, 127, 136, 141, 125]
R17[173, 197, 189, 181, 163, 162, 165, 161]
R18[176, 184, 200, 192, 191, 199, 191, 199, 198, 190, 182, 174, 168, 167, 166, 164, 172, 180, 188, 196]
R19[195]
R20[179, 186, 187, 178, 169, 185, 193, 185, 177, 170, 171]
R21[215, 231, 239, 231, 223, 223, 223, 224, 216, 208]
R22[204, 201, 206, 212, 233, 225, 218, 225, 217, 209, 212, 202, 210, 202]
R23[214, 222, 230, 238, 236, 228]
R24[213, 237, 229, 227, 235, 227, 211, 221, 203, 205]
R25[245, 243, 248, 271, 255, 247, 255, 241, 246, 247, 247, 242, 250, 244]
R26[265, 273, 257, 274, 266]
R27[260, 276, 268, 252, 270, 278, 262, 254, 249]
R28[275, 267, 264, 272, 277, 280, 272, 272, 264, 251, 256, 261]
R29[291, 283, 298, 298, 306, 314, 290, 298, 290, 306, 282, 301, 289, 293]
R30[315, 307, 299, 317]
R31[287, 295, 300, 284, 281, 286, 288, 285, 288, 296, 285, 288, 284, 308]
R32[302, 310, 316, 318, 311, 319, 311, 294]
R33[350, 358, 342, 334, 359]
R34[339, 347, 355, 331, 357]
R35[329, 340, 348, 353, 345, 337, 345, 345, 345, 345, 337, 345, 330]
R36[328, 349, 344, 352, 352, 360, 352, 360, 336, 335, 333, 326, 323, 324, 322, 327, 325]
------------------------------------------
