Antes de iniciar JVM
Antes de llamar a Controller
Antes de apagar la JVM
FIN
 
------------------------------------------
HEURÍSTICA DE CONSTRUCCIÓN: CMT
COSTO TOTAL: 8795.78
TOTAL DE RUTAS: 36
TIEMPO DE EJECUCIÓN: 16.30618906021118
 
R1[16, 24, 32, 40, 39, 31, 23, 29, 37, 8, 15]
R2[4, 12, 6, 7, 20, 6, 20, 6, 22, 30, 38, 30, 28, 17, 9, 1]
R3[3, 21, 13, 19, 11, 19, 27, 19]
R4[2, 34, 26, 18, 10]
R5[42, 44, 45, 45, 45, 53, 43, 61, 45, 53, 56, 43, 47, 64]
R6[54, 62, 70, 71, 79, 71, 63, 55, 46, 72, 80]
R7[49, 60, 68, 76, 68, 76, 52, 68, 66, 74]
R8[67, 77, 75, 69, 59]
R9[84, 81, 92, 100]
R10[85, 107, 99, 91, 83, 93, 101, 109, 117, 101, 88, 96, 104, 112, 82, 120]
R11[89, 90, 98, 106, 114, 113, 105, 97, 105, 108]
R12[86, 94, 102, 118, 110, 102, 119, 111, 95, 87]
R13[137, 145, 153, 129]
R14[134, 142, 150, 158, 151, 148, 156, 148, 140, 126, 143, 135]
R15[144, 152, 160, 136, 157, 149, 141, 128]
R16[130, 146, 147, 155, 147, 133, 131, 125, 127, 138, 154, 121, 123, 124, 132, 122]
R17[163, 170, 162, 177, 185, 193, 178, 186, 171, 169, 161]
R18[168, 176, 184, 192, 200, 192, 199, 191, 175, 183, 165, 173, 189, 167]
R19[166, 174, 188, 180, 198, 190, 182, 182, 172, 164]
R20[179, 195, 194, 197, 187]
R21[217, 225, 233, 234, 226, 209, 218]
R22[212, 206, 204, 236, 228, 220, 228, 214]
R23[222, 230, 238, 239, 231, 223, 215, 240, 232, 224]
R24[205, 221, 229, 211, 216, 213, 210, 211, 227, 219, 211, 211, 203, 207, 202]
R25[243, 251, 242, 250, 258, 266, 259, 267, 269, 261, 267, 275, 267, 253, 249, 245, 241]
R26[273, 265, 257]
R27[264, 272, 280, 256, 248, 247, 255, 244, 246, 263]
R28[254, 271, 279, 270, 278, 270, 276, 268, 260, 252]
R29[301, 291, 293, 309, 317, 320, 312, 304, 299]
R30[283, 296, 287, 288, 303, 319, 311, 302, 294, 286, 295, 295, 302, 284, 295, 282, 292, 281]
R31[297, 300, 289, 308, 308, 316, 308]
R32[314, 315, 307, 306, 298, 290]
R33[355, 347, 331, 338, 346, 354, 339, 338, 323]
R34[324, 332, 332, 332, 342, 332, 332, 322, 332, 340, 321, 322, 348]
R35[337, 353, 345, 329, 356]
R36[341, 349, 357, 336, 351, 359, 351, 344, 352, 360, 344, 333, 328]
------------------------------------------
