Antes de iniciar JVM
Antes de llamar a Controller
Antes de apagar la JVM
FIN
 
------------------------------------------
HEURÍSTICA DE CONSTRUCCIÓN: CMT
COSTO TOTAL: 8589.67
TOTAL DE RUTAS: 36
TIEMPO DE EJECUCIÓN: 16.727898359298706
 
R1[10, 9, 25, 17, 26, 18, 26, 18, 1, 2]
R2[5, 21, 13, 21, 29, 21, 11, 3, 24, 16, 40, 8, 7]
R3[14, 22, 30, 30, 38, 30, 30, 30, 30, 30, 6, 15, 12, 4]
R4[35, 27, 19]
R5[73, 65, 57]
R6[53, 61, 69, 56, 64, 72, 80, 77, 45, 51, 48, 43]
R7[67, 75, 59, 74, 66]
R8[44, 50, 52, 46, 49, 58, 76, 78, 70, 62, 78, 70, 41, 68, 54, 79, 63, 55, 47, 42]
R9[94, 119, 111, 103, 108, 116, 110, 102, 110, 118, 110, 92, 84]
R10[97, 113, 105]
R11[88, 96, 104, 112, 112, 120, 117, 101, 93, 95, 85, 87, 83, 91, 99, 107, 115]
R12[89, 114, 106, 98, 90, 82, 81]
R13[155, 147, 139]
R14[136, 144, 152, 160, 157, 149, 141, 127, 125, 133, 128, 135, 143, 151]
R15[142, 150, 158, 159, 134, 126]
R16[129, 156, 148, 140, 137, 146, 154, 153, 145, 131, 138, 123, 122, 130, 132, 124, 121]
R17[185, 193, 177]
R18[172, 188, 180, 196, 166, 164]
R19[170, 178, 186, 194, 195, 187, 179, 171, 181, 189, 197, 161, 169, 162, 163, 173, 165, 168, 176, 167, 184]
R20[182, 198, 199, 191, 183, 192, 200, 192, 175, 174]
R21[235, 227, 219, 237, 229, 221]
R22[240, 232, 224, 216, 239, 231]
R23[209, 201, 218, 210, 226, 226, 217, 234, 218, 210, 202, 204, 220, 212, 213, 203, 205, 208, 207, 206, 228, 236, 215, 214, 223]
R24[238, 230, 222]
R25[250, 258, 266, 275, 267, 259, 251, 274, 241, 249, 242, 243, 269, 261, 277, 253, 245]
R26[244, 252, 246, 260, 268, 260, 260, 276, 260, 262]
R27[263, 271, 255, 270, 278, 279, 280, 272, 264, 256]
R28[273, 265, 257]
R29[320, 312, 304, 309, 317, 296, 293, 285, 288, 295, 287, 282, 283, 285, 290, 291]
R30[307, 315, 299, 314, 306, 298]
R31[297, 289, 305, 313, 308, 316, 300, 294, 286, 284, 292, 281]
R32[310, 319, 318, 302, 303, 311]
R33[334, 342, 350, 358, 359, 351]
R34[328, 336, 344, 352, 360, 357, 349, 341, 333, 325, 335, 343, 327, 323, 331, 339, 347, 355]
R35[329, 354, 345, 353, 337, 346, 338, 330]
R36[332, 340, 348, 356, 348, 326, 321, 324]
------------------------------------------
