 
------------------------------------------
CANTIDAD DE EJECUCIONES: 100
HEURÍSTICA DE CONSTRUCCIÓN: HeuristicType.SaveSequential
COSTO TOTAL: 826.9
TOTAL DE RUTAS: 6
TIEMPO DE EJECUCIÓN: 1.3801801204681396 milisegundos
 
R1[73, 23, 43, 64, 42, 41, 56, 49, 24, 50, 18, 55, 25, 31, 10, 72]
R2[63, 1, 22, 61, 69, 71, 60, 70, 20, 37, 36, 47, 21, 28, 62, 74]
R3[35, 14, 59, 65, 38]
R4[29, 5, 15, 57, 13, 54, 19]
R5[51, 6, 2, 33, 16, 3, 44, 32, 9, 39, 58, 66, 11, 53, 7, 8, 52, 27, 45, 48, 30]
R6[17, 40, 12, 26, 67, 46, 34, 4, 68, 75]
------------------------------------------
