 
------------------------------------------
CANTIDAD DE EJECUCIONES: 100
HEURÍSTICA DE CONSTRUCCIÓN: HeuristicType.SaveSequential
COSTO TOTAL: 857.58
TOTAL DE RUTAS: 6
TIEMPO DE EJECUCIÓN: 1.4185791015625 milisegundos
 
R1[49, 23, 43, 41, 42, 64, 61, 21, 47, 36, 69, 71, 60, 70, 20, 37, 15, 57]
R2[4, 45, 29, 5, 48, 74, 28, 22, 1, 56, 24, 18, 55, 72]
R3[65, 10, 31, 25, 50]
R4[11, 66, 59]
R5[30, 2, 62, 73, 33, 63, 16, 3, 44, 32, 9, 39, 58, 38, 53, 14, 19, 54, 13, 27, 52, 8, 35, 7]
R6[75, 68, 6, 51, 17, 40, 12, 26, 67, 46, 34]
------------------------------------------
