 
------------------------------------------
CANTIDAD DE EJECUCIONES: 100
HEURÍSTICA DE CONSTRUCCIÓN: HeuristicType.SaveSequential
COSTO TOTAL: 825.79
TOTAL DE RUTAS: 6
TIEMPO DE EJECUCIÓN: 1.4059863090515137 milisegundos
 
R1[68, 2, 28, 61, 69, 71, 60, 70, 20, 37, 36, 47, 21, 64, 42, 72]
R2[14, 59, 66, 65, 11, 38, 10, 31, 55, 25, 18]
R3[35, 19, 54, 13, 57, 15, 5]
R4[1, 22, 41, 43, 56, 23, 49]
R5[7, 53, 58, 39, 9, 32, 50, 24, 44, 3, 16, 63, 33, 73, 62, 74, 48, 29, 45, 27, 52, 8, 46, 34]
R6[75, 30, 4, 67, 26, 12, 40, 17, 51, 6]
------------------------------------------
