 
------------------------------------------
CANTIDAD DE EJECUCIONES: 100
HEURÍSTICA DE CONSTRUCCIÓN: HeuristicType.SaveSequential
COSTO TOTAL: 827.18
TOTAL DE RUTAS: 6
TIEMPO DE EJECUCIÓN: 1.5424447059631348 milisegundos
 
R1[74, 61, 69, 71, 60, 70, 20, 37, 36, 47, 21, 28, 22, 64, 42, 41]
R2[72, 53, 11, 38, 65, 66, 59, 14, 19, 54, 13, 57, 15]
R3[1, 43, 56, 23, 49, 24]
R4[30, 48, 5, 29, 45]
R5[68, 51, 6, 2, 73, 62, 33, 63, 16, 18, 55, 25, 50, 32, 9, 31, 10, 58, 39, 44, 3, 40, 12, 17]
R6[67, 26, 7, 35, 8, 52, 27, 46, 34, 4, 75]
------------------------------------------
