 
------------------------------------------
CANTIDAD DE EJECUCIONES: 100
HEURÍSTICA DE CONSTRUCCIÓN: MoleJameson
COSTO TOTAL: 784.49
TOTAL DE RUTAS: 3
TIEMPO DE EJECUCIÓN: 5178 milisegundos
 
R1[1, 70, 30, 10, 90, 63, 32, 20, 66, 65, 71, 35, 34, 78, 29, 24, 55, 25, 67, 23, 41, 22, 74, 73, 21, 72, 75, 56, 39, 4, 54, 80, 68, 77, 3, 79, 33, 81, 9, 51, 50, 76, 12, 26, 40]
R2[7, 88, 52, 27, 13, 94, 95, 59, 92, 98, 85, 91, 100, 37, 97, 87, 42, 14, 44, 16, 86, 38, 43, 15, 57, 2, 58, 53, 28, 69, 31, 62, 11, 64, 49, 36, 46, 47, 19, 48, 82]
R3[60, 5, 84, 8, 45, 17, 61, 93, 99, 96, 6, 89, 18, 83]
------------------------------------------
