 
------------------------------------------
CANTIDAD DE EJECUCIONES: 100
HEURÍSTICA DE CONSTRUCCIÓN: HeuristicType.SaveSequential
COSTO TOTAL: 2678.81
TOTAL DE RUTAS: 15
TIEMPO DE EJECUCIÓN: 20.356102228164673 milisegundos
 
R1[126, 35, 7, 132, 54, 127, 186, 8, 88, 3, 98]
R2[29, 168, 79, 52, 195, 145, 194, 75, 163, 182, 23, 92, 21]
R3[5, 10, 106, 193, 46, 128, 125, 191, 84, 180, 82, 4, 72, 60]
R4[200, 69, 141, 124, 136, 174, 51, 94, 115, 86, 65, 171, 189, 32]
R5[19, 192, 196, 15, 89, 169, 170, 134, 156, 112, 50, 42, 123]
R6[148, 197, 103, 160, 47, 66, 147, 164, 91, 12]
R7[114, 151, 142, 16, 38, 150, 22, 140, 187, 177, 157, 18, 185, 104, 161, 117, 181, 49]
R8[1, 71, 166, 119, 144, 9, 99, 53, 93, 55, 58, 63, 111]
R9[17, 190, 95, 34, 167, 158, 121, 36, 176, 143, 33, 165, 188, 83]
R10[133, 48, 87, 153, 152, 40, 105, 198, 59, 14, 26, 96, 130, 97, 28]
R11[139, 122, 11, 6, 73, 129, 116, 70, 110, 172, 25, 31, 80]
R12[108, 118, 57, 101, 183, 137, 138, 81, 199, 37, 135, 184, 56, 159, 44]
R13[24, 85, 77, 162, 113, 155, 175, 2, 43, 13, 90, 67, 78, 39, 107]
R14[62, 131, 102, 146, 120, 74, 149, 30, 68, 76, 178, 173, 41, 154]
R15[45, 27, 64, 100, 20, 61, 179, 109]
------------------------------------------
