 
------------------------------------------
CANTIDAD DE EJECUCIONES: 100
HEURÍSTICA DE CONSTRUCCIÓN: HeuristicType.Sweep
COSTO TOTAL: 13879.68
TOTAL DE RUTAS: 14
TIEMPO DE EJECUCIÓN: 15.347661972045898 milisegundos
 
R1[175, 156, 100, 121, 154, 76, 46, 10, 45, 42, 135, 80, 15]
R2[2, 84, 122, 31, 41, 143, 126, 44, 165, 190, 51, 152, 96, 145]
R3[169, 83, 20, 94, 134, 142, 52, 111, 68, 12, 180, 32, 18]
R4[97, 26, 112, 43, 153, 48, 102, 200, 11, 67, 70, 182]
R5[107, 113, 176, 159, 79, 56, 72, 7, 188, 193, 199, 124, 125, 120]
R6[174, 173, 82, 77, 60, 1, 81, 119, 19, 114, 140, 128, 147, 37, 16, 93, 92]
R7[123, 71, 144, 131, 34, 167, 181, 110, 73, 108, 146, 141]
R8[183, 91, 178, 103, 106, 129, 139, 164, 38, 40, 87, 9]
R9[158, 186, 198, 89, 75, 50, 69, 137, 47, 109, 127, 13, 157]
R10[149, 98, 168, 170, 35, 14, 53, 166, 6, 136, 196, 3, 33, 197, 64]
R11[39, 49, 195, 162, 185, 58, 194, 155, 65, 187, 8, 62]
R12[59, 179, 160, 99, 74, 22, 55, 101, 104, 29, 105, 36, 90]
R13[177, 95, 66, 61, 54, 192, 78, 85, 150, 30, 172, 63]
R14[171, 189, 116, 25, 118, 148, 17, 21, 115, 132, 161, 4, 28]
------------------------------------------
