 
------------------------------------------
CANTIDAD DE EJECUCIONES: 100
HEURÍSTICA DE CONSTRUCCIÓN: HeuristicType.NearestNeighborWithRLC
COSTO TOTAL: 13247.26
TOTAL DE RUTAS: 14
TIEMPO DE EJECUCIÓN: 6.059170722961426 milisegundos
 
R1[175, 179, 155, 113, 200, 199, 198, 197, 178, 173, 162, 109, 154, 196, 107]
R2[195, 149, 194, 78, 67, 45, 193, 39, 17, 192, 2, 191, 146]
R3[139, 131, 190, 188, 189, 122, 120, 110, 187, 184, 185, 181, 102]
R4[176, 183, 182, 172, 101, 180, 177, 100, 169, 170, 168, 167, 99, 90, 166]
R5[164, 165, 76, 74, 161, 163, 73, 68, 160, 158, 156, 153, 64]
R6[152, 159, 62, 61, 44, 157, 150, 151, 43, 148, 30, 27, 147]
R7[24, 145, 20, 13, 144, 143, 142, 140, 11, 6, 138, 1, 135]
R8[133, 141, 130, 129, 137, 136, 126, 134, 128, 123, 121, 132, 119, 124, 116, 118]
R9[108, 105, 117, 125, 112, 97, 114, 106, 103, 95, 93, 111, 91, 104]
R10[96, 89, 92, 85, 83, 98, 81, 80, 77, 71, 87, 70, 79, 84, 82, 66]
R11[72, 59, 57, 55, 75, 69, 60, 53, 48, 63]
R12[47, 56, 58, 54, 50, 52, 41, 49, 46, 42, 40]
R13[38, 36, 37, 33, 34, 31, 35, 29, 26, 28, 32, 19, 25, 22]
R14[21, 23, 16, 15, 12, 14, 9, 5, 10, 4, 3, 7, 174]
------------------------------------------
