 
------------------------------------------
CANTIDAD DE EJECUCIONES: 100
HEURÍSTICA DE CONSTRUCCIÓN: HeuristicType.RandomMethod
COSTO TOTAL: 13510.74
TOTAL DE RUTAS: 14
TIEMPO DE EJECUCIÓN: 0.2639272212982178 milisegundos
 
R1[189, 31, 199, 4, 9, 86, 121, 47, 107, 109, 13, 172, 44]
R2[116, 25, 36, 43, 106, 74, 35, 95, 185, 159, 131, 30, 7]
R3[195, 60, 46, 34, 130, 67, 53, 54, 52, 40, 94, 73, 17]
R4[145, 167, 49, 183, 139, 200, 136, 59, 110, 129, 5, 16]
R5[65, 154, 75, 192, 149, 3, 153, 42, 20, 134, 196, 120]
R6[147, 122, 128, 14, 140, 132, 187, 155, 76, 102, 123, 48, 45, 100, 125, 179]
R7[89, 71, 193, 165, 133, 68, 182, 99, 177, 188, 63, 101, 174, 6, 158, 173]
R8[166, 175, 144, 64, 171, 114, 112, 160, 79, 56, 105, 61, 156]
R9[12, 152, 181, 80, 137, 72, 58, 190, 117, 162, 97, 168, 57]
R10[104, 70, 118, 21, 90, 37, 178, 26, 1, 77, 111, 148, 146]
R11[83, 19, 163, 170, 8, 27, 198, 50, 82, 11, 141, 39, 51, 108]
R12[32, 103, 84, 180, 138, 2, 33, 62, 29, 164, 124, 85]
R13[91, 194, 161, 81, 142, 66, 151, 28, 197, 96, 18, 176, 15, 186]
R14[157, 93, 88, 150, 115, 41, 38, 119, 113, 10, 169, 22, 55]
------------------------------------------
