 
------------------------------------------
CANTIDAD DE EJECUCIONES: 100
HEURÍSTICA DE CONSTRUCCIÓN: HeuristicType.MoleJameson
COSTO TOTAL: 3057.39
TOTAL DE RUTAS: 18
TIEMPO DE EJECUCIÓN: 6.179030418395996 milisegundos
 
R1[32, 86, 115, 94, 65, 51, 171, 174, 136, 189, 124, 141]
R2[57, 118, 83, 188, 165, 33, 143, 176, 36, 121, 108]
R3[139, 6, 6, 122, 122, 122, 11, 66, 164, 12, 73]
R4[114, 159, 38, 150, 22, 140, 16, 151, 187, 142, 111, 63, 56]
R5[26, 40, 152, 198, 169, 89, 105, 89, 15, 59, 14, 96]
R6[1, 99, 53, 93, 183, 9, 71, 126, 166, 35, 166, 119, 101]
R7[52, 195, 145, 163, 75, 194, 75, 23, 92, 21]
R8[133, 48, 130, 28, 74, 149, 97, 196, 192, 19, 120, 30, 68]
R9[190, 10, 5, 128, 191, 125, 46, 193, 106, 167, 34, 95, 158]
R10[49, 117, 117, 181, 104, 185, 185, 54, 186, 98, 18]
R11[199, 184, 177, 3, 88, 8, 157, 161, 7, 58, 135]
R12[2, 90, 13, 43, 13, 175, 17, 78, 39, 113, 155, 107, 64, 45]
R13[27, 100, 24, 20, 25, 31, 80, 85, 41, 154, 173, 178]
R14[62, 131, 102, 146, 44, 37, 81, 138, 81, 137]
R15[77, 103, 197, 69, 200, 148, 70, 47, 147]
R16[109, 162, 110, 172, 61, 179, 61, 170, 76]
R17[87, 168, 29, 160, 4, 72, 82, 82, 84, 82]
R18[134, 50, 156, 112, 79, 42]
------------------------------------------
