 
------------------------------------------
CANTIDAD DE EJECUCIONES: 100
HEURÍSTICA DE CONSTRUCCIÓN: HeuristicType.SaveSequential
COSTO TOTAL: 2756.05
TOTAL DE RUTAS: 15
TIEMPO DE EJECUCIÓN: 20.51833200454712 milisegundos
 
R1[35, 7, 132, 54, 127, 186, 8, 88, 3, 98, 177]
R2[49, 181, 117, 161, 104, 185, 18, 157, 187, 140, 16, 142, 111, 151, 159]
R3[60, 4, 82, 72, 180, 84, 191, 125, 128, 46, 193, 106, 10, 5]
R4[137, 138, 81, 199, 37, 58, 63, 150, 22, 38, 114, 56, 184, 135, 55, 93]
R5[21, 182, 163, 75, 194, 145, 195, 52, 92, 23, 79, 168, 29]
R6[183, 53, 99, 9, 71, 126, 166, 119, 144, 1, 101, 57, 83, 143, 176, 165]
R7[173, 80, 85, 31, 25, 172, 77, 41, 110, 69, 141, 174, 51, 94]
R8[13, 43, 158, 167, 34, 95, 190, 108, 121, 36, 33, 188, 118]
R9[59, 89, 169, 170, 134, 156, 112, 50, 42, 87, 123, 153, 40]
R10[148, 103, 200, 197, 124, 189, 136, 171, 65, 115, 86, 32, 147]
R11[24, 20, 162, 70, 47, 160, 66, 164, 91]
R12[133, 48, 26, 14, 198, 152, 105, 15, 196, 97, 96, 130, 28, 192, 19]
R13[139, 6, 116, 12, 129, 11, 122, 73, 61, 100, 154, 64, 27, 178, 74]
R14[120, 149, 109, 45, 179, 113, 78, 155, 175, 2, 90, 67, 17, 39, 107]
R15[62, 131, 44, 146, 102, 68, 30, 76]
------------------------------------------
