 
------------------------------------------
CANTIDAD DE EJECUCIONES: 100
HEURÍSTICA DE CONSTRUCCIÓN: HeuristicType.KilbyAlgorithm
COSTO TOTAL: 6234.75
TOTAL DE RUTAS: 50
TIEMPO DE EJECUCIÓN: 356.5592186450958 milisegundos
 
R1[23, 92, 169, 198, 89, 105, 130, 59, 105, 195, 75, 145, 194]
R2[32, 70, 160, 189, 147, 103, 148, 136, 197, 124, 200, 69]
R3[47, 73, 66, 129, 164, 91, 116, 141, 171, 174, 51]
R4[12, 65, 94, 86, 115]
R5[1]
R6[2, 78, 155, 175]
R7[3, 177, 157, 88, 63, 184, 187]
R8[176, 143, 118, 108, 121, 4, 72, 83, 57, 125, 82, 60, 191, 84]
R9[5, 158, 95, 167]
R10[6]
R11[7, 181]
R12[8, 98, 54, 186, 127, 132, 199, 138]
R13[9, 99]
R14[10]
R15[11, 139, 122]
R16[13, 113]
R17[14, 149]
R18[15, 96]
R19[16, 114, 151, 159, 140, 142, 111, 56]
R20[17]
R21[18, 161, 55, 135, 183, 137, 58, 55, 117, 185]
R22[19, 76, 68, 146, 102]
R23[20]
R24[21, 196, 97, 74, 120, 192, 163, 182]
R25[22, 150]
R26[24, 61]
R27[25, 77, 172, 110, 162]
R28[26]
R29[27]
R30[28]
R31[29, 87, 168, 112, 173, 178, 173]
R32[30]
R33[31, 85, 80]
R34[33, 165]
R35[34, 67, 90]
R36[35, 71, 144, 101, 126, 119, 166, 53]
R37[36, 188]
R38[37, 81]
R39[38]
R40[39]
R41[40, 152]
R42[41, 179, 100, 154, 64, 109]
R43[42, 123, 133, 153, 134, 170, 50, 156]
R44[43]
R45[44, 131, 62]
R46[45]
R47[46, 106, 193, 190, 193, 180]
R48[48]
R49[49, 93]
R50[107]
------------------------------------------
