 
------------------------------------------
CANTIDAD DE EJECUCIONES: 100
HEURÍSTICA DE CONSTRUCCIÓN: HeuristicType.CMT
COSTO TOTAL: 2190.06
TOTAL DE RUTAS: 15
TIEMPO DE EJECUCIÓN: 18.969547271728516 milisegundos
 
R1[122, 11, 6, 129, 12, 91, 47, 66, 147, 164, 160, 147, 116, 73, 139, 73, 43, 113, 175, 155, 2, 90, 107, 78, 67, 39]
R2[69, 200, 141, 148, 197, 103, 197]
R3[165, 83, 57, 118, 118, 176, 36, 143, 188, 188, 108, 60, 72, 82, 180, 4]
R4[1, 144, 35, 9, 101, 9, 9, 99, 9, 9, 99, 9, 183, 93, 137]
R5[79, 168, 29, 87, 112]
R6[114, 151, 159, 150, 38, 159, 150, 138]
R7[156, 50, 42, 170, 134, 170, 123, 169, 89, 15, 152, 40, 105, 152, 26, 14, 59]
R8[63, 187, 140, 142, 111, 56, 184, 199, 81, 37, 135, 55, 58]
R9[10, 46, 193, 128, 106, 5, 167, 95, 34, 158, 190, 125, 191, 84]
R10[77, 25, 172, 25, 31, 80, 85, 41, 20, 110, 24, 61, 154, 100, 64, 173, 27, 179, 45, 109, 178]
R11[65, 115, 86, 94, 51, 171, 174, 32, 189, 136]
R12[75, 163, 75, 182, 194, 145, 52, 92, 23, 21]
R13[68, 30, 149, 133, 48, 102, 19, 120, 28, 130, 120, 28, 97, 96, 120, 120, 120, 131, 62, 44]
R14[3, 88, 177, 98, 8, 186, 98, 127]
R15[18, 54, 185, 132, 7, 181, 161, 104, 49, 117]
------------------------------------------
