 
------------------------------------------
CANTIDAD DE EJECUCIONES: 100
HEURÍSTICA DE CONSTRUCCIÓN: HeuristicType.RandomMethod
COSTO TOTAL: 13895.27
TOTAL DE RUTAS: 14
TIEMPO DE EJECUCIÓN: 0.20943951606750488 milisegundos
 
R1[139, 54, 131, 140, 95, 104, 107, 30, 189, 154, 60, 50, 157]
R2[51, 175, 85, 47, 195, 1, 114, 155, 142, 55, 171, 73]
R3[172, 134, 78, 136, 109, 167, 8, 11, 176, 10, 4]
R4[185, 146, 59, 77, 110, 118, 170, 32, 186, 22, 197, 44, 128]
R5[67, 27, 117, 90, 71, 13, 177, 68, 153, 138, 26, 29, 108, 81, 193]
R6[152, 31, 160, 53, 162, 35, 120, 148, 124, 169, 144]
R7[184, 198, 96, 12, 196, 121, 82, 116, 187, 88, 16, 5, 84, 3, 39]
R8[105, 2, 161, 9, 69, 156, 89, 133, 80, 165, 74, 6, 43, 20, 38]
R9[23, 57, 64, 66, 87, 99, 137, 112, 179, 147, 113, 180, 45, 200]
R10[56, 37, 48, 41, 76, 72, 135, 33, 94, 65, 40]
R11[15, 182, 111, 21, 145, 52, 42, 132, 36, 24, 178]
R12[199, 79, 93, 181, 194, 141, 70, 91, 129, 150, 127, 192, 122, 164]
R13[18, 92, 125, 7, 103, 28, 115, 58, 61, 14, 149, 163, 190, 143]
R14[183, 46, 98, 17, 123, 151, 25, 159, 158, 106, 191, 100, 83, 49, 19, 126, 166]
------------------------------------------
