 
------------------------------------------
CANTIDAD DE EJECUCIONES: 20
HEURÍSTICA DE CONSTRUCCIÓN: HeuristicType.SaveParallel
COSTO TOTAL: 2613.4
TOTAL DE RUTAS: 15
TIEMPO DE EJECUCIÓN: 4.733876943588257 milisegundos
 
R1[32, 86, 115, 94, 65, 51, 171, 174, 136, 189, 124, 197, 148]
R2[106, 10, 5, 128, 46, 193, 125, 191, 84, 180, 82, 4, 72, 60]
R3[3, 88, 98, 177, 8, 186, 127, 54, 18, 58, 37, 157, 184]
R4[145, 195, 52, 169, 194, 75, 163, 182, 23, 92, 21, 89]
R5[137, 81, 199, 135, 161, 104, 185, 132, 7, 181, 117, 49, 55, 93]
R6[114, 22, 150, 38, 159, 151, 16, 140, 187, 142, 111, 63, 56, 138, 183]
R7[130, 96, 14, 59, 15, 105, 198, 40, 152, 26, 97, 196, 192, 19]
R8[116, 12, 91, 164, 66, 47, 160, 147, 129, 11, 6, 122]
R9[48, 123, 42, 87, 29, 79, 168, 112, 156, 50, 134, 170, 153, 133, 149]
R10[162, 110, 77, 172, 25, 31, 80, 85, 41, 20, 24, 154, 173, 178]
R11[45, 27, 64, 100, 61, 69, 141, 200, 103, 70, 73, 139]
R12[17, 57, 118, 83, 188, 165, 143, 176, 36, 33, 121, 108, 67]
R13[107, 39, 78, 155, 175, 2, 90, 190, 158, 95, 34, 167, 43, 13, 113]
R14[109, 179, 53, 99, 1, 9, 71, 126, 35, 166, 119, 144, 101]
R15[76, 68, 30, 120, 28, 74, 102, 146, 44, 131, 62]
------------------------------------------
