 
------------------------------------------
CANTIDAD DE EJECUCIONES: 100
HEURÍSTICA DE CONSTRUCCIÓN: HeuristicType.RandomMethod
COSTO TOTAL: 14037.15
TOTAL DE RUTAS: 14
TIEMPO DE EJECUCIÓN: 0.18350744247436523 milisegundos
 
R1[39, 67, 50, 72, 87, 146, 34, 189, 88, 16, 52, 153, 13]
R2[108, 169, 140, 121, 110, 66, 84, 43, 196, 113, 139, 151, 131]
R3[112, 38, 174, 101, 182, 64, 4, 129, 160, 57, 47, 136, 156]
R4[82, 53, 91, 8, 170, 116, 143, 141, 185, 33, 137, 19, 14, 166]
R5[104, 190, 56, 74, 163, 130, 51, 70, 29, 188, 12, 134, 59, 193, 122, 37]
R6[126, 102, 76, 81, 60, 21, 150, 181, 71, 54, 62, 154, 11]
R7[161, 180, 128, 147, 178, 155, 177, 198, 45, 100, 35, 49, 199, 25, 111, 176]
R8[191, 168, 27, 173, 79, 164, 103, 5, 2, 149, 186, 10]
R9[41, 20, 148, 68, 105, 92, 80, 142, 28, 107, 138, 23, 195]
R10[187, 194, 118, 127, 171, 61, 31, 96, 106, 145, 197, 32, 175, 179]
R11[123, 73, 75, 63, 3, 7, 15, 18, 115, 89, 124, 94, 58]
R12[172, 109, 159, 152, 120, 24, 162, 46, 183, 133, 78, 167]
R13[85, 83, 6, 95, 86, 93, 9, 48, 158, 132, 135, 1, 119, 165, 90, 117]
R14[55, 77, 200, 114, 144, 192, 99, 44, 97, 26, 40]
------------------------------------------
