 
------------------------------------------
CANTIDAD DE EJECUCIONES: 100
HEURÍSTICA DE CONSTRUCCIÓN: HeuristicType.KilbyAlgorithm
COSTO TOTAL: 6306.72
TOTAL DE RUTAS: 50
TIEMPO DE EJECUCIÓN: 425.80865454673767 milisegundos
 
R1[23, 195, 52, 130, 59, 105, 89, 198, 169, 92, 52, 145, 194]
R2[32, 189, 160, 70, 147, 103, 148, 136, 197, 124, 200, 69]
R3[129, 66, 73, 164, 91, 116, 47, 141, 171, 174, 51]
R4[12, 65, 94, 86, 115]
R5[1]
R6[2, 78, 155, 175]
R7[3, 63, 88, 187, 177, 157, 184]
R8[4, 121, 108, 176, 143, 118, 72, 83, 57, 60, 82, 125, 191, 84]
R9[5, 158, 95, 167]
R10[6]
R11[7, 181]
R12[8, 54, 186, 127, 132, 98, 199, 138]
R13[9, 99]
R14[10]
R15[11, 139, 122]
R16[13, 113]
R17[14, 149]
R18[15, 96]
R19[16, 159, 151, 114, 151, 111, 142, 140]
R20[17]
R21[18, 55, 161, 104, 117, 185, 58, 137, 183, 135]
R22[19, 76, 68, 146, 102]
R23[20]
R24[21, 196, 97, 182, 163, 192, 120, 74]
R25[22, 150]
R26[24, 61]
R27[25, 77, 172, 110, 162]
R28[26]
R29[27]
R30[28]
R31[173, 178, 87, 29, 112, 168, 79]
R32[30]
R33[31, 85, 80]
R34[33, 165]
R35[34, 67, 90]
R36[35, 53, 126, 71, 144, 101, 126, 119]
R37[36, 188]
R38[37, 81]
R39[38]
R40[39]
R41[40, 152]
R42[100, 109, 64, 179, 41, 154]
R43[42, 123, 133, 153, 50, 170, 134, 156]
R44[43]
R45[44, 131, 62]
R46[45]
R47[46, 106, 193, 190, 193, 180]
R48[48]
R49[49, 93]
R50[107]
------------------------------------------
