 
------------------------------------------
CANTIDAD DE EJECUCIONES: 100
HEURÍSTICA DE CONSTRUCCIÓN: HeuristicType.CMT
COSTO TOTAL: 2148.49
TOTAL DE RUTAS: 15
TIEMPO DE EJECUCIÓN: 23.385249614715576 milisegundos
 
R1[114, 38, 38, 150, 159, 150, 159, 140, 63, 16, 151, 56, 151, 184, 199, 37, 138, 135, 81]
R2[29, 87, 112, 156, 15, 40, 152, 15, 89, 198, 153, 123, 134, 42, 169, 170, 50, 105, 89, 59, 14, 26]
R3[86, 65, 94, 171, 171, 174, 51, 136, 51, 171, 124, 141, 69, 197, 200, 103, 148]
R4[3, 88, 177, 98, 8, 186, 157, 127]
R5[108, 188, 33, 165, 118, 57, 118, 36, 121, 143, 176, 143, 158]
R6[18, 54, 132, 181, 49, 104, 185, 104, 117, 49, 58, 55]
R7[110, 172, 77, 25, 31, 80, 85, 80, 41, 20]
R8[1, 9, 71, 144, 99, 35, 126, 99, 101, 99, 53, 137, 183, 99, 17, 90]
R9[46, 106, 128, 95, 34, 167, 5, 10, 5]
R10[28, 120, 192, 196, 97, 130, 130, 130, 133, 96, 96, 96, 30, 146, 68, 102, 44, 131]
R11[45, 179, 109, 100, 64, 61, 24, 154, 178, 27, 173, 76, 62, 107, 39, 78, 155, 67, 113, 175, 2, 13, 43]
R12[72, 82, 60, 4, 180, 4, 191, 125]
R13[91, 160, 147, 66, 164, 66, 164, 12, 164, 129, 11, 122, 6, 73, 139]
R14[21]
R15[163, 182, 75, 194, 145, 195, 52, 23, 92]
------------------------------------------
