 
------------------------------------------
CANTIDAD DE EJECUCIONES: 100
HEURÍSTICA DE CONSTRUCCIÓN: HeuristicType.NearestNeighborWithRLC
COSTO TOTAL: 13030.15
TOTAL DE RUTAS: 14
TIEMPO DE EJECUCIÓN: 5.814924478530884 milisegundos
 
R1[175, 155, 179, 113, 200, 178, 199, 173, 162, 154, 198, 197, 196, 149, 195]
R2[146, 194, 139, 193, 192, 191, 109, 131, 107, 78, 122, 190]
R3[189, 120, 67, 45, 188, 187, 39, 185, 110, 184, 102, 17, 101, 183, 2]
R4[100, 182, 176, 181, 172, 180, 99, 90, 76, 170, 74, 73, 68, 177]
R5[169, 64, 167, 166, 62, 165, 61, 164, 168, 163, 160, 161, 44]
R6[43, 30, 159, 158, 156, 153, 157, 152, 151, 27, 148, 147, 144]
R7[150, 145, 142, 141, 143, 140, 137, 24, 138, 135, 136, 20, 133, 134, 13]
R8[130, 11, 129, 128, 6, 132, 1, 126, 123, 124, 125, 121, 118, 116, 108]
R9[117, 114, 119, 111, 105, 106, 112, 104, 103, 98, 97, 95, 91, 96]
R10[92, 89, 87, 85, 81, 83, 77, 71, 80, 93, 84, 82, 70, 66]
R11[72, 79, 59, 69, 63, 75, 58, 60, 55, 57, 53]
R12[56, 48, 54, 47, 50, 41, 40, 49, 37, 52, 42]
R13[36, 46, 34, 33, 35, 38, 31, 32, 28, 29, 25, 22, 21, 26]
R14[15, 23, 14, 19, 18, 16, 9, 12, 5, 4, 7, 8, 3]
------------------------------------------
