 
------------------------------------------
CANTIDAD DE EJECUCIONES: 100
HEURÍSTICA DE CONSTRUCCIÓN: HeuristicType.CMT
COSTO TOTAL: 2647.75
TOTAL DE RUTAS: 18
TIEMPO DE EJECUCIÓN: 0.9810633659362793 milisegundos
 
R1[125, 191, 4]
R2[170, 134, 52, 163, 23, 92, 23, 21, 92, 92, 195, 92, 23, 50, 42, 156]
R3[79, 168, 29, 87, 112]
R4[8, 186, 127, 88, 3, 88, 98, 157, 54]
R5[180, 82, 84, 60, 72]
R6[81, 137, 135, 37, 93, 55, 184, 199, 138, 183]
R7[132, 49, 161, 18, 117, 181, 117, 181, 7, 58]
R8[44, 131, 62, 76, 102, 146, 68]
R9[70, 91, 164, 66, 164, 164, 73, 6, 122, 139, 11, 129, 116, 164, 47, 148, 103, 200]
R10[13, 113, 43, 175, 67, 2, 90, 78, 155, 39, 107, 17]
R11[94, 174, 51]
R12[77, 25, 172, 25, 31, 85, 80, 41, 162, 20, 24, 61, 100, 154, 64, 179]
R13[1, 99, 144, 9, 71, 144, 9, 126, 35, 166, 119]
R14[15, 89, 105, 152, 40, 40, 198, 198, 105, 169, 26, 196, 97, 96, 192, 130]
R15[150, 22, 38, 16, 16, 151, 159, 140, 187, 111, 63, 114, 56]
R16[46, 193, 128, 106, 10, 5, 167, 95, 34, 33, 176, 121, 36, 143, 190, 158, 165, 108, 188, 83, 118, 57]
R17[65, 115, 86, 171, 189, 32, 189, 136, 197, 141, 69]
R18[28, 28, 120, 19, 48, 133, 173, 149, 28, 74, 173, 30, 178]
------------------------------------------
