 
------------------------------------------
CANTIDAD DE EJECUCIONES: 100
HEURÍSTICA DE CONSTRUCCIÓN: HeuristicType.NearestNeighborWithRLC
COSTO TOTAL: 12905.17
TOTAL DE RUTAS: 14
TIEMPO DE EJECUCIÓN: 5.827965021133423 milisegundos
 
R1[175, 155, 200, 113, 179, 199, 198, 109, 197, 196, 107, 195, 178, 194]
R2[193, 173, 162, 154, 149, 146, 139, 131, 78, 122, 192, 67, 45]
R3[191, 39, 190, 189, 120, 110, 102, 101, 17, 100, 188, 2, 187, 184, 185]
R4[183, 181, 176, 99, 90, 76, 182, 74, 172, 73, 170, 169, 180]
R5[68, 64, 168, 62, 177, 167, 61, 165, 166, 161, 44, 164, 163, 159]
R6[160, 156, 153, 43, 30, 27, 24, 158, 20, 13, 152]
R7[151, 11, 150, 148, 147, 6, 157, 144, 143, 145, 141, 140, 138, 137, 1]
R8[142, 135, 134, 130, 133, 126, 136, 129, 123, 121, 119, 132, 128, 125, 118]
R9[116, 108, 124, 105, 97, 96, 95, 117, 112, 114, 111, 106, 103, 93, 92]
R10[91, 104, 89, 98, 83, 85, 80, 81, 79, 77, 72, 87, 71]
R11[70, 84, 82, 66, 59, 75, 57, 55, 53, 48, 47, 41]
R12[69, 60, 63, 56, 40, 37, 52, 50, 58, 54, 36, 46]
R13[42, 49, 35, 33, 38, 34, 28, 31, 29, 32, 19, 15, 14, 25]
R14[12, 9, 26, 23, 22, 5, 4, 3, 21, 16, 7, 8]
------------------------------------------
