 
------------------------------------------
CANTIDAD DE EJECUCIONES: 100
HEURÍSTICA DE CONSTRUCCIÓN: HeuristicType.MoleJameson
COSTO TOTAL: 2850.51
TOTAL DE RUTAS: 18
TIEMPO DE EJECUCIÓN: 6.306113004684448 milisegundos
 
R1[32, 86, 115, 94, 65, 51, 171, 174, 136, 189, 124, 141]
R2[57, 118, 83, 188, 165, 33, 143, 176, 36, 121, 108]
R3[139, 6, 122, 6, 11, 122, 66, 164, 91, 12, 73]
R4[114, 159, 38, 150, 22, 140, 16, 142, 187, 142, 111, 63, 56]
R5[26, 152, 198, 14, 198, 89, 105, 169, 89, 105, 59, 96]
R6[183, 93, 53, 99, 71, 126, 166, 119, 166, 35, 9, 1, 101]
R7[163, 75, 194, 75, 52, 195, 145, 23, 92, 21]
R8[149, 133, 48, 74, 28, 130, 97, 196, 192, 19, 120, 30, 68]
R9[167, 34, 95, 193, 46, 125, 191, 128, 106, 10, 5, 158, 190]
R10[49, 117, 104, 185, 54, 18, 98, 186, 127, 132, 181]
R11[199, 184, 177, 3, 88, 8, 157, 161, 7, 58, 135]
R12[45, 64, 113, 2, 43, 13, 175, 78, 155, 67, 90, 17, 39, 107]
R13[20, 25, 31, 80, 85, 41, 24, 100, 27, 154, 173, 178]
R14[62, 131, 102, 146, 44, 138, 81, 37, 81, 137]
R15[77, 200, 69, 197, 103, 148, 70, 47, 147]
R16[109, 179, 123, 29, 172, 110, 162, 61, 162]
R17[180, 84, 60, 72, 82, 4, 82, 87, 168, 170]
R18[156, 112, 79, 50, 134, 42]
------------------------------------------
