 
------------------------------------------
CANTIDAD DE EJECUCIONES: 100
HEURÍSTICA DE CONSTRUCCIÓN: HeuristicType.SaveSequential
COSTO TOTAL: 2703.14
TOTAL DE RUTAS: 15
TIEMPO DE EJECUCIÓN: 30.13807988166809 milisegundos
 
R1[92, 182, 163, 194, 145, 170, 134, 50, 156, 112, 168, 79, 29, 87, 123]
R2[41, 85, 80, 31, 25, 172, 77, 110, 69, 141, 174, 51, 94, 86]
R3[40, 195, 52, 75, 23, 21, 42, 169, 89, 105, 15]
R4[157, 177, 98, 3, 88, 8, 186, 127, 54, 18, 185, 104]
R5[91, 47, 160, 115, 65, 171, 136, 189, 32, 124, 197]
R6[183, 161, 132, 7, 181, 117, 49, 58, 187, 140, 16, 142, 111, 151, 150]
R7[102, 146, 19, 192, 196, 97, 59, 198, 152, 153, 26, 14, 96, 130]
R8[56, 114, 38, 22, 159, 63, 184, 135, 55, 37, 199, 81, 138, 137, 93]
R9[116, 164, 66, 147, 103, 148, 200, 70, 12, 129, 11, 6]
R10[62, 131, 44, 68, 30, 120, 74, 28, 133, 48, 149, 76, 178, 173, 154]
R11[60, 72, 4, 82, 180, 84, 191, 125, 128, 46, 193, 106, 10, 5]
R12[122, 73, 45, 27, 64, 20, 162, 24, 61, 100, 179, 109]
R13[108, 188, 165, 33, 143, 176, 36, 121, 190, 158, 95, 34, 167]
R14[139, 43, 13, 2, 90, 118, 83, 57, 119, 166, 35, 126, 71, 9, 144]
R15[53, 99, 1, 101, 107, 39, 17, 67, 175, 155, 78, 113]
------------------------------------------
