 
------------------------------------------
HEURÍSTICA DE CONSTRUCCIÓN: MatchingBasedSavingAlgorithm
COSTO TOTAL: 29423.53
TOTAL DE RUTAS: 56
TIEMPO DE EJECUCIÓN: 892.9924111366272
 
R1[1]
R2[157, 438, 539, 225, 136, 459, 545, 323, 528]
R3[67, 268, 295, 38, 396, 460, 491, 372, 584, 439, 34]
R4[252, 320, 367, 99, 250, 557, 250, 454, 570]
R5[73, 46, 129, 84, 219, 541, 198, 263, 325, 541, 151, 478, 124]
R6[240, 105, 210, 32, 588, 485, 428, 400, 426, 400, 590, 494, 471, 542]
R7[35, 527, 458, 503, 373, 117, 456, 327, 521, 509]
R8[169, 85, 26, 49, 351, 95, 94, 108, 465]
R9[385, 6, 385, 386, 145, 22, 401, 161, 6, 369, 201, 488]
R10[182, 278, 403, 483, 585, 427, 483, 7, 477, 599, 483]
R11[343, 357, 554, 52, 52, 81, 52, 81, 432, 122, 82, 230, 540, 382]
R12[213, 12, 93, 379, 561, 48, 288, 287, 135, 489, 135, 159]
R13[130, 165, 139, 275, 249, 275, 497, 275, 277, 552]
R14[190, 20, 24, 255, 299, 237, 388, 237, 406]
R15[11, 472, 187, 187, 472, 132, 83, 446, 262, 128, 44]
R16[15, 74, 153, 307, 574, 359, 479, 280, 346, 374, 533]
R17[69, 141, 39, 448, 300, 58, 285, 40, 415]
R18[160, 317, 342, 412, 170, 212, 65, 170, 65, 342]
R19[57, 53, 530, 356, 147, 5, 110, 8, 293, 463, 567, 413]
R20[155, 580, 525, 45, 531, 215, 583, 352, 440, 587]
R21[319, 9, 31, 315, 63, 537, 383, 149, 265, 270, 88, 436, 66]
R22[2, 519, 205, 112, 64, 112, 362]
R23[193, 267, 322, 551, 19, 572, 318, 37, 318, 96, 318]
R24[62, 242, 294, 337, 506, 548, 206, 294, 286, 206, 106, 355]
R25[333, 260, 113, 167, 258, 380, 261, 398, 261, 313]
R26[30, 331, 510, 234, 68, 331, 331, 331, 223, 593, 560, 566]
R27[226, 72, 87, 370, 492, 481, 272, 86, 490, 111, 490, 419, 414]
R28[384, 90, 142, 14, 298, 457, 344, 348, 468, 577]
R29[77, 582, 23, 360, 61, 581, 27, 451, 365, 354]
R30[21, 55, 43, 466, 466, 126, 394, 423, 239, 517, 390, 208, 575]
R31[238, 71, 204, 387, 534, 387, 164, 246, 232, 441, 569, 164]
R32[304, 131, 125, 29, 578, 433, 41, 292, 174]
R33[143, 291, 100, 214, 102, 80, 559, 504, 92, 502, 303, 399]
R34[186, 178, 579, 289, 224, 429, 301, 245, 389, 276, 594]
R35[282, 127, 33, 329, 329, 568, 118, 452, 568, 562]
R36[316, 338, 75, 158, 284, 529, 56, 393, 76, 181, 529, 181, 308]
R37[168, 197, 120, 244, 340, 251, 216, 25, 486, 589, 450, 114, 495, 114, 70]
R38[13, 152, 512, 116, 98, 538, 598, 334]
R39[59, 535, 133, 397, 296, 3, 3, 296, 349, 103, 296]
R40[18, 461, 335, 123, 200, 515, 123, 264, 482, 455, 558, 402]
R41[518, 146, 188, 233, 241, 227, 104, 162, 595]
R42[36, 202, 166, 376, 376, 236, 500, 185, 189, 425]
R43[17, 421, 543, 416, 228, 416, 10, 173, 358, 475, 445]
R44[137, 172, 375, 253, 550, 377, 154, 271, 177]
R45[254, 361, 314, 140, 310, 470, 184, 526, 565, 511, 235]
R46[218, 109, 564, 231, 231, 78, 78, 281, 78, 350, 392]
R47[501, 442, 420, 571, 571, 571, 523, 508, 28, 28, 493]
R48[107, 484, 89, 563, 473, 156, 324, 496, 4, 138, 180, 586]
R49[417, 247, 330, 47, 544, 444, 553, 544, 371, 243, 444]
R50[175, 179, 302, 209, 54, 194, 591, 183, 431, 549, 549, 431, 591, 305]
R51[229, 222, 211, 347, 309, 556, 283, 347, 91, 505]
R52[60, 507, 437, 378, 435, 273, 435, 547]
R53[119, 192, 480, 522, 121, 79, 192, 101, 259, 524, 217]
R54[311, 279, 248, 328, 97, 203, 148, 532, 434, 196]
R55[199, 115, 16, 411, 257, 171, 257, 171, 514, 443, 453, 498]
R56[51, 150, 144, 134, 469, 513, 326, 274, 449]
------------------------------------------
