 
------------------------------------------
HEURÍSTICA DE CONSTRUCCIÓN: NearestNeighborWithRLC
COSTO TOTAL: 2124.26
TOTAL DE RUTAS: 4
 
R1[100, 99, 1, 96, 2, 98, 95, 93, 92, 91, 85, 97, 89, 3, 90, 83, 94, 87, 59, 37, 61, 16, 5, 88, 31, 84, 60]
R2[86, 58, 53, 40, 73, 75, 80, 79, 81, 4, 78, 82, 62, 11, 64, 70, 77, 6, 52, 27, 8, 49, 7, 48, 69, 51, 10]
R3[66, 76, 50, 71, 35, 9, 68, 12, 13, 74, 72, 14, 57, 15, 17, 63, 19, 18, 47, 46, 20, 21, 56, 67, 22, 41]
R4[23, 39, 25, 26, 28, 54, 29, 65, 34, 24, 33, 32, 36, 30, 42, 38, 45, 55, 44, 43]
------------------------------------------
