 
------------------------------------------
HEURÍSTICA DE CONSTRUCCIÓN: RandomMethod
COSTO TOTAL: 14770.9
TOTAL DE RUTAS: 19
TIEMPO DE EJECUCIÓN: 0.1229085922241211
 
R1[94, 198, 97, 21, 92, 197, 39, 83, 150, 10]
R2[42, 17, 20, 112, 100, 96, 158, 56, 155, 194]
R3[66, 58, 156, 62, 90, 33, 157, 127, 173, 53, 69, 32, 45]
R4[36, 60, 77, 178, 179, 165, 31, 25, 73, 95, 190, 120, 13]
R5[29, 137, 37, 146, 88, 63, 130, 9, 169, 136, 49, 101, 189]
R6[195, 65, 61, 105, 38, 18, 193, 34, 118, 28, 24, 192]
R7[78, 151, 35, 93, 11, 176, 22, 47, 175, 114, 68, 115]
R8[23, 149, 48, 64, 182, 171, 7, 124, 91, 104, 14]
R9[119, 89, 15, 40, 6, 5, 4, 154, 159, 142, 74, 106]
R10[121, 131, 123, 164, 81, 126, 128, 85, 177, 144, 180]
R11[113, 183, 50, 167, 170, 46, 108, 102, 200, 57, 181]
R12[43, 145, 153, 87, 168, 199, 55, 109, 188]
R13[72, 54, 122, 147, 134, 187, 16, 172, 110]
R14[103, 26, 163, 76, 52, 67, 86, 12, 80, 185, 2]
R15[196, 133, 51, 59, 129, 98, 75, 41, 1, 44, 138]
R16[79, 132, 161, 152, 174, 140, 184, 27, 166]
R17[3, 116, 82, 186, 160, 141, 191, 111, 125, 99, 84]
R18[162, 139, 143, 71, 30, 135, 107, 148, 70]
R19[19, 8, 117]
------------------------------------------
