 
------------------------------------------
HEURÍSTICA DE CONSTRUCCIÓN: RandomMethod
COSTO TOTAL: 15014.29
TOTAL DE RUTAS: 18
TIEMPO DE EJECUCIÓN: 0.11656856536865234
 
R1[106, 144, 88, 43, 32, 118, 38, 69, 154, 27, 6]
R2[67, 125, 22, 142, 185, 62, 162, 1, 9, 45, 130]
R3[104, 165, 42, 40, 29, 183, 10, 82, 95, 37, 97, 161]
R4[132, 94, 103, 109, 59, 4, 58, 53, 71, 114, 68]
R5[163, 60, 79, 44, 177, 164, 168, 5, 65, 57, 193, 117]
R6[172, 13, 141, 182, 100, 99, 46, 145, 157, 116, 21, 96, 25]
R7[176, 112, 83, 140, 33, 196, 178, 173, 64, 126, 139, 156]
R8[3, 153, 36, 101, 90, 51, 121, 180, 107, 93, 86]
R9[115, 174, 70, 200, 87, 131, 73, 149]
R10[190, 12, 105, 28, 30, 152, 194, 137, 188, 41, 34]
R11[110, 191, 55, 23, 50, 66, 128, 92, 135]
R12[134, 158, 184, 89, 48, 39, 75, 127, 14, 8]
R13[85, 179, 78, 52, 20, 146, 61, 147, 136, 175, 119]
R14[108, 72, 148, 123, 192, 151, 31, 120, 91, 81, 195]
R15[77, 186, 122, 98, 197, 199, 2, 56, 26, 111, 24]
R16[169, 84, 124, 159, 15, 74, 16, 35, 198, 155, 187, 54, 17]
R17[167, 189, 11, 129, 113, 143, 166, 47, 80, 76, 7]
R18[19, 63, 138, 150, 18, 170, 171, 181, 133, 49, 102]
------------------------------------------
