 
------------------------------------------
HEURÍSTICA DE CONSTRUCCIÓN: RandomMethod
COSTO TOTAL: 14952.85
TOTAL DE RUTAS: 19
TIEMPO DE EJECUCIÓN: 0.12741708755493164
 
R1[130, 20, 37, 178, 177, 175, 62, 157, 121, 156, 50, 88]
R2[36, 128, 191, 145, 51, 32, 47, 160, 33, 133]
R3[179, 4, 183, 123, 182, 171, 92, 76, 137, 119, 173]
R4[39, 81, 114, 77, 68, 162, 167, 26, 40, 13, 34, 22]
R5[115, 83, 6, 143, 148, 116, 64, 3, 105, 129, 150]
R6[186, 190, 200, 159, 142, 124, 23, 168, 89, 176]
R7[181, 197, 65, 101, 135, 15, 110, 193, 91]
R8[8, 195, 1, 19, 151, 146, 117, 180, 104, 7]
R9[75, 96, 155, 25, 149, 73, 185, 74, 166, 2, 42]
R10[97, 14, 28, 122, 140, 53, 27, 131, 125, 118]
R11[11, 153, 45, 10, 138, 52, 100, 94, 127, 95, 161, 184]
R12[103, 48, 12, 24, 144, 165, 9, 54, 31, 46, 126, 136]
R13[87, 80, 107, 59, 189, 79, 71, 82, 44, 108, 61, 120]
R14[70, 132, 196, 58, 174, 164, 147, 90, 67, 113, 16]
R15[49, 106, 154, 141, 102, 198, 86, 66, 43, 163, 69, 85]
R16[72, 98, 112, 63, 38, 41, 18, 99, 139, 56, 93]
R17[60, 57, 187, 21, 188, 5, 152, 194, 199, 78, 30, 17]
R18[84, 35, 111, 158, 109, 169, 172, 134, 192]
R19[55, 29, 170]
------------------------------------------
