 
------------------------------------------
CANTIDAD DE EJECUCIONES: 100
HEURÍSTICA DE CONSTRUCCIÓN: NearestNeighborWithRLC
COSTO TOTAL: 2282.0
TOTAL DE RUTAS: 9
TIEMPO DE EJECUCIÓN: 248 milisegundos
 
R1[2, 1, 96, 98, 97, 99, 95, 93, 94, 92, 87, 100, 91, 89, 88, 83, 3, 4]
R2[85, 61, 86, 6, 60, 59, 58]
R3[76, 5, 84, 90, 82, 48, 7, 62, 8, 52, 70]
R4[81, 10, 63, 32, 66, 80, 68]
R5[79, 78, 71, 35, 77, 69, 53, 75, 9, 11, 73]
R6[72, 12, 74, 56, 57, 43, 42, 44, 14, 38, 15]
R7[13, 40, 55, 67, 16, 45, 46, 17, 18, 47, 64]
R8[19, 49, 36, 65, 21, 22, 41, 54, 24, 51, 33, 50, 39, 25, 29, 26, 37, 27]
R9[31, 34, 20, 23, 28, 30]
------------------------------------------
