 
------------------------------------------
CANTIDAD DE EJECUCIONES: 100
HEURÍSTICA DE CONSTRUCCIÓN: HeuristicType.SaveSequential
COSTO TOTAL: 683.59
TOTAL DE RUTAS: 3
TIEMPO DE EJECUCIÓN: 1.301429033279419 milisegundos
 
R1[73, 1, 62, 28, 21, 47, 36, 37, 20, 70, 60, 71, 69, 61, 22, 64, 42, 41, 43, 56, 23, 49, 24, 18, 55, 25, 50, 32, 9, 39, 72]
R2[8, 52, 27, 45, 29, 48, 5, 15, 57, 13, 54, 19, 14, 7, 53, 59, 66, 65, 11, 38, 10, 31, 58]
R3[75, 6, 51, 17, 12, 40, 44, 3, 16, 63, 33, 2, 74, 30, 68, 4, 34, 46, 35, 67, 26]
------------------------------------------
