 
------------------------------------------
CANTIDAD DE EJECUCIONES: 100
HEURÍSTICA DE CONSTRUCCIÓN: HeuristicType.SaveSequential
COSTO TOTAL: 698.58
TOTAL DE RUTAS: 3
TIEMPO DE EJECUCIÓN: 1.4420597553253174 milisegundos
 
R1[74, 61, 69, 71, 60, 70, 20, 37, 36, 47, 21, 28, 22, 64, 42, 41, 43, 56, 23, 49, 24, 18, 55, 25, 50, 32, 9, 31, 10, 72]
R2[33, 62, 1, 73, 63, 16, 3, 44, 39, 58, 38, 65, 66, 59, 14, 11, 53, 19, 54, 13, 57, 15, 5, 48, 29]
R3[75, 68, 4, 34, 46, 7, 35, 8, 52, 27, 45, 30, 2, 6, 51, 40, 12, 17, 26, 67]
------------------------------------------
