 
------------------------------------------
CANTIDAD DE EJECUCIONES: 100
HEURÍSTICA DE CONSTRUCCIÓN: HeuristicType.SaveSequential
COSTO TOTAL: 716.88
TOTAL DE RUTAS: 3
TIEMPO DE EJECUCIÓN: 1.2741987705230713 milisegundos
 
R1[62, 28, 21, 47, 36, 37, 20, 70, 60, 71, 69, 61, 22, 1, 63, 23, 43, 64, 42, 41, 56, 49, 24, 18, 55, 25, 50, 32, 9, 39, 72]
R2[35, 8, 52, 27, 45, 29, 48, 5, 15, 57, 13, 54, 19, 53, 14, 59, 66, 65, 11, 38, 10, 31, 58, 3]
R3[17, 12, 40, 44, 51, 16, 33, 73, 74, 30, 2, 6, 68, 4, 34, 46, 7, 26, 67, 75]
------------------------------------------
