 
------------------------------------------
CANTIDAD DE EJECUCIONES: 100
HEURÍSTICA DE CONSTRUCCIÓN: HeuristicType.NearestNeighborWithRLC
COSTO TOTAL: 1706.81
TOTAL DE RUTAS: 5
TIEMPO DE EJECUCIÓN: 0.42630720138549805 milisegundos
 
R1[68, 2, 67, 26, 4, 74, 75, 73, 63, 62, 72, 52, 58, 53]
R2[46, 48, 51, 40, 44, 35, 34, 45, 33, 39, 3, 17]
R3[6, 30, 12, 7, 29, 32, 27, 8, 19, 28, 9, 13, 16]
R4[1, 5, 57, 10, 38, 54, 47, 15, 21, 49, 65, 14]
R5[66, 11, 50, 61, 43, 37, 42, 36, 25, 24, 41, 22, 18]
------------------------------------------
