 
------------------------------------------
CANTIDAD DE EJECUCIONES: 100
HEURÍSTICA DE CONSTRUCCIÓN: HeuristicType.KilbyAlgorithm
COSTO TOTAL: 1896.26
TOTAL DE RUTAS: 3
TIEMPO DE EJECUCIÓN: 2.881171941757202 milisegundos
 
R1[1, 6, 33, 73, 51, 62, 63, 17, 16, 26, 43, 28, 22, 41, 49, 42, 44, 3, 40, 12, 23, 44, 32, 56, 61, 24, 72, 9, 71]
R2[75, 10, 38, 14, 11, 50, 18, 20, 25, 65, 55, 60, 69, 66, 31, 59, 70, 64]
R3[2, 68, 74, 45, 34, 46, 48, 29, 52, 27, 7, 8, 47, 5, 35, 13, 15, 58, 39, 36, 57, 19, 37, 53, 54, 4, 30, 67]
------------------------------------------
