 
------------------------------------------
CANTIDAD DE EJECUCIONES: 100
HEURÍSTICA DE CONSTRUCCIÓN: HeuristicType.KilbyAlgorithm
COSTO TOTAL: 1926.5
TOTAL DE RUTAS: 3
TIEMPO DE EJECUCIÓN: 2.9680404663085938 milisegundos
 
R1[1, 56, 61, 24, 72, 9, 32, 21, 41, 49, 42, 44, 23, 12, 40, 3, 22, 28, 43, 26, 16, 17, 63, 62, 51, 73, 33, 6, 71]
R2[75, 10, 38, 14, 11, 50, 69, 65, 25, 20, 70, 59, 31, 66, 18, 55, 60, 64]
R3[2, 68, 4, 30, 67, 74, 45, 34, 46, 36, 57, 19, 37, 53, 54, 48, 29, 52, 27, 7, 8, 47, 5, 35, 13, 15, 58, 39]
------------------------------------------
