 
------------------------------------------
CANTIDAD DE EJECUCIONES: 100
HEURÍSTICA DE CONSTRUCCIÓN: HeuristicType.KilbyAlgorithm
COSTO TOTAL: 1842.69
TOTAL DE RUTAS: 3
TIEMPO DE EJECUCIÓN: 2.9463489055633545 milisegundos
 
R1[1, 6, 32, 21, 41, 49, 42, 44, 23, 12, 40, 3, 22, 28, 43, 26, 16, 33, 73, 51, 62, 63, 17, 16, 61, 24, 72, 9, 71]
R2[75, 10, 38, 14, 11, 50, 18, 65, 25, 55, 70, 59, 31, 66, 69, 20, 60, 64]
R3[2, 68, 4, 30, 67, 74, 45, 34, 46, 37, 19, 57, 36, 39, 58, 15, 13, 48, 29, 52, 27, 7, 8, 47, 5, 35, 13, 54]
------------------------------------------
