 
------------------------------------------
CANTIDAD DE EJECUCIONES: 100
HEURÍSTICA DE CONSTRUCCIÓN: CMT
COSTO TOTAL: 1824.83
TOTAL DE RUTAS: 10
TIEMPO DE EJECUCIÓN: 567 milisegundos
 
R1[64, 62, 66, 60, 59, 63, 58, 57, 61, 65, 56]
R2[42, 48, 47, 38, 41, 39, 50, 51, 45, 43, 40]
R3[68, 76, 73, 79, 55, 54, 53, 52, 77]
R4[29, 32, 35, 36, 34, 33, 31, 28, 30, 27, 25, 24, 22, 26, 23, 19, 20]
R5[72, 75, 80, 78, 74, 71, 70, 69, 67]
R6[110, 37, 49, 46, 44, 16, 17, 21, 12, 14, 15, 13]
R7[11, 8, 3, 4, 10, 9, 7, 5, 6, 1, 2]
R8[103, 107, 106, 104, 99, 116, 98, 100, 115, 97, 120, 101, 96, 105, 102]
R9[84, 113, 83, 108, 109, 114, 118, 18, 94, 119, 81, 91, 90, 93]
R10[82, 85, 117, 112, 92, 89, 86, 111, 87, 95, 88]
------------------------------------------
