 
------------------------------------------
CANTIDAD DE EJECUCIONES: 100
HEURÍSTICA DE CONSTRUCCIÓN: HeuristicType.KilbyAlgorithm
COSTO TOTAL: 18854.77
TOTAL DE RUTAS: 100
TIEMPO DE EJECUCIÓN: 264.83038353919983 milisegundos
 
R1[400, 230, 319, 278, 332, 260, 262, 224, 387, 78, 323]
R2[46, 263, 215, 176, 137, 384, 152, 384, 281, 388, 348, 129]
R3[31, 249, 360, 198, 219, 255, 157, 237, 212, 169, 287, 362, 108]
R4[18, 297, 329, 343, 163, 269, 106, 238, 334]
R5[40, 282, 172, 381, 355, 183, 117, 214, 326, 352, 350, 226, 292, 350, 247, 320]
R6[52, 279, 321, 291, 257, 112, 135, 140, 136]
R7[81, 310, 197, 339, 246, 312, 379, 225, 125, 231, 188]
R8[1, 116, 354, 259, 242, 127, 181, 245, 389]
R9[2, 376, 347, 395, 306, 272, 124, 377]
R10[3]
R11[4, 240, 115, 364, 340]
R12[5]
R13[6]
R14[7, 241, 311]
R15[8]
R16[9]
R17[10, 286]
R18[11, 252, 277, 370, 331, 398, 331]
R19[12, 305]
R20[13]
R21[14]
R22[15]
R23[16, 132, 314, 317]
R24[17, 154, 186, 361, 227, 104, 158, 155, 105]
R25[19, 193, 284, 322, 356, 322]
R26[20]
R27[21, 346, 342, 118]
R28[22, 399, 300]
R29[23, 134, 107]
R30[24, 303, 144, 254, 385, 335, 217]
R31[25]
R32[26, 109, 202, 162, 168, 283, 289]
R33[27, 128, 192, 248, 171, 243, 239]
R34[28]
R35[29]
R36[30, 302, 298]
R37[32, 374, 111, 142, 276, 316]
R38[33, 375, 149]
R39[34]
R40[35, 138, 170, 275, 369, 223, 110, 190]
R41[36, 392, 139]
R42[37]
R43[38, 175]
R44[39]
R45[41]
R46[42, 195, 285]
R47[43]
R48[44, 185, 114]
R49[45]
R50[47, 299]
R51[48, 244, 390]
R52[49]
R53[50, 213, 344, 261, 131, 121, 383, 120, 161, 173]
R54[51]
R55[53, 313, 301]
R56[54, 146, 180, 386]
R57[55, 351, 315, 294, 221, 151, 221]
R58[56]
R59[57, 271, 189, 174]
R60[58]
R61[59, 253]
R62[60, 280, 293, 191, 349, 191]
R63[61, 290, 274, 141, 274, 236]
R64[156, 133, 333, 371, 62, 324, 205, 256, 338, 210, 382]
R65[63]
R66[64]
R67[65, 264, 150, 206, 184, 307, 366, 206]
R68[66, 126]
R69[67, 251, 363, 194]
R70[68, 113, 288, 394]
R71[69, 164, 378, 391, 367, 148, 167, 267, 373]
R72[70]
R73[71, 304, 211, 102, 159, 222]
R74[100, 208, 318, 145, 72, 397, 273, 365, 341, 207, 216]
R75[73]
R76[74, 327, 178]
R77[119, 232, 228, 309, 75, 203, 200, 187, 358]
R78[76]
R79[77, 357]
R80[79]
R81[80]
R82[82, 199, 296]
R83[83]
R84[84, 266, 165, 308, 179]
R85[85, 265, 328, 380]
R86[86]
R87[87, 201]
R88[88]
R89[89, 143, 147, 166, 258, 337, 160, 330, 258]
R90[90, 196, 101, 393]
R91[91, 130, 372]
R92[92]
R93[93, 209, 220, 103, 229, 122, 295, 204]
R94[94, 268]
R95[95, 177]
R96[96, 353]
R97[97]
R98[325, 368, 250, 234, 98, 345]
R99[99]
R100[336]
------------------------------------------
