 
------------------------------------------
HEURÍSTICA DE CONSTRUCCIÓN: MatchingBasedSavingAlgorithm
COSTO TOTAL: 14489.2
TOTAL DE RUTAS: 36
TIEMPO DE EJECUCIÓN: 274.01188707351685
 
R1[194, 151, 388, 235, 86, 281, 263, 176, 129, 264, 389, 111, 335]
R2[62, 127, 65, 85, 328, 380, 177, 181, 265]
R3[30, 95, 51, 51, 245, 67, 39, 67, 210, 133, 116, 314]
R4[32, 399, 242, 52, 16, 22, 73, 291]
R5[298, 243, 248, 239, 248, 171, 243, 239, 248, 396, 338]
R6[302, 87, 287, 31, 128, 192, 108, 108, 362, 374, 333, 324]
R7[48, 27, 205, 256, 25, 70, 201, 25, 279]
R8[174, 38, 250, 98, 345, 244, 57, 244, 390, 271, 140, 251, 316]
R9[50, 173, 161, 161, 383, 121, 19, 55, 49, 353, 193]
R10[142, 90, 135, 112, 135, 189, 234, 135, 393, 196, 219]
R11[237, 9, 47, 12, 198, 261, 131, 213, 270, 213]
R12[254, 63, 294, 322, 294, 360, 299, 305]
R13[11, 369, 236, 11, 218, 35, 236, 61, 182, 23, 212, 157]
R14[255, 29, 28, 60, 53, 359, 293, 293, 293, 204, 24, 24, 295, 144]
R15[33, 290, 221, 313, 296, 303, 103, 303, 82, 199]
R16[58, 223, 138, 274, 274, 370, 252, 134, 141, 284]
R17[257, 7, 190, 107, 80, 356, 275, 275, 240, 56, 170, 4, 170, 275]
R18[89, 147, 46, 215, 101, 375, 149, 375, 375, 300, 330]
R19[99, 76, 337, 143, 143, 160, 258, 5, 15, 13, 348]
R20[277, 241, 311, 184, 206, 384, 137, 44, 114, 191, 344]
R21[20, 349, 91, 36, 392, 37, 368, 325, 340, 364, 130, 398]
R22[301, 280, 331, 139, 267, 373, 267, 167, 148, 267, 354]
R23[150, 83, 175, 150, 227, 377, 289, 306, 2, 104, 124, 347]
R24[355, 361, 247, 320, 168, 283, 162, 272, 395, 376, 366]
R25[3, 17, 214, 226, 282, 352, 117, 117, 214, 326, 105, 350, 26, 292]
R26[115, 123, 183, 228, 154, 109, 172, 75, 109, 186, 381, 217]
R27[185, 164, 222, 367, 391, 378, 69, 209, 88]
R28[10, 59, 211, 71, 159, 102, 159, 304, 113, 68, 394, 14]
R29[309, 203, 187, 119, 232, 200, 232, 42, 365, 336, 202, 273]
R30[118, 72, 21, 74, 6, 288, 178, 77, 357, 152, 327, 268]
R31[100, 269, 64, 79, 208, 45, 342, 342, 346, 346, 397]
R32[146, 94, 207, 106, 145, 318, 329, 343, 54, 180]
R33[195, 165, 308, 165, 266, 165, 297, 334, 310]
R34[43, 92, 332, 224, 230, 179, 41, 224, 18, 238, 18]
R35[34, 197, 197, 81, 386, 246, 197, 84, 197, 188, 379, 225, 231, 323]
R36[1, 8, 262, 400, 278, 125, 78, 387]
------------------------------------------
