 
------------------------------------------
CANTIDAD DE EJECUCIONES: 100
HEURÍSTICA DE CONSTRUCCIÓN: NearestNeighborWithRLC
COSTO TOTAL: 1325.42
TOTAL DE RUTAS: 3
 
R1[75, 68, 1, 73, 62, 63, 51, 44, 2, 33, 3, 50, 58, 74, 48, 29, 67, 52, 46, 54, 57, 15, 5, 6, 17, 40, 39, 72]
R2[38, 66, 65, 59, 35, 53, 19, 14, 34, 8, 7, 45, 27, 13, 4, 61, 71, 69, 9, 32, 25, 31, 12]
R3[10, 55, 18, 49, 24, 23, 56, 70, 20, 60, 47, 64, 42, 41, 28, 21, 37, 43, 36, 22, 30, 26, 11, 16]
------------------------------------------
