 
------------------------------------------
CANTIDAD DE EJECUCIONES: 100
HEURÍSTICA DE CONSTRUCCIÓN: NearestNeighborWithRLC
COSTO TOTAL: 1486.14
TOTAL DE RUTAS: 3
 
R1[68, 1, 74, 73, 63, 62, 61, 69, 75, 67, 53, 65, 72, 3, 58, 51, 56, 4, 2, 30, 48, 47, 71, 70, 60, 57, 54, 59, 38]
R2[66, 35, 7, 46, 45, 34, 52, 5, 37, 29, 49, 6, 44, 50, 55, 40, 9, 10, 39, 31, 12, 32]
R3[43, 64, 8, 27, 13, 15, 28, 42, 33, 16, 23, 41, 26, 19, 14, 11, 17, 36, 20, 25, 24, 18, 22, 21]
------------------------------------------
