 
------------------------------------------
CANTIDAD DE EJECUCIONES: 100
HEURÍSTICA DE CONSTRUCCIÓN: NearestNeighborWithRLC
COSTO TOTAL: 1422.29
TOTAL DE RUTAS: 3
 
R1[75, 73, 62, 28, 22, 74, 68, 6, 63, 56, 49, 1, 3, 72, 67, 46, 52, 54, 70, 71, 2, 69, 61, 4, 48, 47, 36, 37, 20, 60]
R2[5, 45, 57, 34, 8, 66, 7, 58, 39, 65, 59, 14, 35, 26, 10, 38, 53, 11, 40, 55, 9]
R3[50, 44, 12, 13, 27, 51, 43, 64, 41, 33, 23, 16, 42, 30, 32, 31, 25, 24, 17, 29, 15, 21, 19, 18]
------------------------------------------
