 
------------------------------------------
CANTIDAD DE EJECUCIONES: 100
HEURÍSTICA DE CONSTRUCCIÓN: NearestNeighborWithRLC
COSTO TOTAL: 2396.85
TOTAL DE RUTAS: 9
TIEMPO DE EJECUCIÓN: 248 milisegundos
 
R1[99, 1, 77, 3, 97, 98, 2, 95, 94, 100]
R2[5, 6, 93, 96, 89, 92, 86, 91]
R3[85, 87, 84, 61, 60, 83, 82, 7, 8, 62]
R4[10, 70, 9, 90, 63, 81, 80, 68, 12, 4, 76, 11, 13, 73, 79, 78, 15]
R5[57, 16, 59, 14, 44, 45, 46, 48, 47, 49, 64, 88, 18, 52, 69]
R6[58, 17, 42, 74, 22, 72, 75, 67, 55, 56]
R7[39, 71, 19, 66, 20, 65, 51, 54, 24, 53, 50, 41, 23, 25, 40, 28]
R8[21, 43, 27, 37, 38, 31, 36, 35, 29, 34, 26, 33]
R9[30, 32]
------------------------------------------
