 
------------------------------------------
CANTIDAD DE EJECUCIONES: 100
HEURÍSTICA DE CONSTRUCCIÓN: RandomMethod
COSTO TOTAL: 3510.02
TOTAL DE RUTAS: 9
TIEMPO DE EJECUCIÓN: 50 milisegundos
 
R1[81, 77, 29, 69, 10, 78, 85, 72]
R2[49, 32, 88, 30, 73, 53, 19, 13, 56, 45, 12, 63, 18, 91, 14, 21, 20]
R3[92, 62, 6, 93, 43, 98, 86, 47]
R4[59, 27, 74, 15, 25, 87, 33, 50, 96, 4, 90]
R5[71, 95, 75, 1, 11, 68, 38, 2, 64, 99, 51, 94, 60, 16, 48]
R6[84, 82, 57, 34, 35, 26, 55, 80, 54, 28, 9, 70, 58]
R7[40, 79, 36, 31, 22, 83, 52, 89, 67, 41]
R8[61, 37, 3, 5, 65, 97, 44, 7, 100, 17, 8]
R9[76, 46, 24, 23, 39, 42, 66]
------------------------------------------
