 
------------------------------------------
CANTIDAD DE EJECUCIONES: 100
HEURÍSTICA DE CONSTRUCCIÓN: CMT
COSTO TOTAL: 1460.34
TOTAL DE RUTAS: 12
TIEMPO DE EJECUCIÓN: 455 milisegundos
 
R1[36, 46, 47, 49, 48]
R2[44, 14, 38, 86, 16, 91, 100, 42, 37, 43]
R3[70, 30, 66, 20, 51, 1, 69, 31, 10, 88]
R4[60, 83, 45, 5, 84, 17, 61, 99, 96, 93, 89, 18, 6]
R5[11, 64, 19, 62, 7, 82, 8, 90, 63, 32, 52]
R6[80, 68, 24, 29, 12, 55, 54, 26]
R7[41, 22, 15, 57, 87, 97, 85, 98, 92]
R8[77, 33, 81, 9, 71, 65, 35, 3, 79, 78]
R9[72, 23, 67, 25, 34, 50, 39, 56]
R10[73, 21, 4, 75, 74, 2, 40, 58]
R11[27, 59, 95, 13, 94, 53, 76]
R12[28]
------------------------------------------
