 
------------------------------------------
CANTIDAD DE EJECUCIONES: 100
HEURÍSTICA DE CONSTRUCCIÓN: HeuristicType.SaveSequential
COSTO TOTAL: 871.62
TOTAL DE RUTAS: 6
TIEMPO DE EJECUCIÓN: 1.4462316036224365 milisegundos
 
R1[4, 20, 70, 60, 71, 69, 36, 37, 15, 57, 13, 54, 59, 66, 65, 72, 39]
R2[73, 23, 43, 64, 42, 41, 56, 49, 24, 50, 18, 55, 25, 31, 10]
R3[33, 1, 22, 61, 21]
R4[30, 47, 5, 48, 29]
R5[7, 8, 35, 19, 53, 14, 11, 38, 58, 9, 32, 44, 3, 16, 63, 2, 28, 62, 74, 45, 27, 52]
R6[75, 68, 6, 51, 40, 12, 17, 26, 46, 34, 67]
------------------------------------------
