 
------------------------------------------
CANTIDAD DE EJECUCIONES: 100
HEURÍSTICA DE CONSTRUCCIÓN: HeuristicType.SaveSequential
COSTO TOTAL: 848.56
TOTAL DE RUTAS: 6
TIEMPO DE EJECUCIÓN: 1.489372730255127 milisegundos
 
R1[73, 23, 43, 64, 42, 41, 56, 49, 24, 50, 18, 55, 25, 31, 10, 72]
R2[63, 1, 62, 22, 61, 69, 71, 60, 70, 20, 37, 36, 47, 21, 28, 74]
R3[59, 66, 65, 38]
R4[26, 58, 11, 53]
R5[51, 33, 16, 3, 44, 32, 9, 39, 7, 8, 35, 14, 19, 54, 13, 57, 15, 5, 48, 29, 45, 27, 52, 46, 34]
R6[30, 2, 68, 6, 17, 40, 12, 4, 67, 75]
------------------------------------------
