 
------------------------------------------
CANTIDAD DE EJECUCIONES: 100
HEURÍSTICA DE CONSTRUCCIÓN: HeuristicType.SaveSequential
COSTO TOTAL: 830.76
TOTAL DE RUTAS: 6
TIEMPO DE EJECUCIÓN: 1.4565465450286865 milisegundos
 
R1[4, 20, 70, 60, 71, 69, 36, 37, 15, 57, 13, 54, 59, 66, 65, 72, 39]
R2[1, 63, 23, 43, 64, 42, 41, 56, 49, 24, 18, 55, 25, 50, 32]
R3[5, 47, 21, 61, 22]
R4[19, 53, 11, 38]
R5[7, 8, 35, 14, 58, 10, 31, 9, 44, 3, 16, 33, 73, 62, 28, 74, 30, 48, 29, 45, 27, 52, 46]
R6[75, 68, 2, 6, 51, 40, 12, 17, 26, 67, 34]
------------------------------------------
