 
------------------------------------------
CANTIDAD DE EJECUCIONES: 100
HEURÍSTICA DE CONSTRUCCIÓN: NearestNeighborWithRLC
COSTO TOTAL: 1900.48
TOTAL DE RUTAS: 3
TIEMPO DE EJECUCIÓN: 235 milisegundos
 
R1[99, 98, 100, 97, 96, 1, 95, 94, 92, 93, 2, 4, 87, 91, 85, 84, 83, 60, 18, 89, 53, 58, 76, 77, 90, 88, 69, 82, 62, 70, 80, 79, 3, 6, 59, 86, 5, 81, 33, 7, 64, 63, 71, 78, 34, 35]
R2[68, 55, 74, 75, 72, 73, 67, 57, 56, 54, 66, 20, 51, 9, 50, 52, 48, 49, 46, 61, 45, 47, 36, 11, 19, 8, 10, 65, 32, 44, 43, 42, 14, 41, 22, 39, 29, 13, 15, 38, 37, 16]
R3[27, 31, 17, 28, 26, 40, 12, 30, 25, 23, 24, 21]
------------------------------------------
