 
------------------------------------------
CANTIDAD DE EJECUCIONES: 100
HEURÍSTICA DE CONSTRUCCIÓN: NearestNeighborWithRLC
COSTO TOTAL: 1988.91
TOTAL DE RUTAS: 3
TIEMPO DE EJECUCIÓN: 242 milisegundos
 
R1[100, 1, 99, 98, 96, 95, 2, 97, 94, 93, 91, 89, 3, 92, 87, 59, 37, 88, 90, 83, 5, 6, 86, 84, 85, 82, 7, 77, 80, 4, 81, 33, 79, 76, 78, 34, 35, 9, 71, 70, 63, 69, 52, 62, 10, 8, 61]
R2[60, 58, 53, 28, 27, 50, 12, 73, 75, 74, 68, 11, 72, 57, 43, 42, 44, 14, 15, 16, 45, 17, 18, 51, 20, 66, 64, 13, 56, 23, 41, 22, 55, 39, 25, 67, 65, 19, 49, 47, 54, 26]
R3[40, 31, 48, 46, 36, 38, 30, 24, 29, 21, 32]
------------------------------------------
