 
------------------------------------------
HEURÍSTICA DE CONSTRUCCIÓN: RandomMethod
COSTO TOTAL: 14925.21
TOTAL DE RUTAS: 18
TIEMPO DE EJECUCIÓN: 0.12004590034484863
 
R1[199, 85, 48, 156, 114, 24, 189, 170, 19, 169, 75, 76]
R2[11, 38, 138, 92, 84, 163, 140, 151, 73, 184, 23, 145]
R3[96, 193, 116, 20, 197, 161, 74, 33, 5, 59]
R4[132, 3, 160, 6, 124, 93, 8, 176, 187]
R5[180, 191, 102, 137, 79, 142, 60, 136, 127, 171, 10]
R6[194, 4, 43, 154, 200, 152, 185, 86, 29, 168, 122, 159, 51]
R7[183, 68, 110, 80, 64, 155, 118, 103, 117, 107, 88]
R8[83, 95, 13, 149, 133, 173, 77, 40, 198, 192, 39, 195, 148, 22]
R9[190, 12, 125, 120, 50, 9, 109, 162, 131, 126, 128]
R10[46, 111, 53, 1, 82, 67, 87, 61, 56, 71]
R11[179, 16, 32, 115, 106, 104, 150, 112, 37, 166, 186, 157, 196, 153]
R12[143, 135, 34, 94, 15, 89, 2, 17, 165, 181, 119]
R13[182, 174, 139, 141, 121, 91, 123, 105, 108, 99, 81, 144]
R14[47, 63, 41, 62, 30, 55, 167, 100, 25]
R15[78, 188, 178, 134, 28, 175, 27, 57, 172, 98, 101, 130, 18]
R16[35, 72, 66, 70, 65, 49, 36, 58]
R17[129, 31, 45, 69, 54, 177, 21, 90, 44, 164]
R18[26, 146, 52, 147, 97, 113, 14, 7, 158, 42]
------------------------------------------
