 
------------------------------------------
HEURÍSTICA DE CONSTRUCCIÓN: RandomMethod
COSTO TOTAL: 14588.48
TOTAL DE RUTAS: 18
TIEMPO DE EJECUCIÓN: 0.14925837516784668
 
R1[16, 41, 111, 2, 107, 171, 13, 57, 9, 52, 101]
R2[7, 8, 22, 18, 119, 47, 112, 148, 85, 183]
R3[185, 23, 144, 15, 34, 37, 152, 88, 64, 128, 68]
R4[110, 147, 27, 127, 63, 142, 44, 126, 179, 175, 59]
R5[67, 117, 3, 45, 50, 140, 145, 176, 192, 78, 93]
R6[182, 184, 187, 96, 92, 125, 4, 60, 167, 124, 109, 149, 114]
R7[121, 146, 103, 51, 94, 133, 69, 10, 136, 197, 153]
R8[49, 122, 188, 141, 189, 195, 26, 97, 196, 116, 169, 14]
R9[156, 25, 106, 186, 82, 194, 198, 77, 29, 58, 46, 102, 199, 84]
R10[35, 105, 118, 134, 137, 131, 181, 168, 55, 100]
R11[33, 83, 173, 24, 180, 98, 80, 160, 130, 21, 178]
R12[54, 76, 174, 62, 120, 31, 56, 38, 53, 66]
R13[28, 81, 90, 190, 154, 164, 30, 193, 74, 115, 138]
R14[65, 72, 108, 32, 87, 135, 91, 5, 155]
R15[42, 162, 20, 200, 17, 40, 113, 19, 39]
R16[79, 166, 150, 70, 161, 89, 11, 6, 143, 12, 1, 159]
R17[177, 99, 95, 132, 157, 165, 43, 172, 73, 151, 36, 163]
R18[104, 48, 123, 75, 129, 71, 191, 170, 86, 158, 139, 61]
------------------------------------------
