 
------------------------------------------
HEURÍSTICA DE CONSTRUCCIÓN: RandomMethod
COSTO TOTAL: 14877.39
TOTAL DE RUTAS: 18
TIEMPO DE EJECUCIÓN: 0.12328433990478516
 
R1[61, 31, 89, 58, 164, 117, 25, 114, 29, 65, 199, 74, 46]
R2[103, 106, 188, 127, 176, 115, 26, 24, 131, 40, 34]
R3[101, 88, 128, 5, 172, 130, 126, 135, 92, 28, 142, 73]
R4[141, 124, 32, 2, 13, 54, 53, 153, 193, 6, 20, 77, 200]
R5[94, 41, 50, 189, 181, 57, 1, 30, 173, 169, 49]
R6[75, 119, 36, 151, 134, 43, 190, 102, 107]
R7[171, 38, 95, 122, 162, 72, 110, 157, 161, 121]
R8[16, 35, 163, 4, 51, 14, 186, 125, 90, 155, 183, 83, 82, 133, 166, 99]
R9[10, 198, 191, 3, 179, 132, 180, 100, 111]
R10[104, 147, 70, 97, 148, 9, 33, 138, 68]
R11[139, 27, 146, 98, 96, 116, 120, 62, 71, 192, 144]
R12[59, 145, 177, 48, 174, 17, 63, 152, 129, 84, 165, 105]
R13[66, 91, 39, 8, 45, 19, 22, 76, 136, 175]
R14[140, 37, 167, 55, 23, 178, 194, 150, 156, 113]
R15[197, 196, 195, 143, 154, 109, 159, 78, 7, 187, 137, 81]
R16[69, 42, 15, 112, 52, 86, 12, 184, 64, 160]
R17[123, 170, 56, 149, 158, 80, 47, 182, 60, 93, 185, 18]
R18[44, 108, 85, 168, 118, 67, 21, 87, 11, 79]
------------------------------------------
