 
------------------------------------------
HEURÍSTICA DE CONSTRUCCIÓN: SaveSequential
COSTO TOTAL: 697.56
TOTAL DE RUTAS: 3
TIEMPO DE EJECUCIÓN: 1.22408127784729
 
R1[73, 1, 62, 28, 21, 47, 36, 37, 20, 70, 60, 71, 69, 61, 22, 64, 42, 41, 43, 56, 23, 49, 24, 18, 55, 25, 50, 32, 9, 72]
R2[8, 35, 19, 14, 53, 58, 39, 31, 10, 38, 11, 65, 66, 59, 54, 52, 13, 57, 15, 5, 48, 29, 45, 27]
R3[75, 4, 34, 46, 7, 12, 40, 44, 3, 16, 63, 33, 2, 74, 30, 68, 6, 51, 17, 26, 67]
------------------------------------------
