 
------------------------------------------
CANTIDAD DE EJECUCIONES: 100
HEURÍSTICA DE CONSTRUCCIÓN: RandomMethod
COSTO TOTAL: 3166.05
TOTAL DE RUTAS: 3
TIEMPO DE EJECUCIÓN: 37 milisegundos
 
R1[22, 57, 7, 15, 72, 78, 69, 58, 38, 91, 89, 86, 49, 8, 82, 28, 2, 99, 46, 70, 68, 31, 95, 4, 56, 76, 9, 17, 29, 6, 5, 65, 35, 92, 14, 44, 3, 80, 84, 62, 42, 19, 55, 50, 73, 67, 13]
R2[66, 81, 25, 26, 36, 75, 85, 98, 79, 63, 33, 61, 11, 39, 83, 23, 54, 12, 21, 60, 93, 41, 24, 51, 1, 30, 71, 34, 27, 18, 64, 40, 96, 10, 94, 48, 52, 20, 37, 43, 100]
R3[59, 45, 77, 47, 53, 97, 16, 87, 88, 32, 90, 74]
------------------------------------------
