 
------------------------------------------
CANTIDAD DE EJECUCIONES: 100
HEURÍSTICA DE CONSTRUCCIÓN: RandomMethod
COSTO TOTAL: 3114.41
TOTAL DE RUTAS: 3
TIEMPO DE EJECUCIÓN: 47 milisegundos
 
R1[83, 6, 17, 84, 21, 71, 23, 72, 56, 62, 65, 81, 95, 20, 5, 37, 43, 63, 90, 64, 88, 99, 46, 91, 52, 54, 25, 76, 75, 80, 50, 74, 47, 34, 55, 86, 68, 32, 87, 15, 29, 24, 85, 40, 59]
R2[44, 10, 57, 1, 69, 33, 3, 7, 13, 2, 26, 28, 73, 97, 19, 42, 9, 22, 94, 4, 78, 45, 48, 36, 79, 77, 31, 39, 66, 61, 41, 27, 100, 96, 38, 49, 18, 89, 92, 53, 82, 16, 8]
R3[58, 14, 98, 12, 11, 70, 35, 30, 51, 60, 93, 67]
------------------------------------------
