 
------------------------------------------
CANTIDAD DE EJECUCIONES: 100
HEURÍSTICA DE CONSTRUCCIÓN: RandomMethod
COSTO TOTAL: 3211.77
TOTAL DE RUTAS: 3
TIEMPO DE EJECUCIÓN: 40 milisegundos
 
R1[54, 32, 25, 58, 80, 34, 17, 82, 2, 68, 84, 38, 44, 26, 29, 1, 59, 46, 88, 66, 76, 14, 86, 71, 51, 55, 77, 69, 8, 83, 94, 70, 37, 64, 49, 63, 85, 18, 47, 79, 22]
R2[30, 72, 15, 57, 42, 78, 9, 13, 60, 50, 62, 56, 65, 89, 45, 98, 19, 4, 99, 97, 24, 96, 61, 92, 11, 67, 28, 90, 81, 35, 20, 87, 16, 41, 7, 10, 39, 36, 6, 31, 5, 93, 43, 40, 52, 95]
R3[48, 75, 21, 73, 27, 3, 53, 33, 74, 100, 91, 12, 23]
------------------------------------------
