Antes de iniciar JVM
Antes de llamar a Controller
Antes de apagar la JVM
FIN
 
------------------------------------------
HEURÍSTICA DE CONSTRUCCIÓN: NearestNeighborWithRLC
COSTO TOTAL: 19095.51
TOTAL DE RUTAS: 36
TIEMPO DE EJECUCIÓN: 3.4053683280944824
 
R1[2, 7, 1, 5, 4]
R2[6, 8, 12, 13, 3, 10]
R3[11, 9, 15, 16, 18, 20, 21, 26, 28, 29, 23, 31, 17]
R4[19, 14, 22, 24, 37, 36, 34, 27, 39, 32, 30, 25, 33, 38, 40, 35]
R5[45, 42, 44, 43, 46]
R6[48, 47, 50, 41, 55, 53]
R7[52, 51, 54, 56, 49, 61, 63, 60, 58, 69, 66]
R8[57, 68, 62, 59, 74, 76, 77, 71, 79, 64, 67, 72, 70, 75, 78, 65, 73, 80]
R9[85, 84, 81, 87, 86]
R10[82, 90, 83, 92, 88, 89]
R11[91, 94, 95, 93, 96, 101, 100, 106, 98, 109, 108, 111]
R12[97, 99, 104, 103, 102, 116, 114, 119, 107, 110, 117, 105, 112, 113, 120, 118, 115]
R13[124, 122, 121, 127, 123]
R14[126, 130, 125, 132, 133, 129]
R15[128, 135, 136, 131, 134, 138, 143, 140, 148, 149]
R16[146, 151, 141, 139, 142, 144, 154, 157, 137, 156, 147, 145, 159, 153, 155, 150, 158, 160, 152]
R17[162, 164, 165, 167, 161]
R18[168, 170, 166, 172, 175, 173]
R19[169, 163, 171, 174, 180, 178, 176, 183, 186, 188]
R20[191, 189, 179, 182, 184, 177, 181, 197, 194, 196, 199, 187, 190, 185, 193, 195, 200, 192, 198]
R21[202, 204, 201, 203, 205]
R22[206, 208, 212, 207, 213, 209]
R23[211, 210, 215, 214, 216, 218, 220, 223, 228, 229, 231, 226]
R24[221, 222, 217, 234, 236, 224, 219, 237, 239, 225, 232, 230, 233, 227, 240, 238, 235]
R25[244, 242, 241, 245, 247]
R26[243, 246, 248, 252, 253, 250]
R27[255, 249, 251, 256, 254, 260, 261, 266, 263, 268, 271, 269]
R28[258, 259, 264, 257, 274, 277, 262, 276, 265, 270, 279, 267, 273, 272, 275, 278, 280]
R29[282, 285, 284, 283, 286]
R30[288, 281, 287, 290, 292, 295]
R31[291, 294, 296, 298, 293, 301, 303, 300, 308, 306, 289]
R32[311, 297, 302, 309, 304, 299, 314, 316, 317, 319, 307, 305, 310, 313, 315, 318, 312, 320]
R33[324, 325, 322, 321, 323]
R34[327, 330, 326, 332, 333, 328]
R35[331, 335, 334, 338, 336, 341, 329, 340, 346, 343, 349]
R36[348, 337, 351, 342, 354, 339, 357, 359, 344, 345, 356, 350, 352, 347, 355, 353, 358, 360]
------------------------------------------
