Antes de iniciar JVM
Antes de llamar a Controller
Antes de apagar la JVM
FIN
 
------------------------------------------
HEURÍSTICA DE CONSTRUCCIÓN: NearestNeighborWithRLC
COSTO TOTAL: 19353.44
TOTAL DE RUTAS: 36
TIEMPO DE EJECUCIÓN: 3.318530559539795
 
R1[4, 2, 5, 3, 1]
R2[8, 6, 7, 13, 15, 9]
R3[12, 10, 14, 16, 18, 11, 23, 26, 20, 29, 28, 31]
R4[17, 19, 24, 21, 22, 36, 37, 25, 27, 39, 34, 33, 32, 38, 40, 30, 35]
R5[42, 47, 44, 45, 41]
R6[48, 43, 50, 46, 52, 49]
R7[51, 53, 56, 54, 55, 60, 63, 61, 58, 66, 69]
R8[68, 59, 62, 57, 64, 74, 71, 76, 79, 77, 65, 70, 67, 73, 75, 72, 78, 80]
R9[82, 85, 87, 81, 86]
R10[84, 83, 88, 90, 92, 93]
R11[95, 91, 89, 96, 98, 94, 101, 100, 108, 103, 109]
R12[111, 106, 97, 99, 104, 116, 114, 117, 105, 119, 102, 112, 113, 115, 107, 118, 120, 110]
R13[122, 125, 121, 127, 126]
R14[123, 124, 130, 132, 135, 129]
R15[128, 133, 136, 134, 138, 141, 140, 146, 131]
R16[143, 151, 137, 149, 142, 139, 144, 154, 157, 156, 159, 148, 150, 147, 145, 153, 155, 160, 158, 152]
R17[165, 164, 162, 163, 161]
R18[166, 170, 168, 173, 167, 172]
R19[171, 169, 175, 176, 180, 181, 183, 186, 178, 188, 191, 177]
R20[179, 174, 184, 182, 196, 197, 194, 189, 187, 190, 185, 193, 192, 199, 200, 195, 198]
R21[205, 207, 204, 203, 202]
R22[208, 206, 201, 213, 210, 209]
R23[212, 214, 215, 216, 211, 218, 220, 221, 223, 228, 231]
R24[217, 226, 222, 229, 219, 224, 237, 234, 239, 236, 225, 232, 227, 233, 238, 235, 240, 230]
R25[245, 244, 247, 242, 246]
R26[241, 248, 252, 243, 253, 255]
R27[250, 254, 249, 258, 251, 256, 260, 263, 268, 266, 269]
R28[261, 271, 259, 257, 264, 262, 276, 277, 274, 267, 265, 279, 273, 275, 270, 278, 272, 280]
R29[282, 287, 285, 284, 283]
R30[288, 290, 281, 292, 295, 289]
R31[286, 294, 296, 298, 291, 301, 300, 303, 306, 308]
R32[293, 297, 309, 311, 299, 302, 314, 316, 304, 317, 307, 310, 305, 313, 315, 312, 318, 319, 320]
R33[325, 327, 321, 323, 322]
R34[324, 328, 326, 332, 335, 330]
R35[331, 333, 334, 338, 329, 341, 343, 336, 340, 348, 351]
R36[337, 346, 349, 344, 339, 356, 342, 359, 354, 345, 350, 352, 357, 353, 358, 355, 360, 347]
------------------------------------------
