Antes de iniciar JVM
Antes de llamar a Controller
Antes de apagar la JVM
FIN
 
------------------------------------------
HEURÍSTICA DE CONSTRUCCIÓN: NearestNeighborWithRLC
COSTO TOTAL: 19129.81
TOTAL DE RUTAS: 36
TIEMPO DE EJECUCIÓN: 3.481840133666992
 
R1[2, 5, 4, 1, 6]
R2[8, 3, 7, 10, 13, 12]
R3[11, 15, 14, 9, 16, 21, 18, 20, 28, 23, 31]
R4[17, 26, 22, 29, 34, 36, 24, 39, 25, 19, 27, 30, 32, 37, 33, 38, 40, 35]
R5[45, 42, 44, 41, 47]
R6[46, 43, 50, 52, 53, 49]
R7[51, 48, 55, 58, 54, 61, 63, 66, 68, 56]
R8[60, 57, 69, 59, 71, 74, 64, 77, 76, 79, 67, 62, 65, 70, 72, 75, 80, 78, 73]
R9[84, 82, 81, 85, 87]
R10[86, 88, 92, 83, 93, 90]
R11[91, 89, 94, 95, 100, 96, 103, 106, 108, 101, 111]
R12[97, 109, 99, 104, 102, 98, 117, 114, 105, 107, 110, 116, 113, 112, 118, 119, 120, 115]
R13[124, 125, 127, 123, 122]
R14[126, 128, 130, 133, 121, 129]
R15[132, 135, 134, 136, 140, 141, 131, 146, 143, 138, 149]
R16[137, 151, 142, 139, 144, 156, 157, 154, 148, 159, 147, 145, 152, 150, 158, 155, 153, 160]
R17[164, 165, 167, 162, 161]
R18[168, 163, 170, 172, 166, 169]
R19[175, 173, 171, 176, 174, 181, 180, 186, 188, 178, 191]
R20[177, 189, 183, 182, 184, 194, 196, 199, 197, 187, 190, 179, 185, 193, 198, 192, 195, 200]
R21[202, 204, 205, 207, 201]
R22[203, 210, 208, 213, 212, 209]
R23[206, 214, 216, 215, 218, 220, 221, 226, 228, 229]
R24[211, 223, 231, 219, 224, 234, 217, 236, 239, 237, 225, 222, 232, 227, 235, 233, 238, 230, 240]
R25[245, 247, 241, 243, 244]
R26[242, 250, 248, 246, 253, 255]
R27[251, 249, 256, 254, 260, 258, 252, 266, 268, 263, 261]
R28[269, 271, 257, 264, 262, 276, 259, 279, 277, 267, 265, 272, 273, 270, 278, 274, 275, 280]
R29[285, 287, 281, 282, 286]
R30[288, 283, 292, 293, 295, 289]
R31[290, 294, 291, 284, 300, 296, 303, 301, 298]
R32[308, 306, 297, 299, 309, 302, 314, 311, 304, 317, 305, 307, 310, 319, 312, 313, 316, 320, 315, 318]
R33[324, 322, 321, 323, 325]
R34[326, 327, 328, 333, 330, 332]
R35[329, 334, 335, 336, 340, 331, 338, 341, 348, 343, 349]
R36[351, 337, 346, 344, 339, 356, 342, 357, 345, 347, 354, 352, 353, 355, 359, 358, 360, 350]
------------------------------------------
