Antes de iniciar JVM
Antes de llamar a Controller
Antes de apagar la JVM
FIN
 
------------------------------------------
HEURÍSTICA DE CONSTRUCCIÓN: NearestNeighborWithRLC
COSTO TOTAL: 18894.27
TOTAL DE RUTAS: 36
TIEMPO DE EJECUCIÓN: 3.374932050704956
 
R1[4, 7, 1, 5, 6]
R2[3, 2, 12, 8, 10, 13]
R3[11, 9, 14, 16, 20, 21, 15, 18, 23, 29, 31]
R4[17, 26, 22, 24, 28, 36, 34, 39, 37, 27, 30, 32, 19, 35, 33, 25, 40, 38]
R5[44, 47, 41, 45, 43]
R6[46, 48, 52, 50, 42, 49]
R7[51, 54, 56, 53, 60, 55, 63, 58, 61, 68, 71]
R8[66, 57, 69, 62, 64, 76, 77, 74, 65, 67, 79, 70, 73, 72, 59, 75, 78, 80]
R9[84, 85, 82, 83, 86]
R10[87, 90, 92, 81, 93, 88]
R11[95, 89, 96, 94, 98, 101, 100, 91, 106, 103, 111]
R12[109, 108, 99, 102, 104, 116, 114, 117, 97, 105, 107, 112, 113, 110, 115, 119, 118, 120]
R13[124, 122, 125, 123, 121]
R14[126, 127, 128, 132, 135, 130]
R15[133, 131, 134, 136, 138, 141, 140, 146, 143, 148, 129]
R16[137, 151, 149, 144, 154, 139, 142, 159, 157, 156, 145, 147, 153, 155, 152, 150, 158, 160]
R17[164, 162, 167, 163, 161]
R18[165, 168, 172, 173, 170, 169]
R19[166, 174, 171, 176, 178, 175, 181, 180, 188, 189]
R20[191, 183, 186, 179, 177, 182, 194, 196, 199, 184, 187, 185, 190, 197, 193, 198, 195, 200, 192]
R21[205, 207, 202, 203, 204]
R22[206, 201, 212, 210, 213, 208]
R23[211, 215, 216, 218, 220, 214, 223, 209, 226, 221, 229]
R24[231, 228, 217, 222, 219, 234, 237, 239, 224, 225, 236, 230, 227, 233, 235, 238, 232, 240]
R25[244, 247, 242, 243, 246]
R26[248, 250, 252, 253, 241, 255]
R27[245, 254, 256, 251, 260, 261, 258, 249, 268, 269]
R28[266, 271, 263, 262, 259, 264, 274, 277, 276, 279, 265, 257, 270, 272, 267, 273, 278, 280, 275]
R29[284, 285, 282, 283, 281]
R30[288, 286, 287, 292, 293, 290]
R31[295, 291, 294, 296, 298, 300, 301, 289, 306, 308, 311]
R32[303, 297, 299, 309, 304, 302, 314, 316, 305, 319, 317, 307, 312, 315, 313, 320, 318, 310]
R33[324, 327, 321, 322, 325]
R34[323, 330, 328, 332, 333, 326]
R35[335, 329, 331, 338, 340, 341, 336, 346, 334, 343, 349]
R36[348, 351, 339, 337, 354, 344, 357, 359, 345, 356, 342, 350, 353, 355, 347, 360, 358, 352]
------------------------------------------
