Antes de iniciar JVM
Antes de llamar a Controller
Antes de apagar la JVM
FIN
 
------------------------------------------
HEURÍSTICA DE CONSTRUCCIÓN: NearestNeighborWithRLC
COSTO TOTAL: 19224.24
TOTAL DE RUTAS: 36
TIEMPO DE EJECUCIÓN: 3.447441339492798
 
R1[4, 2, 5, 7, 6]
R2[8, 10, 3, 12, 13, 1]
R3[15, 14, 16, 9, 20, 11, 23, 26, 21, 29, 31, 28]
R4[18, 17, 22, 24, 19, 36, 39, 37, 25, 30, 32, 34, 27, 38, 33, 40, 35]
R5[45, 44, 41, 43, 47]
R6[46, 50, 48, 53, 52, 42]
R7[55, 51, 54, 58, 49, 60, 63, 61, 68, 56, 69]
R8[57, 59, 62, 66, 74, 64, 71, 77, 79, 67, 76, 65, 70, 75, 78, 72, 80, 73]
R9[82, 84, 85, 87, 83]
R10[88, 81, 92, 86, 93, 89]
R11[95, 94, 91, 96, 90, 101, 98, 100, 103, 109, 111]
R12[106, 108, 97, 104, 102, 114, 117, 116, 105, 119, 99, 110, 107, 115, 118, 120, 113, 112]
R13[125, 122, 124, 121, 126]
R14[123, 127, 128, 130, 132, 129]
R15[131, 133, 135, 138, 136, 140, 143, 134, 148, 146, 149, 151]
R16[141, 139, 137, 154, 144, 142, 159, 145, 156, 157, 152, 147, 153, 155, 160, 150, 158]
R17[165, 167, 161, 162, 163]
R18[168, 166, 170, 173, 172, 169]
R19[164, 171, 176, 178, 180, 175, 181, 174, 186]
R20[183, 188, 189, 191, 182, 177, 179, 194, 184, 199, 196, 185, 190, 187, 197, 195, 193, 192, 198, 200]
R21[202, 204, 205, 201, 203]
R22[208, 207, 212, 213, 210, 206]
R23[209, 214, 216, 215, 211, 218, 220, 221, 223, 229, 226]
R24[217, 228, 219, 222, 224, 234, 236, 231, 237, 227, 239, 232, 233, 235, 230, 225, 238, 240]
R25[244, 247, 245, 243, 242]
R26[248, 250, 241, 252, 255, 246]
R27[253, 251, 254, 256, 260, 258, 249, 261, 263, 269, 271]
R28[268, 259, 257, 266, 264, 274, 276, 277, 262, 265, 267, 272, 270, 279, 278, 273, 280, 275]
R29[285, 284, 287, 283, 282]
R30[288, 286, 290, 292, 281, 289]
R31[293, 295, 294, 291, 298, 300, 301, 303, 306, 308, 311]
R32[296, 297, 309, 299, 304, 302, 314, 317, 305, 316, 319, 310, 313, 315, 312, 318, 320, 307]
R33[324, 322, 325, 321, 323]
R34[327, 326, 332, 333, 328, 335]
R35[331, 334, 329, 330, 338, 336, 341, 340, 346, 349, 351]
R36[337, 348, 339, 342, 343, 344, 357, 356, 345, 354, 359, 347, 353, 352, 355, 358, 350, 360]
------------------------------------------
