Antes de iniciar JVM
Antes de llamar a Controller
Antes de apagar la JVM
FIN
 
------------------------------------------
HEURÍSTICA DE CONSTRUCCIÓN: NearestNeighborWithRLC
COSTO TOTAL: 18797.32
TOTAL DE RUTAS: 36
TIEMPO DE EJECUCIÓN: 3.342780828475952
 
R1[4, 5, 2, 3, 7]
R2[6, 8, 12, 13, 1, 10]
R3[11, 15, 14, 16, 20, 9, 18, 26, 21, 23, 29]
R4[31, 28, 17, 19, 34, 36, 22, 39, 37, 27, 30, 24, 25, 33, 38, 32, 40, 35]
R5[45, 47, 42, 44, 43]
R6[48, 41, 46, 52, 53, 55]
R7[49, 51, 56, 54, 60, 58, 63, 66, 50, 61, 69]
R8[71, 57, 68, 59, 62, 76, 74, 79, 77, 67, 64, 65, 73, 70, 72, 78, 75, 80]
R9[85, 87, 82, 81, 84]
R10[83, 90, 92, 86, 95, 93]
R11[91, 88, 89, 96, 94, 98, 100, 106, 103, 109]
R12[101, 111, 108, 99, 104, 114, 97, 117, 116, 102, 105, 107, 110, 112, 113, 118, 119, 120, 115]
R13[125, 122, 127, 121, 124]
R14[128, 123, 130, 126, 135, 132]
R15[129, 131, 136, 134, 138, 141, 140, 133, 148, 146, 149, 151]
R16[137, 142, 144, 143, 154, 156, 159, 157, 145, 147, 139, 153, 155, 158, 152, 160, 150]
R17[164, 162, 161, 167, 163]
R18[165, 170, 166, 173, 172, 169]
R19[175, 168, 174, 178, 176, 171, 181, 180, 188]
R20[183, 189, 177, 179, 186, 182, 191, 194, 197, 199, 196, 187, 184, 192, 190, 193, 195, 185, 200, 198]
R21[202, 207, 201, 204, 205]
R22[203, 210, 212, 208, 213, 206]
R23[215, 214, 216, 218, 209, 220, 223, 221, 226, 228, 211]
R24[229, 231, 222, 219, 217, 224, 237, 234, 236, 227, 225, 239, 232, 233, 230, 240, 238, 235]
R25[242, 245, 241, 247, 246]
R26[243, 250, 248, 252, 253, 249]
R27[251, 244, 255, 258, 260, 261, 256, 254, 263]
R28[266, 271, 257, 268, 262, 259, 274, 264, 269, 279, 276, 267, 277, 265, 273, 275, 272, 280, 270, 278]
R29[285, 287, 284, 281, 286]
R30[282, 283, 290, 293, 288, 295]
R31[292, 294, 296, 289, 291, 301, 300, 306, 303, 298, 309]
R32[311, 297, 299, 302, 308, 314, 317, 319, 316, 304, 310, 307, 312, 313, 318, 305, 315, 320]
R33[322, 324, 321, 327, 323]
R34[326, 330, 325, 333, 335, 332]
R35[329, 331, 328, 338, 334, 340, 336, 346, 343, 349]
R36[351, 348, 341, 339, 337, 342, 344, 357, 356, 359, 354, 347, 350, 352, 355, 353, 345, 358, 360]
------------------------------------------
