 
------------------------------------------
CANTIDAD DE EJECUCIONES: 100
HEURÍSTICA DE CONSTRUCCIÓN: HeuristicType.KilbyAlgorithm
COSTO TOTAL: 31881.07
TOTAL DE RUTAS: 5
TIEMPO DE EJECUCIÓN: 64.59247374534607 milisegundos
 
R1[1, 10, 12, 9, 18, 20, 17, 26, 28, 280, 222, 299, 215, 293, 214, 291, 296, 272, 206, 283, 207, 285, 288, 301, 223, 307, 230, 315, 238, 309, 231, 33, 317, 239, 25, 36, 34, 204, 282, 264, 212, 290, 287, 220, 298, 295, 228, 306, 303, 236, 314, 311, 201, 281, 202, 284, 286, 277, 279, 256, 269, 271, 210, 292, 209, 289, 294, 261, 263, 248, 253, 255, 218, 300, 217, 297, 302, 245, 247, 226, 308, 243, 246, 225, 305, 310]
R2[3, 13, 11, 21, 19, 29, 37, 27, 156, 35, 148, 153, 240, 145, 232, 140, 198, 137, 224, 132, 129, 216, 134, 190, 121, 208, 124, 126, 122, 205, 182, 130, 213, 127, 138, 221, 135, 146, 229, 143, 154, 237, 151, 123, 157, 184, 177, 152, 176, 169, 227, 147, 203, 125, 128, 196, 199, 174, 188, 191, 133, 131, 211, 136, 180, 183, 166, 172, 175, 141, 139, 219, 144, 164, 167, 149, 161, 168, 147, 162, 165, 185, 192, 155, 235, 163]
R3[4, 6, 7, 15, 14, 23, 22, 31, 39, 30, 74, 38, 66, 320, 73, 312, 65, 58, 304, 355, 352, 318, 313, 345, 270, 79, 327, 324, 244, 344, 337, 262, 336, 316, 70, 329, 254, 328, 321, 71, 325, 322, 62, 63, 333, 330, 323, 341, 338, 54, 55, 349, 346, 331, 357, 354, 47, 46, 76, 319, 68, 60, 57, 50, 49, 347, 41, 42, 339, 44, 52, 60, 353, 326, 78, 252, 332, 335, 360, 260, 340, 343, 334, 268, 348, 351, 276, 356, 359, 342, 350, 358]
R4[2, 251, 259, 242, 267, 233, 193, 275, 241, 257, 179, 274, 194, 266, 186, 249, 171, 258, 178, 250, 170, 187, 265, 195, 273]
R5[5, 8, 16, 24, 32, 40, 158, 75, 150, 67, 142, 113, 59, 51, 105, 43, 97, 45, 53, 61, 69, 159, 77, 101, 118, 95, 173, 93, 80, 88, 200, 115, 110, 160, 107, 87, 85, 48, 114, 116, 89, 106, 108, 56, 98, 100, 81, 90, 92, 64, 82, 84, 83, 86, 91, 72, 94, 99, 102, 85, 103, 96, 109, 189, 111, 117, 197, 119, 104, 112, 120]
------------------------------------------
