 
------------------------------------------
CANTIDAD DE EJECUCIONES: 100
HEURÍSTICA DE CONSTRUCCIÓN: HeuristicType.Sweep
COSTO TOTAL: 44407.11
TOTAL DE RUTAS: 3
TIEMPO DE EJECUCIÓN: 40.331146478652954 milisegundos
 
R1[305, 15, 304, 103, 146, 113, 233, 164, 280, 306, 22, 235, 183, 16, 354, 307, 78, 204, 9, 190, 86, 260, 182, 75, 316, 268, 222, 188, 142, 193, 1, 80, 162, 8, 198, 33, 68, 195, 121, 67, 52, 95, 132, 277, 145, 26, 358, 290, 115, 167, 25, 237, 265, 20, 37, 261, 325, 43, 302, 246, 351, 241, 205, 27, 266, 130, 194, 293, 38, 294, 49, 148, 13, 166, 34, 112, 292, 104, 117, 141, 288, 256, 165, 4, 245, 243, 209, 85, 51, 330, 357, 220, 185, 58]
R2[291, 242, 160, 274, 285, 82, 208, 36, 143, 70, 174, 133, 161, 226, 229, 73, 96, 129, 48, 180, 64, 138, 313, 255, 211, 232, 163, 295, 88, 276, 308, 181, 172, 45, 79, 72, 343, 207, 231, 56, 31, 47, 184, 327, 217, 355, 240, 334, 10, 171, 350, 65, 297, 263, 147, 126, 154, 24, 84, 89, 124, 225, 284, 342, 329, 287, 254, 17, 19, 320, 98, 35, 278, 152, 315, 42, 77, 352, 264, 157, 309, 273, 247, 323, 321, 119, 108, 347]
R3[216, 322, 30, 144, 175, 250, 125, 360, 159, 107, 53, 128, 203, 275, 97, 270, 201, 252, 50, 336, 279, 110, 214, 192, 248, 44, 319, 335, 106, 341, 332, 168, 249, 69, 344, 63, 262, 210, 169, 340, 123, 41, 303, 221, 40, 178, 118, 158, 91, 76, 253, 348, 328, 251, 12, 218, 212, 314, 337, 359, 289, 11, 109, 74, 286, 94, 139, 311, 257, 238, 189, 140, 60, 39, 135, 228, 301, 3, 57, 282, 219, 116, 62, 324, 339, 310, 224, 5]
------------------------------------------
