 
------------------------------------------
HEURÍSTICA DE CONSTRUCCIÓN: CMT
COSTO TOTAL: 16650.47
TOTAL DE RUTAS: 5
 
R1[139, 157, 149, 133, 125, 123, 122, 127, 135, 128, 136, 115, 144, 152, 151, 159, 126, 107, 160, 141, 131, 147, 155, 200, 143, 130, 124, 134, 132, 142, 114, 192, 138, 121, 146, 150, 140, 99, 184, 129, 154, 148, 197, 106]
R2[72, 80, 118, 111, 93, 98, 105, 113, 158, 97, 69, 91, 109, 88, 103, 100, 81, 116, 108, 82, 84, 89, 83, 117, 104, 112, 120, 119, 110, 102, 94, 64, 56, 48, 45, 43, 40, 71, 55, 63, 79, 92, 87, 101, 96, 95, 86, 85, 90, 77, 67, 53, 75, 59, 61, 51, 47, 42, 50, 58, 66, 32, 74, 39, 31, 23, 46, 44, 41, 24]
R3[352, 344, 349, 62, 341, 336, 351, 359, 358, 350, 342, 335, 334, 337, 338, 331, 68, 54, 70, 78, 360, 343, 340, 348, 356, 332, 326, 327, 328, 325, 324, 333, 321, 322, 323, 357, 76, 60, 345, 339, 346, 52, 302, 294, 320, 303, 329, 330, 73, 312, 304, 355, 65, 38, 295, 311, 57, 49, 319, 310, 347, 354, 318, 353, 316, 308, 286, 300, 296, 287, 292, 288, 284, 30, 281, 285, 289, 282, 293, 297, 283, 22, 301, 305, 290, 313, 309, 278, 298, 317, 291, 14, 36, 306]
R4[182, 187, 218, 185, 307, 269, 267, 275, 217, 299, 248, 233, 259, 251, 261, 256, 236, 263, 255, 244, 254, 270, 276, 268, 257, 265, 273, 274, 266, 258, 241, 260, 249, 252, 245, 271, 279, 247, 314, 253, 186, 277, 264, 220, 280, 219, 315, 225, 234, 194, 210, 163, 170, 173, 235, 227, 179, 171, 226, 193, 189, 195, 178, 181, 272, 262, 246, 242, 250, 243, 228, 209, 177, 201, 212, 162, 165, 238, 211, 202, 176, 169, 204, 33, 230, 203, 161, 168, 222, 214, 206, 28, 25, 221, 229]
R5[8, 27, 35, 239, 231, 153, 145, 240, 190, 216, 223, 232, 180, 175, 167, 166, 191, 183, 199, 174, 196, 164, 172, 188, 237, 213, 205, 208, 207, 215, 224, 198, 137, 156, 34, 17, 37, 26, 19, 29, 18, 20, 9, 11, 21, 10, 12, 15, 2, 6, 3, 13, 16, 1, 4, 7, 5]
------------------------------------------
