 
------------------------------------------
CANTIDAD DE EJECUCIONES: 100
HEURÍSTICA DE CONSTRUCCIÓN: HeuristicType.SaveSequential
COSTO TOTAL: 694.66
TOTAL DE RUTAS: 3
TIEMPO DE EJECUCIÓN: 1.3499531745910645 milisegundos
 
R1[73, 1, 62, 28, 21, 47, 36, 37, 20, 70, 60, 71, 69, 61, 22, 64, 42, 41, 43, 56, 23, 49, 24, 18, 55, 25, 50, 32, 9, 39, 72]
R2[33, 2, 74, 48, 5, 15, 57, 13, 54, 59, 66, 65, 11, 38, 10, 31, 58, 53, 14, 19, 35, 8, 7]
R3[75, 68, 6, 51, 17, 12, 40, 44, 3, 16, 63, 30, 45, 29, 27, 52, 46, 34, 4, 67, 26]
------------------------------------------
