 
------------------------------------------
CANTIDAD DE EJECUCIONES: 100
HEURÍSTICA DE CONSTRUCCIÓN: HeuristicType.SaveSequential
COSTO TOTAL: 703.96
TOTAL DE RUTAS: 3
TIEMPO DE EJECUCIÓN: 1.3584442138671875 milisegundos
 
R1[72, 39, 9, 32, 50, 25, 55, 18, 24, 49, 23, 56, 43, 41, 42, 64, 22, 61, 69, 71, 60, 70, 20, 37, 36, 47, 21, 28, 62, 1, 73]
R2[35, 8, 52, 27, 45, 29, 48, 5, 15, 57, 13, 54, 19, 53, 14, 59, 66, 65, 11, 38, 10, 31, 58, 3]
R3[75, 6, 51, 17, 12, 40, 44, 16, 63, 33, 2, 74, 30, 68, 4, 34, 46, 7, 26, 67]
------------------------------------------
