 
------------------------------------------
CANTIDAD DE EJECUCIONES: 100
HEURÍSTICA DE CONSTRUCCIÓN: HeuristicType.NearestNeighborWithRLC
COSTO TOTAL: 13854.8
TOTAL DE RUTAS: 17
TIEMPO DE EJECUCIÓN: 0.2698245048522949 milisegundos
 
R1[179, 175, 200, 199, 178, 198, 155, 197, 196, 195, 194, 173, 193]
R2[113, 162, 154, 109, 149, 192, 107, 146, 139, 78]
R3[191, 67, 190, 189, 45, 131, 39, 17, 122, 2, 188, 184, 187]
R4[120, 183, 185, 110, 181, 102, 182, 180, 101, 176]
R5[172, 100, 99, 177, 169, 168, 167, 170, 90, 76, 166, 164]
R6[165, 163, 161, 159, 74, 160, 156, 158, 73, 68, 157]
R7[152, 64, 153, 62, 150, 148, 151, 147, 145, 61, 143, 44]
R8[144, 141, 142, 138, 140, 135, 137, 43, 30, 136, 134, 133]
R9[27, 132, 130, 129, 126, 124, 24, 128, 123, 20, 121]
R10[119, 125, 13, 117, 11, 6, 1, 116, 118, 112, 111, 114]
R11[105, 108, 103, 96, 97, 93, 95, 92, 106, 89, 91, 85]
R12[83, 104, 98, 80, 77, 87, 81, 79, 72, 84, 70, 82]
R13[75, 71, 59, 69, 57, 63, 66, 55, 58]
R14[60, 56, 54, 48, 52, 50, 49, 47, 41]
R15[40, 37, 46, 36, 35, 53, 38, 33, 31, 28, 34]
R16[29, 26, 42, 19, 25, 22, 32, 23, 16, 15, 14, 9]
R17[21, 5, 4, 3, 18, 7, 10, 12, 51, 174, 171]
------------------------------------------
