 
------------------------------------------
CANTIDAD DE EJECUCIONES: 100
HEURÍSTICA DE CONSTRUCCIÓN: HeuristicType.KilbyAlgorithm
COSTO TOTAL: 6305.32
TOTAL DE RUTAS: 50
TIEMPO DE EJECUCIÓN: 17.169320106506348 milisegundos
 
R1[32, 70, 160, 189, 147, 103, 148, 124, 197, 136]
R2[4, 121, 108, 176, 143, 118, 72, 82, 125, 83, 57, 125]
R3[23, 130, 59, 105, 89, 198, 169, 92, 52, 195, 75]
R4[47, 116, 91, 164, 73, 66, 129, 200, 69]
R5[12, 141, 94, 86, 115, 65, 51, 174, 171]
R6[1]
R7[2, 78, 155, 175]
R8[3, 177, 157, 88, 63, 184, 187]
R9[5, 158, 95, 167]
R10[6]
R11[7, 181]
R12[199, 138, 8, 98, 54, 186, 127, 132]
R13[9, 99]
R14[10]
R15[11, 139, 122]
R16[13, 113]
R17[14, 149]
R18[15, 96]
R19[16, 114, 151, 159, 56, 111, 142, 140]
R20[17]
R21[18, 135, 183, 137, 58, 55, 161, 104, 117, 185]
R22[19, 76, 68, 146, 102]
R23[20]
R24[21, 196, 97, 74, 120, 192, 145, 194, 163, 182]
R25[22, 150]
R26[24, 61]
R27[25, 77, 172, 110, 162]
R28[26]
R29[27]
R30[28]
R31[29, 87, 112, 168, 79, 173, 178]
R32[30]
R33[31, 85, 80]
R34[33, 165]
R35[34, 67, 90]
R36[35, 126, 101, 144, 71, 53, 166, 119]
R37[36, 188, 60]
R38[37, 81]
R39[38]
R40[39]
R41[40, 152]
R42[100, 109, 64, 179, 41, 154]
R43[42, 123, 170, 134, 156, 50, 153, 133]
R44[43]
R45[44, 131, 62]
R46[45]
R47[46, 190, 193, 106, 128, 84, 180]
R48[48]
R49[49, 93]
R50[107]
------------------------------------------
