 
------------------------------------------
HEURÍSTICA DE CONSTRUCCIÓN: RandomMethod
COSTO TOTAL: 2340.8
TOTAL DE RUTAS: 3
TIEMPO DE EJECUCIÓN: 0.053221940994262695
 
R1[35, 66, 33, 17, 60, 16, 71, 5, 46, 29, 48, 7, 14, 49, 72, 25, 23, 10, 67, 18, 55, 31, 42, 74, 50, 30, 69, 51]
R2[6, 20, 47, 38, 27, 15, 70, 54, 37, 43, 73, 52, 39, 13, 11, 8, 36, 62, 2, 44, 3, 45, 24, 22, 28, 64]
R3[57, 4, 53, 68, 58, 56, 21, 61, 59, 34, 9, 1, 40, 12, 19, 32, 41, 75, 26, 63, 65]
------------------------------------------
