 
------------------------------------------
HEURÍSTICA DE CONSTRUCCIÓN: RandomMethod
COSTO TOTAL: 2436.61
TOTAL DE RUTAS: 3
TIEMPO DE EJECUCIÓN: 0.05297684669494629
 
R1[12, 43, 31, 34, 55, 39, 66, 38, 56, 53, 19, 35, 25, 63, 29, 3, 72, 57, 8, 61, 24, 1, 69, 27, 18, 23, 51, 37, 49, 16]
R2[52, 30, 6, 17, 75, 58, 2, 11, 40, 13, 65, 28, 44, 5, 74, 26, 41, 70, 46, 14, 47, 7, 42]
R3[20, 59, 32, 68, 21, 36, 71, 10, 9, 62, 33, 4, 54, 60, 22, 64, 73, 15, 45, 50, 48, 67]
------------------------------------------
