 
------------------------------------------
HEURÍSTICA DE CONSTRUCCIÓN: RandomMethod
COSTO TOTAL: 2294.6
TOTAL DE RUTAS: 3
TIEMPO DE EJECUCIÓN: 0.04574847221374512
 
R1[26, 17, 53, 19, 50, 58, 9, 48, 49, 31, 24, 8, 39, 1, 42, 63, 41, 12, 46, 21, 10, 54, 73, 45, 5]
R2[64, 7, 61, 28, 3, 32, 65, 25, 18, 23, 56, 29, 67, 44, 30, 69, 75, 2, 59, 62, 47, 60, 34, 14, 43]
R3[11, 27, 20, 35, 51, 52, 38, 4, 71, 13, 16, 22, 6, 33, 40, 55, 15, 37, 74, 72, 66, 68, 70, 36, 57]
------------------------------------------
