 
------------------------------------------
HEURÍSTICA DE CONSTRUCCIÓN: RandomMethod
COSTO TOTAL: 2351.02
TOTAL DE RUTAS: 3
TIEMPO DE EJECUCIÓN: 0.044138431549072266
 
R1[24, 19, 4, 62, 59, 61, 64, 42, 13, 65, 23, 26, 20, 67, 47, 37, 63, 44, 9, 14, 45, 70, 74, 49, 41, 21]
R2[53, 18, 72, 31, 75, 38, 66, 7, 32, 51, 35, 54, 69, 10, 5, 17, 27, 58, 36, 48, 55, 39, 40, 68, 29, 8, 57]
R3[52, 50, 11, 1, 2, 56, 25, 33, 46, 12, 6, 43, 73, 15, 71, 28, 30, 22, 16, 34, 3, 60]
------------------------------------------
