 
------------------------------------------
CANTIDAD DE EJECUCIONES: 100
HEURÍSTICA DE CONSTRUCCIÓN: HeuristicType.Sweep
COSTO TOTAL: 14883.55
TOTAL DE RUTAS: 18
TIEMPO DE EJECUCIÓN: 0.7235877513885498 milisegundos
 
R1[42, 169, 41, 110, 3, 63, 24, 89]
R2[70, 154, 39, 165, 83, 20, 34, 126, 129, 52, 120, 146]
R3[164, 167, 33, 148, 12, 181, 141, 102, 93, 151, 125, 199]
R4[11, 158, 147, 59, 69, 8, 174, 55]
R5[193, 130, 97, 103, 90, 98, 109, 152, 18, 153]
R6[182, 30, 81, 23, 79, 2, 17, 40, 96, 68, 163, 25]
R7[195, 80, 56, 108, 45, 116, 187, 161, 185, 13, 77, 106, 180]
R8[84, 95, 91, 168, 150, 54, 15, 135, 64, 119, 160]
R9[183, 27, 65, 171, 176, 21, 170, 179, 16]
R10[197, 186, 46, 191, 156, 178, 1, 53, 142, 7, 61, 173]
R11[122, 200, 31, 190, 123, 118, 177, 162, 60, 72]
R12[58, 172, 194, 105, 32, 143, 127, 166, 26, 10, 155, 94, 19]
R13[117, 22, 87, 67, 48, 75, 28, 50, 14, 128, 131]
R14[9, 73, 115, 198, 121, 92, 137, 111, 5, 4, 133, 51]
R15[29, 157, 139, 192, 44, 184, 175, 38, 74, 104, 85, 132]
R16[134, 113, 47, 36, 57, 37, 86, 112, 124, 35, 99, 196, 101]
R17[6, 114, 140, 149, 159, 49, 144, 88, 188, 107, 82]
R18[62, 138, 66, 76, 145, 189, 100, 78, 43, 71]
------------------------------------------
