 
------------------------------------------
HEURÍSTICA DE CONSTRUCCIÓN: NearestNeighborWithRLC
COSTO TOTAL: 2133.89
TOTAL DE RUTAS: 6
TIEMPO DE EJECUCIÓN: 0.38819456100463867
 
R1[68, 67, 2, 52, 26, 75, 51, 46, 4, 45, 40]
R2[35, 34, 73, 33, 74, 72, 62, 63, 53, 58, 44, 30, 39, 32, 3]
R3[17, 29, 48, 28, 27, 19, 13, 12, 9, 8, 7, 5, 6]
R4[1, 57, 54, 47, 49, 16, 21, 10, 14, 38, 15, 11]
R5[65, 66, 18, 50, 22, 61, 37, 43, 23, 36, 24, 25, 41, 20, 71, 70]
R6[69, 59, 56, 55, 31, 64, 60, 42]
------------------------------------------
