 
------------------------------------------
HEURÍSTICA DE CONSTRUCCIÓN: NearestNeighborWithRLC
COSTO TOTAL: 2305.14
TOTAL DE RUTAS: 6
TIEMPO DE EJECUCIÓN: 0.3852078914642334
 
R1[68, 67, 52, 75, 74, 51, 73, 2, 72, 63, 62, 58, 53, 48, 45]
R2[46, 44, 40, 26, 35, 4, 34, 39, 30, 29, 32, 27]
R3[17, 16, 33, 19, 12, 8, 7, 13, 28, 9, 3, 1]
R4[10, 5, 6, 54, 57, 38, 47, 21, 15, 14, 66]
R5[18, 65, 50, 11, 22, 23, 24, 61, 20, 25, 49, 36, 42, 37, 31]
R6[43, 41, 71, 70, 69, 55, 64, 56, 60, 59]
------------------------------------------
