 
------------------------------------------
HEURÍSTICA DE CONSTRUCCIÓN: CMT
COSTO TOTAL: 1215.47
TOTAL DE RUTAS: 13
TIEMPO DE EJECUCIÓN: 3.4541983604431152
 
R1[99, 93, 92, 96, 94, 97, 100]
R2[53, 54, 58, 56, 60, 55]
R3[16, 14, 12, 19, 15, 19]
R4[70, 78, 76, 71, 79, 77, 73, 77, 81]
R5[34, 36, 38, 39, 37, 33, 35]
R6[42, 40, 41, 57, 59, 57, 59, 46, 48]
R7[2, 1, 75, 85, 95, 98, 91]
R8[22, 84, 83, 82, 83, 86, 87, 89, 72]
R9[6, 4, 8, 9, 11, 7, 3, 5, 10, 13]
R10[21, 30, 28, 23, 25, 26, 28, 27, 24]
R11[64, 51, 32, 52, 50, 50, 50, 31, 32, 49, 47, 43]
R12[65, 66, 68, 61, 74, 62, 69, 67]
R13[63]
------------------------------------------
