 
------------------------------------------
HEURÍSTICA DE CONSTRUCCIÓN: Sweep
COSTO TOTAL: 3953.54
TOTAL DE RUTAS: 11
TIEMPO DE EJECUCIÓN: 1.8403282165527344
 
R1[48, 17, 14, 78, 67, 11, 40, 79, 99, 88]
R2[16, 92, 46, 49, 95, 84]
R3[5, 1, 4, 72, 27, 100, 29, 65, 85, 64, 86, 62, 91, 10]
R4[8, 50, 81, 97, 56]
R5[25, 44, 63, 3, 20, 52, 28, 43]
R6[22, 74, 66, 41, 37, 61, 2, 75]
R7[9, 70, 32, 94, 98, 57, 76]
R8[55, 26, 23, 45, 35, 19, 90, 24, 15, 60, 13]
R9[58, 87, 82, 51, 42, 30, 33]
R10[77, 69, 31, 21, 38, 7, 34, 39, 53, 36, 6, 12, 83]
R11[47, 71, 59, 18, 93, 96, 89, 68, 73, 80, 54]
------------------------------------------
