 
------------------------------------------
HEURÍSTICA DE CONSTRUCCIÓN: Sweep
COSTO TOTAL: 3785.97
TOTAL DE RUTAS: 11
TIEMPO DE EJECUCIÓN: 1.8392674922943115
 
R1[100, 36, 53, 33, 80, 69, 28, 52, 20, 19]
R2[56, 43, 58, 49, 29, 78, 70, 68]
R3[42, 77, 3, 23, 66, 17, 44, 61, 86, 95, 39]
R4[48, 92, 84, 47, 51, 27, 26, 7, 41, 59, 88]
R5[24, 94, 38, 12, 32, 35, 45, 21, 97]
R6[64, 62, 37, 30, 67, 81, 16, 76, 73, 89, 98]
R7[40, 13, 65, 79, 96, 83, 74, 8]
R8[1, 93, 6, 90, 75, 60, 87, 71, 11, 34]
R9[14, 4, 2, 15, 55, 54]
R10[22, 18, 85, 82, 25, 10, 5, 99, 31]
R11[63, 57, 50, 46, 9, 72, 91]
------------------------------------------
