 
------------------------------------------
HEURÍSTICA DE CONSTRUCCIÓN: RandomMethod
COSTO TOTAL: 3846.86
TOTAL DE RUTAS: 11
TIEMPO DE EJECUCIÓN: 0.061922311782836914
 
R1[55, 4, 6, 69, 34, 84, 72, 91, 5, 99, 88, 35]
R2[63, 12, 50, 22, 43, 13, 97]
R3[37, 61, 26, 30, 54, 56, 65, 24, 36, 94, 100, 53, 80]
R4[76, 90, 62, 95, 11, 77, 29, 45, 57]
R5[58, 67, 41, 9, 49, 25, 46, 10]
R6[21, 81, 59, 60, 89, 98, 93, 70, 74]
R7[79, 47, 27, 40, 85, 3, 28, 33, 39, 19, 23, 75]
R8[2, 16, 20, 17, 15]
R9[87, 44, 92, 42, 86, 8, 78, 71, 64]
R10[32, 52, 18, 38, 48, 14, 83, 31, 96, 82, 73, 51]
R11[7, 68, 1, 66]
------------------------------------------
