 
------------------------------------------
HEURÍSTICA DE CONSTRUCCIÓN: NearestNeighborWithRLC
COSTO TOTAL: 2199.52
TOTAL DE RUTAS: 10
TIEMPO DE EJECUCIÓN: 0.8887572288513184
 
R1[69, 1, 3, 75, 65, 67, 63, 74]
R2[66, 24, 62, 47, 43, 49, 23, 22, 46, 28]
R3[27, 42, 21, 20, 41, 29, 5, 26, 25, 11, 10]
R4[9, 8, 6, 2, 4, 7, 99, 100, 98, 12, 13, 96, 91, 90]
R5[95, 89, 14, 15, 17, 18, 30]
R6[87, 88, 84, 86, 83, 85, 82, 64, 68, 52]
R7[61, 51, 72, 57, 59, 50, 55, 54, 48]
R8[40, 44, 45, 37, 34, 33, 35, 32, 36, 19, 97, 31, 39, 94]
R9[93, 92, 58, 38, 56, 60]
R10[16, 80, 53, 81, 78, 79, 77, 76, 71, 70, 73]
------------------------------------------
