 
------------------------------------------
HEURÍSTICA DE CONSTRUCCIÓN: NearestNeighborWithRLC
COSTO TOTAL: 2373.83
TOTAL DE RUTAS: 11
TIEMPO DE EJECUCIÓN: 0.9531772136688232
 
R1[75, 69, 65, 67, 74, 1, 66]
R2[63, 62, 49, 43, 28, 27, 47, 26, 3]
R3[25, 23, 22, 24, 46, 42, 20, 5]
R4[41, 29, 4, 21, 7, 8, 11, 9, 6, 10, 91, 99, 98, 96, 95, 90]
R5[88, 2, 87, 89, 100, 86, 85, 12, 83, 82, 72, 68]
R6[64, 84, 61, 59, 57, 13, 14, 55, 52, 50]
R7[48, 51, 44, 40, 45, 54, 34, 36, 32]
R8[33, 37, 30, 35, 15, 31, 18, 17, 97, 94, 19]
R9[16, 38, 39, 93, 92]
R10[58, 60, 56, 80, 81, 79, 78, 53, 73, 71]
R11[77, 70, 76]
------------------------------------------
