 
------------------------------------------
HEURÍSTICA DE CONSTRUCCIÓN: Sweep
COSTO TOTAL: 3881.32
TOTAL DE RUTAS: 12
TIEMPO DE EJECUCIÓN: 1.6726207733154297
 
R1[9, 78, 38, 50, 66, 36, 54, 90, 98, 75]
R2[42, 71, 79, 11, 95, 74, 69]
R3[3, 92, 18, 86, 93, 88, 89]
R4[63, 8, 13, 91, 47, 21, 44, 30, 29]
R5[27, 45, 62, 15, 40, 41, 20, 22]
R6[46, 33, 1, 72, 85, 82, 59, 84]
R7[24, 64, 49, 65, 55, 39, 61, 5, 97, 32, 83, 70, 31, 12]
R8[14, 87, 81, 53, 96, 94, 6, 58]
R9[48, 52, 23, 35, 17, 4, 26, 43, 10, 67, 56, 73]
R10[76, 34, 37, 68, 60, 77, 2, 80, 19]
R11[28, 51, 7, 16, 99, 57]
R12[25, 100]
------------------------------------------
