 
------------------------------------------
HEURÍSTICA DE CONSTRUCCIÓN: CMT
COSTO TOTAL: 1256.22
TOTAL DE RUTAS: 13
TIEMPO DE EJECUCIÓN: 3.402068853378296
 
R1[76, 71, 79, 78, 73, 73, 70, 73, 81]
R2[1, 2, 6, 5, 3, 4, 3, 3, 3, 11]
R3[53, 54, 61, 68, 55, 64, 72, 64]
R4[91, 90, 88, 89, 87, 86, 87, 84, 85]
R5[16, 14, 12, 15, 19, 18]
R6[97, 93, 92, 94, 95, 100]
R7[60, 58, 59, 57]
R8[21, 82, 96, 99, 37, 39, 38, 35, 36]
R9[26, 28, 30, 29, 24, 27, 25, 22, 23, 20]
R10[13, 17, 8, 10, 98]
R11[41, 31, 32, 34, 33, 51, 62]
R12[66, 74, 63, 65, 67, 69]
R13[44, 40, 42, 45, 46, 48, 50, 52, 43, 47, 49]
------------------------------------------
