 
------------------------------------------
HEURÍSTICA DE CONSTRUCCIÓN: MoleJameson
COSTO TOTAL: 1012.14
TOTAL DE RUTAS: 10
TIEMPO DE EJECUCIÓN: 22.225874185562134
 
R1[70, 73, 77, 79, 80, 71, 76, 78, 81, 82, 83, 84, 85, 88, 89, 91]
R2[69, 68, 64, 61, 72, 74, 62, 66, 65, 67]
R3[99, 96, 100, 97, 93, 92, 94, 95, 98, 2, 1, 4, 3]
R4[63, 86, 87, 90, 75, 5, 7, 9]
R5[53, 54, 55, 56, 58, 60]
R6[41, 40, 42, 44, 45, 48, 51, 50, 52, 46, 49, 47]
R7[20, 22, 24, 25, 27, 29, 30, 28, 26, 23]
R8[32, 33, 37, 38, 36, 34]
R9[43, 31, 35, 39, 18, 19, 16, 14, 12, 15, 17, 11, 21]
R10[6, 8, 13, 10, 59, 57]
------------------------------------------
