 
------------------------------------------
HEURÍSTICA DE CONSTRUCCIÓN: SaveParallel
COSTO TOTAL: 741.1
TOTAL DE RUTAS: 6
TIEMPO DE EJECUCIÓN: 2.6825153827667236
 
R1[88, 89, 85, 84, 82, 83, 81, 78, 76, 71, 70, 73, 77, 79, 80, 86, 87, 90, 91, 98, 96, 95, 94, 92, 93, 97, 100, 99, 2]
R2[1, 4, 6, 9, 11, 12, 14, 16, 19, 15, 17, 18, 13]
R3[53, 56, 58, 60, 54, 55, 68, 66, 64, 61, 72, 74]
R4[22, 21, 20, 25, 27, 24, 23]
R5[43, 42, 46, 49, 52, 50, 51, 48, 45, 44, 57, 59, 40, 41, 47, 67, 65, 63, 62, 69]
R6[75, 3, 5, 7, 8, 10, 31, 35, 37, 38, 39, 36, 34, 32, 33, 29, 30, 26, 28]
------------------------------------------
