 
------------------------------------------
HEURÍSTICA DE CONSTRUCCIÓN: Sweep
COSTO TOTAL: 3928.35
TOTAL DE RUTAS: 12
TIEMPO DE EJECUCIÓN: 1.8403942584991455
 
R1[8, 77, 74, 65, 21, 57, 19, 68, 91]
R2[25, 78, 49, 97, 96, 69, 3, 42, 72]
R3[64, 45, 41, 79, 48, 99, 82, 100, 1, 15]
R4[87, 54, 81, 63, 47, 11]
R5[26, 53, 80, 86, 37, 85, 75, 6, 14]
R6[28, 55, 90, 83, 70, 60, 5, 23, 31, 30]
R7[46, 93, 76, 71, 39, 18, 40]
R8[16, 36, 73, 66, 43, 84, 51, 35, 7]
R9[56, 33, 24, 95, 2, 50]
R10[27, 38, 67, 61, 22, 44, 17, 29, 20, 12]
R11[4, 62, 89, 13, 10, 32, 52, 58]
R12[9, 92, 88, 94, 59, 34, 98]
------------------------------------------
