 
------------------------------------------
HEURÍSTICA DE CONSTRUCCIÓN: CMT
COSTO TOTAL: 1249.73
TOTAL DE RUTAS: 13
TIEMPO DE EJECUCIÓN: 3.257793426513672
 
R1[14, 16, 12, 19, 15, 18]
R2[68, 64, 61, 69, 66, 62, 67, 65, 67, 41]
R3[93, 92, 97, 94, 95, 96, 99]
R4[6, 9, 11, 8, 10, 5, 3, 7, 4, 3]
R5[34, 36, 38, 37, 39, 37, 35]
R6[53, 56, 58, 60, 54, 59]
R7[70, 73, 77, 79, 76, 71, 76, 78, 81]
R8[91, 32, 31, 31, 51, 48, 55, 57]
R9[44, 40, 45, 46, 42, 46, 43, 46, 49, 52, 72]
R10[90, 84, 83, 82, 85, 87, 86, 89, 98]
R11[24, 100, 1, 2, 88, 2]
R12[22, 75, 27, 26, 28, 26, 30, 25, 23]
R13[20, 21]
------------------------------------------
