 
------------------------------------------
HEURÍSTICA DE CONSTRUCCIÓN: Sweep
COSTO TOTAL: 3865.16
TOTAL DE RUTAS: 11
TIEMPO DE EJECUCIÓN: 1.8238468170166016
 
R1[81, 84, 2, 40, 48, 55, 82, 94, 41, 31]
R2[64, 46, 13, 35, 99, 89, 92, 87, 53]
R3[24, 20, 37, 67, 69, 19, 88, 51, 36, 12]
R4[33, 14, 54, 65, 73, 74, 75, 11, 60, 93]
R5[42, 61, 71, 56, 4, 86, 25, 26, 39]
R6[76, 72, 22, 16, 8, 6, 78, 79, 80, 30]
R7[28, 97, 27, 63, 10, 7, 43, 83, 85, 100]
R8[59, 1, 45, 29, 58, 95, 70, 5, 18, 17, 50]
R9[32, 77, 38, 66, 57, 62, 52]
R10[9, 34, 98, 96, 3, 15, 21, 47, 91]
R11[49, 68, 90, 23, 44]
------------------------------------------
