 
------------------------------------------
HEURÍSTICA DE CONSTRUCCIÓN: NearestNeighborWithRLC
COSTO TOTAL: 2176.22
TOTAL DE RUTAS: 11
TIEMPO DE EJECUCIÓN: 0.8973019123077393
 
R1[1, 75, 3, 74, 65, 63]
R2[69, 66, 62, 47, 24, 23, 67, 49, 43, 28, 46]
R3[22, 21, 20, 42, 27, 41, 29, 26, 5, 10, 7]
R4[25, 11, 4, 6, 2, 99, 9, 8, 100, 98, 12, 91, 90]
R5[13, 96, 14, 88, 89, 86, 95, 87, 84, 83, 85, 15]
R6[17, 18, 82, 72, 68, 61, 30, 59, 64, 55]
R7[57, 54, 52, 50, 48, 44, 51, 45, 34, 36]
R8[40, 35, 37, 33, 19, 31, 16]
R9[32, 39, 94, 97, 92, 93]
R10[38, 56, 60, 58, 53, 79, 81, 80]
R11[76, 78, 71, 73, 70, 77]
------------------------------------------
