 
------------------------------------------
HEURÍSTICA DE CONSTRUCCIÓN: RandomMethod
COSTO TOTAL: 4001.77
TOTAL DE RUTAS: 11
TIEMPO DE EJECUCIÓN: 0.07089591026306152
 
R1[33, 45, 44, 5, 59, 72, 85, 88]
R2[42, 49, 89, 68, 32, 56, 34, 93, 53]
R3[67, 82, 7, 86, 46, 95, 70, 99]
R4[58, 24, 36, 76, 23, 65, 69, 20, 66, 64, 4, 47, 84, 83, 54]
R5[87, 75, 96, 31, 91, 14, 98, 39, 74]
R6[3, 9, 21, 19, 29, 94, 13, 57]
R7[28, 25, 11, 26, 2, 18, 12]
R8[1, 78, 90, 80, 37, 30, 92, 6, 60, 48]
R9[16, 77, 52, 81, 22, 100, 8, 10, 97, 51, 62]
R10[40, 79, 73, 71, 43, 27, 61, 50, 63, 17]
R11[41, 15, 55, 35, 38]
------------------------------------------
