 
------------------------------------------
HEURÍSTICA DE CONSTRUCCIÓN: CMT
COSTO TOTAL: 1257.39
TOTAL DE RUTAS: 13
TIEMPO DE EJECUCIÓN: 3.2505712509155273
 
R1[88, 85, 83, 84, 83, 86, 87, 89]
R2[60, 58, 56, 53, 54, 59]
R3[1, 75, 5, 3, 7, 3, 4, 6, 8]
R4[50, 51, 31, 35, 31, 35, 33, 52]
R5[92, 93, 94, 95, 97, 96, 99]
R6[12, 14, 16, 19, 15, 18, 11]
R7[70, 71, 73, 76, 77, 78, 79, 80, 81]
R8[69, 17, 13, 100, 98, 17, 13, 17]
R9[21, 20, 25, 24, 22, 24, 27, 32]
R10[64, 61, 62, 66, 72, 57, 55, 57, 40, 41, 44]
R11[9, 46, 45, 48, 45, 42, 49, 47]
R12[67, 26, 28, 30, 28, 10, 90, 23, 43, 63]
R13[65]
------------------------------------------
