 
------------------------------------------
HEURÍSTICA DE CONSTRUCCIÓN: NearestNeighborWithRLC
COSTO TOTAL: 2277.58
TOTAL DE RUTAS: 12
TIEMPO DE EJECUCIÓN: 0.9047505855560303
 
R1[75, 67, 65, 69, 74, 1]
R2[63, 25, 24, 23, 62, 66]
R3[22, 49, 43, 47, 46, 42, 28, 41, 21]
R4[27, 20, 29, 10, 26, 3, 11, 5, 8, 4, 6]
R5[2, 7, 99, 98, 96, 91, 90, 9, 100, 89, 95, 12]
R6[87, 86, 88, 13, 14, 15, 17, 18, 30, 83, 85, 82]
R7[68, 84, 61, 72, 64, 52, 57, 55, 51, 50, 59]
R8[48, 54, 45, 40, 44, 34, 37]
R9[33, 36, 35, 19, 16, 97]
R10[32, 94, 38, 39, 31, 92, 93, 53]
R11[58, 56, 81, 80, 78, 77, 76, 73, 60]
R12[79, 71, 70]
------------------------------------------
