 
------------------------------------------
HEURÍSTICA DE CONSTRUCCIÓN: RandomMethod
COSTO TOTAL: 3754.18
TOTAL DE RUTAS: 12
TIEMPO DE EJECUCIÓN: 0.09834766387939453
 
R1[78, 74, 88, 36, 4, 93]
R2[1, 49, 89, 12, 15, 14, 50, 96, 55, 3, 6]
R3[66, 26, 40, 34, 45, 11, 25, 43, 48]
R4[32, 33, 67, 63, 24, 52, 30, 97, 70, 83]
R5[61, 64, 31, 87, 51, 82, 81, 84, 98]
R6[86, 18, 23, 5, 2, 54, 59, 72, 39]
R7[69, 77, 53, 75, 29, 17, 8, 13]
R8[22, 10, 94, 71, 85, 58]
R9[57, 20, 44, 91, 80, 42, 35, 21, 68, 95]
R10[28, 60, 47, 73, 16, 19, 92, 99, 27, 90]
R11[7, 65, 9, 56, 41, 37, 38, 100]
R12[46, 62, 79, 76]
------------------------------------------
