 
------------------------------------------
HEURÍSTICA DE CONSTRUCCIÓN: CMT
COSTO TOTAL: 1279.6
TOTAL DE RUTAS: 13
TIEMPO DE EJECUCIÓN: 3.6664159297943115
 
R1[23, 21, 23, 21, 25, 22, 24, 26, 28]
R2[14, 12, 15, 16, 19, 13]
R3[38, 39, 37, 36, 34, 17, 18]
R4[64, 62, 68, 63, 65, 66, 65, 65, 63, 65]
R5[70, 73, 76, 78, 71, 78, 77, 79, 80]
R6[92, 93, 94, 97, 95, 96, 99]
R7[53, 56, 60, 58, 54, 55]
R8[31, 100, 98, 84, 83, 82, 83, 86]
R9[9, 6, 7, 3, 4, 1, 2, 4, 1, 5]
R10[29, 33, 32, 35, 52, 30, 10, 75, 91]
R11[89, 88, 90, 87, 57, 51, 50, 48, 49]
R12[41, 59, 40, 44, 46, 45, 47, 74, 43]
R13[42]
------------------------------------------
