 
------------------------------------------
HEURÍSTICA DE CONSTRUCCIÓN: Sweep
COSTO TOTAL: 3806.67
TOTAL DE RUTAS: 12
TIEMPO DE EJECUCIÓN: 1.8148624897003174
 
R1[79, 17, 75, 14, 24, 62, 57, 26, 44, 51]
R2[46, 91, 36, 87, 3, 61, 33, 98]
R3[69, 21, 50, 66, 29, 23, 88, 100, 31, 54]
R4[38, 48, 74, 92, 10]
R5[63, 55, 52, 16, 28, 47, 4, 81, 73]
R6[41, 37, 1, 2, 90, 22, 53, 83, 84]
R7[42, 94, 15, 93, 97, 11]
R8[7, 56, 99, 89, 80, 78, 30, 25]
R9[76, 59, 70, 71, 96, 19, 35, 18, 8, 60]
R10[64, 86, 77, 58, 40, 45, 34, 43, 65, 32, 95]
R11[5, 9, 72, 49, 85, 82, 27, 6, 20, 68, 12]
R12[67, 13, 39]
------------------------------------------
