 
------------------------------------------
HEURÍSTICA DE CONSTRUCCIÓN: Sweep
COSTO TOTAL: 3923.08
TOTAL DE RUTAS: 11
TIEMPO DE EJECUCIÓN: 1.8405733108520508
 
R1[58, 92, 93, 61, 81, 64, 77, 75, 17, 39]
R2[65, 11, 26, 79, 86, 42, 59, 68, 85, 14, 40]
R3[16, 10, 62, 78, 70, 47, 91, 95, 12, 96]
R4[21, 35, 36, 82, 53, 24, 3, 87, 30, 67]
R5[22, 63, 31, 44, 90, 60, 80, 54, 71]
R6[38, 97, 13, 76, 8, 89]
R7[2, 45, 66, 46, 9, 52, 50, 6, 83]
R8[33, 19, 32, 4, 5, 25, 15, 18, 23, 34]
R9[27, 72, 20, 69, 7, 94, 100, 28, 57]
R10[48, 98, 29, 56, 1, 73, 99, 74]
R11[37, 84, 43, 41, 51, 49, 55, 88]
------------------------------------------
