 
------------------------------------------
HEURÍSTICA DE CONSTRUCCIÓN: CMT
COSTO TOTAL: 1287.72
TOTAL DE RUTAS: 13
TIEMPO DE EJECUCIÓN: 4.404093265533447
 
R1[36, 39, 38, 37, 34, 33, 35]
R2[2, 9, 6, 13, 15, 19, 15]
R3[53, 54, 58, 56, 60, 55]
R4[92, 93, 94, 97, 100, 95]
R5[70, 73, 71, 77, 76, 79, 80, 78, 81]
R6[48, 51, 50, 52, 32, 31, 45, 46, 49, 44]
R7[66, 68, 69, 57, 59, 57, 40, 41, 42, 61, 43]
R8[90, 18, 14, 12, 16, 12, 17, 30, 29]
R9[1, 3, 7, 8, 99, 75, 5, 7, 7, 7, 28]
R10[86, 88, 87, 88, 85, 84, 85, 89]
R11[62, 91, 98, 26, 25, 22, 25, 27, 25]
R12[21, 72, 74, 63, 65, 67]
R13[20]
------------------------------------------
