 
------------------------------------------
HEURÍSTICA DE CONSTRUCCIÓN: Sweep
COSTO TOTAL: 3880.77
TOTAL DE RUTAS: 10
TIEMPO DE EJECUCIÓN: 1.8225812911987305
 
R1[27, 68, 28, 25, 88, 13, 67, 98]
R2[38, 87, 10, 92, 44, 8, 30, 55, 66, 81, 100, 74]
R3[34, 49, 63, 72, 45, 36, 9, 41, 43, 23, 85, 93]
R4[5, 70, 22, 94, 90, 75, 2]
R5[56, 20, 64, 40, 80, 7, 17, 79, 89, 83, 65]
R6[86, 29, 47, 51, 16, 37, 60, 84, 62, 11]
R7[32, 59, 97, 48, 35, 33, 4, 12]
R8[26, 46, 77, 95, 61, 14, 1, 76, 15]
R9[58, 42, 52, 19, 21, 24, 78, 73, 71, 6, 99]
R10[3, 50, 69, 82, 91, 53, 57, 54, 31, 96, 39, 18]
------------------------------------------
