 
------------------------------------------
HEURÍSTICA DE CONSTRUCCIÓN: CMT
COSTO TOTAL: 1265.24
TOTAL DE RUTAS: 13
TIEMPO DE EJECUCIÓN: 3.7921974658966064
 
R1[33, 38, 37, 39, 36, 34, 35]
R2[44, 45, 48, 51, 50, 52, 50, 31, 32, 49]
R3[92, 93, 96, 94, 95, 97, 99]
R4[2, 3, 7, 5, 1, 4, 4, 6, 8]
R5[19, 16, 15, 14, 18, 17, 11]
R6[70, 71, 73, 76, 77, 78, 79, 80, 81]
R7[53, 56, 58, 60, 54, 55]
R8[66, 13, 100, 12, 100, 82, 83, 84]
R9[28, 26, 30, 27, 29, 24, 25, 23, 22, 10]
R10[91, 89, 85, 90, 87, 86, 88, 86]
R11[47, 57, 59, 72, 61, 74, 64, 68]
R12[21, 43, 69, 41, 42, 40, 41, 20, 65, 67]
R13[63]
------------------------------------------
