 
------------------------------------------
HEURÍSTICA DE CONSTRUCCIÓN: NearestNeighborWithRLC
COSTO TOTAL: 2370.49
TOTAL DE RUTAS: 12
TIEMPO DE EJECUCIÓN: 0.8823821544647217
 
R1[69, 75, 74, 1, 66, 67, 65]
R2[63, 47, 62, 43, 49, 25, 24, 23]
R3[46, 42, 22, 28, 21, 20, 41, 7]
R4[5, 3, 4, 26, 10, 8, 29, 6, 27, 11, 99, 98, 96]
R5[9, 2, 95, 91, 89, 88, 90, 87, 85]
R6[86, 84, 72, 100, 68, 83, 82, 64, 61, 12, 52, 51]
R7[59, 57, 13, 14, 15, 17, 18, 30]
R8[55, 48, 50, 54, 44, 45, 40, 36, 37]
R9[33, 34, 35, 19, 16, 32, 39]
R10[38, 31, 97, 93, 92]
R11[58, 56, 53, 94, 60, 79, 81]
R12[78, 77, 80, 73, 71, 76, 70]
------------------------------------------
