 
------------------------------------------
HEURÍSTICA DE CONSTRUCCIÓN: Sweep
COSTO TOTAL: 3916.31
TOTAL DE RUTAS: 12
TIEMPO DE EJECUCIÓN: 1.7661421298980713
 
R1[78, 64, 98, 74, 36, 39, 44, 59]
R2[79, 61, 2, 17, 22, 82, 29, 23, 75, 60]
R3[16, 7, 14, 77, 83, 99, 10, 24, 72, 54, 19]
R4[67, 52, 27, 76, 48, 34, 26, 42, 1, 38, 6, 30, 91, 62, 68]
R5[56, 13, 71, 15]
R6[33, 85, 92, 86, 81, 65, 55]
R7[57, 53, 70, 88, 41, 90, 73, 51]
R8[4, 20, 50, 87, 69, 84, 80, 28, 25]
R9[8, 9, 47, 37, 21, 94, 96, 100, 45, 97, 31]
R10[32, 49, 35, 43, 66, 58, 11, 18, 40]
R11[46, 12, 89, 63, 95, 93]
R12[3, 5]
------------------------------------------
