 
------------------------------------------
HEURÍSTICA DE CONSTRUCCIÓN: NearestNeighborWithRLC
COSTO TOTAL: 2304.55
TOTAL DE RUTAS: 11
TIEMPO DE EJECUCIÓN: 0.917940616607666
 
R1[75, 74, 69, 67, 66, 1]
R2[63, 62, 65, 47, 49, 43, 28]
R3[25, 24, 46, 23, 27, 26, 3, 21, 20]
R4[42, 41, 29, 10, 7, 5, 4, 6, 8, 22]
R5[9, 11, 2, 91, 99, 98, 96, 95, 100, 12, 89, 88]
R6[87, 90, 13, 86, 14, 15, 85, 84, 17, 72, 68, 83]
R7[64, 61, 82, 57, 18, 30, 59, 55, 52, 54, 51, 50]
R8[48, 40, 34, 45, 36, 35, 32, 31, 19, 44]
R9[37, 97, 94, 16, 39, 38]
R10[92, 93, 56, 58, 53, 60]
R11[33, 79, 80, 78, 76, 77, 81, 73, 70, 71]
------------------------------------------
