 
------------------------------------------
HEURÍSTICA DE CONSTRUCCIÓN: RandomMethod
COSTO TOTAL: 3752.04
TOTAL DE RUTAS: 11
TIEMPO DE EJECUCIÓN: 0.0824899673461914
 
R1[97, 77, 1, 19, 92, 98, 15, 75, 12]
R2[63, 44, 53, 55, 86, 2, 78, 80]
R3[26, 34, 57, 83, 56, 18, 8, 82]
R4[66, 41, 49, 46, 17, 62, 72, 14, 48, 76, 91, 73]
R5[45, 51, 70, 5, 20, 7, 25]
R6[32, 33, 100, 36, 79, 61, 96, 50]
R7[58, 27, 94, 93, 52, 3, 40, 24, 67, 31, 88, 10, 29]
R8[22, 13, 60, 59, 38, 43, 71, 81, 90, 95, 39]
R9[54, 11, 84, 85, 9, 69, 64, 68]
R10[21, 42, 4, 74, 87, 6]
R11[37, 35, 47, 30, 65, 89, 16, 99, 28, 23]
------------------------------------------
