 
------------------------------------------
HEURÍSTICA DE CONSTRUCCIÓN: RandomMethod
COSTO TOTAL: 3828.88
TOTAL DE RUTAS: 11
TIEMPO DE EJECUCIÓN: 0.07484197616577148
 
R1[35, 92, 32, 37, 71, 31, 68, 5, 66]
R2[16, 52, 58, 51, 21, 74]
R3[76, 82, 64, 50, 61, 12, 89, 29, 3, 80, 43, 40, 47, 34, 18, 73, 84]
R4[15, 54, 36, 48, 53, 81, 97, 91, 62, 17]
R5[24, 85, 79, 55, 100, 7, 26, 59, 41, 88, 60]
R6[87, 46, 75, 14, 9, 65, 72, 69]
R7[33, 27, 39, 38, 78, 42, 96]
R8[67, 23, 25, 90, 57, 93, 11, 99, 98, 83]
R9[4, 19, 13, 45, 44, 86, 1, 77, 70, 95]
R10[22, 20, 2, 6, 10, 94, 30]
R11[63, 28, 49, 8, 56]
------------------------------------------
