 
------------------------------------------
HEURÍSTICA DE CONSTRUCCIÓN: RandomMethod
COSTO TOTAL: 3846.43
TOTAL DE RUTAS: 11
TIEMPO DE EJECUCIÓN: 0.0631721019744873
 
R1[56, 68, 92, 16, 73, 97, 93, 11, 18]
R2[47, 29, 40, 50, 38, 61, 72, 77, 4, 36, 55, 8, 6]
R3[59, 17, 24, 19, 60, 5, 32, 85, 45]
R4[1, 81, 23, 75, 63, 41, 42, 100]
R5[78, 76, 80, 27, 99, 95, 69, 94, 48, 89, 34]
R6[28, 25, 57, 46, 62]
R7[86, 90, 7, 31, 35, 74, 54, 84, 96]
R8[44, 43, 83, 66, 9, 13, 39, 58, 3, 79, 30]
R9[26, 37, 20, 91, 88, 64, 12, 67, 71, 70]
R10[2, 65, 51, 53, 33, 87, 52]
R11[21, 82, 22, 10, 49, 14, 15, 98]
------------------------------------------
