 
------------------------------------------
HEURÍSTICA DE CONSTRUCCIÓN: CMT
COSTO TOTAL: 1236.58
TOTAL DE RUTAS: 13
TIEMPO DE EJECUCIÓN: 2.496459722518921
 
R1[24, 25, 27, 26, 28, 23, 22, 30, 21]
R2[87, 86, 83, 82, 89, 88, 89, 90, 91, 5]
R3[31, 35, 38, 37, 39, 33, 36]
R4[41, 50, 45, 49, 52, 49, 47, 46, 42, 43, 42, 48]
R5[14, 19, 16, 15, 18, 17, 11]
R6[70, 73, 80, 79, 77, 78, 76, 71, 81]
R7[92, 93, 94, 97, 95, 100]
R8[58, 12, 98, 99, 96, 99, 96]
R9[53, 56, 60, 54, 55, 59]
R10[4, 6, 9, 2, 3, 7, 8, 1, 75]
R11[69, 57, 10, 29, 34, 32, 51, 51, 20]
R12[64, 61, 64, 68, 66, 62, 65, 67]
R13[63]
------------------------------------------
