 
------------------------------------------
HEURÍSTICA DE CONSTRUCCIÓN: NearestNeighborWithRLC
COSTO TOTAL: 2252.03
TOTAL DE RUTAS: 11
TIEMPO DE EJECUCIÓN: 0.8950181007385254
 
R1[75, 69, 67, 66, 74, 65]
R2[63, 25, 1, 24, 23, 62, 47]
R3[49, 22, 46, 43, 28, 42, 41, 27, 26, 29]
R4[21, 20, 11, 10, 7, 9, 8, 5, 3, 2]
R5[4, 99, 6, 91, 98, 90, 96, 95, 100, 12, 13]
R6[14, 15, 17, 88, 87, 86, 89, 84, 83, 72, 68, 82]
R7[64, 61, 85, 59, 55, 57, 52, 18, 51, 54, 30, 50]
R8[45, 44, 34, 40, 48, 33, 37, 36, 31]
R9[32, 35, 16, 39, 38, 97, 93]
R10[92, 94, 58, 53, 60, 19, 80, 79]
R11[56, 81, 78, 73, 77, 71, 76, 70]
------------------------------------------
