 
------------------------------------------
HEURÍSTICA DE CONSTRUCCIÓN: NearestNeighborWithRLC
COSTO TOTAL: 2296.15
TOTAL DE RUTAS: 10
TIEMPO DE EJECUCIÓN: 0.9084615707397461
 
R1[1, 3, 75, 74, 65, 63]
R2[67, 66, 69, 62, 47, 24, 43, 49, 46, 42, 41]
R3[28, 29, 23, 22, 21, 20, 5, 26, 25]
R4[27, 10, 8, 4, 6, 11, 9, 7, 2, 100, 91, 12, 99, 90, 89, 13]
R5[14, 15, 17, 98, 88, 87, 86, 96, 95, 18, 85]
R6[84, 30, 83, 68, 72, 64, 82, 61, 57, 55, 51, 50]
R7[48, 59, 54, 44, 52, 34, 40, 45]
R8[33, 36, 37, 31, 19, 32, 97, 35, 39, 94]
R9[38, 16, 56, 92, 93, 53]
R10[58, 60, 79, 78, 80, 77, 76, 81, 70, 73, 71]
------------------------------------------
