 
------------------------------------------
HEURÍSTICA DE CONSTRUCCIÓN: CMT
COSTO TOTAL: 1242.75
TOTAL DE RUTAS: 13
TIEMPO DE EJECUCIÓN: 3.2513082027435303
 
R1[51, 50, 52, 32, 31, 33, 35]
R2[68, 64, 62, 66, 69, 61, 74, 72, 65, 67]
R3[58, 56, 60, 53, 54, 55]
R4[92, 93, 95, 94, 97, 100]
R5[38, 37, 39, 36, 34]
R6[1, 98, 75, 4, 2, 99, 3, 75, 4, 4]
R7[21, 20, 43, 43, 42, 42, 41, 40, 57, 47]
R8[12, 77, 71, 71, 70, 70, 73, 79, 78, 83]
R9[87, 86, 82, 85, 84, 85, 88, 90]
R10[63, 49, 46, 45, 48, 49, 24]
R11[13, 14, 16, 14, 19, 18, 30, 27, 26]
R12[11, 15, 17, 28, 25, 22]
R13[9, 5, 7, 23, 10, 8]
------------------------------------------
