 
------------------------------------------
HEURÍSTICA DE CONSTRUCCIÓN: RandomMethod
COSTO TOTAL: 3761.89
TOTAL DE RUTAS: 11
TIEMPO DE EJECUCIÓN: 0.06187582015991211
 
R1[1, 46, 82, 86, 6, 84, 92, 48, 65, 90, 99]
R2[45, 67, 37, 58, 42, 33, 51, 73, 52, 60, 11]
R3[77, 83, 28, 69, 47, 87, 61, 26, 55, 19, 17, 72, 71]
R4[5, 75, 24, 18, 16, 30, 34, 78, 81]
R5[14, 38, 63, 59, 68, 66, 62, 43, 100]
R6[49, 41, 98, 85, 64, 70, 35, 8, 80]
R7[32, 54, 89, 76, 40, 22, 20, 27, 88]
R8[9, 91, 25, 36, 96, 13, 10, 31, 74]
R9[57, 44, 53, 94, 97, 21, 4]
R10[2, 7, 23, 39, 12, 95, 93, 15, 50, 29]
R11[56, 3, 79]
------------------------------------------
