 
------------------------------------------
CANTIDAD DE EJECUCIONES: 100
HEURÍSTICA DE CONSTRUCCIÓN: NearestNeighborWithRLC
COSTO TOTAL: 2277.66
TOTAL DE RUTAS: 9
TIEMPO DE EJECUCIÓN: 282 milisegundos
 
R1[99, 98, 1, 97, 2, 96, 94, 95, 92, 91, 93, 89]
R2[100, 85, 61, 16, 86, 84, 88, 90]
R3[83, 60, 5, 87, 59, 76, 81]
R4[79, 80, 4, 77, 3, 6, 82, 48, 70, 7]
R5[62, 10, 69, 9, 78, 75, 74, 72, 73, 71, 65, 66, 68, 63, 8, 52]
R6[58, 53, 28, 57, 56, 55, 67, 41, 43, 45, 47]
R7[11, 64, 54, 50, 13, 40, 42, 44, 38, 37, 14, 15, 12, 18, 46, 49, 17, 36, 19]
R8[21, 51, 22, 23, 26, 27, 33, 35, 34, 24, 29]
R9[25, 30, 20, 32, 31, 39]
------------------------------------------
