 
------------------------------------------
CANTIDAD DE EJECUCIONES: 100
HEURÍSTICA DE CONSTRUCCIÓN: NearestNeighborWithRLC
COSTO TOTAL: 2226.32
TOTAL DE RUTAS: 8
TIEMPO DE EJECUCIÓN: 231 milisegundos
 
R1[2, 1, 99, 96, 100, 95, 97, 93, 98, 94, 92, 91, 85, 89, 90, 3, 88, 82]
R2[5, 84, 86, 87, 59, 37, 83, 60, 80]
R3[81, 78, 77, 79, 6, 61, 45, 76, 70, 71, 73]
R4[4, 7, 69, 62, 63, 66, 65, 35, 9, 10, 32, 64, 49, 47, 8]
R5[58, 53, 28, 68, 75, 72, 74, 57, 56, 55]
R6[12, 67, 54, 50, 51, 13, 40, 42, 43, 14, 16, 17, 52, 18, 11, 46, 36, 48]
R7[31, 19, 30, 34, 20, 33, 39, 25, 24, 29, 27, 26, 21, 23, 41, 22]
R8[44, 38, 15]
------------------------------------------
