 
------------------------------------------
CANTIDAD DE EJECUCIONES: 100
HEURÍSTICA DE CONSTRUCCIÓN: NearestNeighborWithRLC
COSTO TOTAL: 2262.64
TOTAL DE RUTAS: 8
TIEMPO DE EJECUCIÓN: 224 milisegundos
 
R1[2, 1, 99, 96, 98, 95, 94, 97, 92, 91, 85, 61, 100, 93, 59, 89, 60]
R2[3, 88, 90, 87, 73, 75, 74, 4, 81, 80, 78]
R3[79, 6, 13, 83, 84, 86, 44, 43, 82]
R4[48, 47, 46, 49, 7, 62, 69, 77, 76, 70, 63, 66, 71, 35, 72]
R5[68, 5, 45, 8, 64, 11, 19, 58]
R6[53, 57, 56, 55, 54, 67, 52, 50, 33, 9, 65]
R7[10, 12, 42, 15, 14, 16, 37, 17, 18, 51, 21, 41, 40, 39, 23, 22, 38]
R8[28, 30, 20, 36, 32, 31, 24, 34, 26, 27, 25, 29]
------------------------------------------
