 
------------------------------------------
HEURÍSTICA DE CONSTRUCCIÓN: SaveParallel
COSTO TOTAL: 786.12
TOTAL DE RUTAS: 4
TIEMPO DE EJECUCIÓN: 6.770190954208374
 
R1[27, 58, 40, 21, 4, 25, 55, 39, 67, 23, 56, 75, 73, 72, 74, 22, 41, 15, 43, 42, 14, 38, 44, 86, 16, 61, 17]
R2[89, 6, 94, 13, 2, 57, 87, 97, 95, 92, 98, 37, 100, 91, 85, 93, 59, 99, 96, 5]
R3[60, 53, 28, 26, 12, 76, 77, 3, 79, 68, 80, 54, 24, 29, 78, 34, 35, 65, 71, 66, 20, 51, 9, 81, 33, 50, 1, 69, 52]
R4[84, 45, 8, 46, 48, 47, 36, 49, 64, 63, 32, 90, 30, 70, 10, 11, 19, 62, 31, 88, 7, 82, 18, 83]
------------------------------------------
