 
------------------------------------------
HEURÍSTICA DE CONSTRUCCIÓN: MatchingBasedSavingAlgorithm
COSTO TOTAL: 1722.26
TOTAL DE RUTAS: 5
TIEMPO DE EJECUCIÓN: 4.25302791595459
 
R1[46, 48, 7, 88, 47, 49, 36, 49, 19, 3, 31, 62, 77, 24, 29, 79]
R2[17, 5, 86, 61, 60, 33, 35, 9, 81, 33, 78, 33, 52, 69, 8, 18, 83, 82, 84]
R3[32, 56, 75, 23, 26, 72, 54, 55, 25, 67, 39, 12, 4, 70, 90, 63, 76, 10, 80, 68, 11, 64]
R4[16, 14, 93, 59, 38, 44, 38, 100, 98, 92, 94, 89, 95, 27, 37, 85, 91, 99, 6, 51, 71, 51, 97]
R5[1, 13, 42, 87, 57, 2, 58, 40, 43, 58, 20, 15, 53, 58, 21, 22, 74, 73, 22, 73]
------------------------------------------
