 
------------------------------------------
HEURÍSTICA DE CONSTRUCCIÓN: MatchingBasedSavingAlgorithm
COSTO TOTAL: 1799.16
TOTAL DE RUTAS: 5
TIEMPO DE EJECUCIÓN: 4.372878074645996
 
R1[46, 48, 7, 79, 19, 3, 50, 62, 49, 31, 29, 24, 29, 77, 47, 88]
R2[17, 5, 86, 61, 60, 9, 35, 69, 33, 34, 78, 33, 81, 33, 52, 8, 18, 82, 84]
R3[16, 14, 44, 91, 27, 59, 37, 85, 93, 91, 100, 98, 92, 99, 6, 65, 51, 51, 71, 51, 89, 95, 97]
R4[26, 56, 32, 23, 75, 72, 54, 4, 12, 76, 10, 80, 68, 25, 55, 39, 67, 70, 90, 63, 11, 64]
R5[1, 42, 57, 87, 13, 40, 28, 2, 15, 43, 58, 53, 66, 20, 21, 73, 74, 22, 74, 73]
------------------------------------------
