 
------------------------------------------
HEURÍSTICA DE CONSTRUCCIÓN: MatchingBasedSavingAlgorithm
COSTO TOTAL: 1769.15
TOTAL DE RUTAS: 5
TIEMPO DE EJECUCIÓN: 4.324931859970093
 
R1[46, 48, 7, 79, 19, 49, 88, 47, 36, 50, 77, 29, 24, 31, 3, 31]
R2[17, 5, 86, 61, 8, 52, 69, 9, 35, 69, 81, 33, 78, 34, 8, 82, 83, 45, 84]
R3[98, 94, 38, 91, 85, 100, 98, 92, 93, 98, 59, 99, 96, 99, 65, 71, 51, 37, 14, 16, 89, 95, 97]
R4[32, 56, 75, 23, 26, 72, 54, 4, 12, 70, 90, 63, 11, 80, 10, 76, 68, 25, 67, 39, 55, 64]
R5[1, 20, 58, 53, 57, 2, 15, 57, 13, 73, 74, 22, 74, 73, 21, 28, 42, 40, 43, 87]
------------------------------------------
