 
------------------------------------------
CANTIDAD DE EJECUCIONES: 100
HEURÍSTICA DE CONSTRUCCIÓN: HeuristicType.CMT
COSTO TOTAL: 2338.88
TOTAL DE RUTAS: 18
TIEMPO DE EJECUCIÓN: 4.983490467071533 milisegundos
 
R1[75, 163, 182, 194, 145]
R2[140, 187, 142, 22, 16, 150]
R3[114, 159, 38, 38, 159, 159, 151, 199, 184, 37, 138, 135, 81]
R4[59, 169, 123, 48, 26, 105, 89, 105, 198, 14, 105, 198, 153, 152, 133]
R5[1, 9, 99, 144, 144, 101, 119, 166, 144, 126, 71, 183, 137, 93]
R6[180, 84, 72, 4, 82, 191, 4, 125]
R7[18, 161, 104, 117, 117, 49, 117, 49, 49, 55, 58, 54]
R8[77, 172, 25, 172, 172, 172, 80, 20, 110, 162, 24, 61, 100, 154, 64, 179, 27, 173, 109, 45, 178]
R9[91, 164, 47, 66, 160, 147, 164, 12]
R10[139, 129, 6, 11, 122, 116, 73]
R11[21, 52, 23, 92, 52, 52, 195, 195, 195, 195, 170, 50, 29, 87]
R12[108, 188, 165, 176, 36, 165, 143, 83, 118, 83, 118, 190]
R13[167, 128, 106, 193, 46, 5, 10, 5, 95, 158]
R14[28, 196, 19, 74, 130, 96, 96, 97, 96, 149, 30]
R15[62, 131, 44, 102, 146, 68, 76]
R16[88, 3, 186, 186, 98, 8, 8, 157]
R17[65, 86, 115, 94, 51, 171, 174, 136, 189, 32, 124, 141, 197, 69, 200, 103, 148]
R18[2, 43, 13, 90, 17, 67, 175, 39, 113, 155, 78, 107]
------------------------------------------
