 
------------------------------------------
CANTIDAD DE EJECUCIONES: 100
HEURÍSTICA DE CONSTRUCCIÓN: HeuristicType.CMT
COSTO TOTAL: 2612.94
TOTAL DE RUTAS: 18
TIEMPO DE EJECUCIÓN: 4.9576568603515625 milisegundos
 
R1[35, 71, 126, 119, 166, 144, 101, 1, 9, 99, 53]
R2[10, 5, 5, 106, 34, 34, 5, 167, 95, 34, 190]
R3[117, 49, 132, 181, 58, 18, 104, 7, 181, 185, 104]
R4[77, 172, 25, 31, 41, 110, 80, 85, 110, 20]
R5[176, 143, 33, 118, 118, 108, 36, 165, 118, 188, 121]
R6[123, 42, 87, 29, 50, 112, 156, 112, 134, 168, 79]
R7[179, 100, 64, 64, 45, 61, 100, 100, 45, 178, 173, 62, 76]
R8[103, 197, 69, 141, 124, 200, 148]
R9[65, 94, 115, 86, 51, 171, 174, 136, 189, 32]
R10[191, 125, 4, 82, 180, 84, 72, 60]
R11[130, 192, 28, 30, 19, 59, 169, 89, 15, 105, 153, 48, 133, 149, 48, 149, 120, 97, 96, 152, 198, 26, 152, 14, 96, 146, 102, 44, 131]
R12[2, 67, 17, 67, 90, 39, 78, 175, 155, 113, 13, 43]
R13[145, 195, 52]
R14[177, 187, 140, 22, 16, 16, 142, 151, 111, 38, 63, 159]
R15[3, 88, 98, 186, 8, 186, 157]
R16[12, 91, 47, 66, 160, 147, 66, 66, 116, 129, 11, 6, 73, 122, 139]
R17[81, 37, 138, 199, 56, 114, 184, 135, 93, 183, 137, 55]
R18[21, 182, 23, 194, 163, 75, 92]
------------------------------------------
