 
------------------------------------------
CANTIDAD DE EJECUCIONES: 100
HEURÍSTICA DE CONSTRUCCIÓN: HeuristicType.CMT
COSTO TOTAL: 2698.71
TOTAL DE RUTAS: 18
TIEMPO DE EJECUCIÓN: 4.971593141555786 milisegundos
 
R1[176, 188, 121, 165, 143, 143, 33, 36, 143, 118, 108]
R2[81, 138, 137, 93, 53, 71, 144, 1, 99, 137, 199, 184, 55, 135, 37, 137, 183, 9, 126, 9, 101]
R3[21]
R4[163, 194, 75, 182, 75, 92, 52, 145, 195]
R5[18, 54, 58, 185, 161, 104]
R6[42, 156, 50, 112, 29, 87, 79, 168, 112, 123, 170, 153]
R7[155, 78, 13, 67, 67, 175, 39, 67, 67, 67, 67, 67, 122, 139, 11, 6, 73, 129, 116]
R8[180, 82, 191, 84, 4, 60, 72, 125]
R9[147, 66, 47, 103, 69, 189, 32, 197, 197, 148, 164, 160, 124, 197, 141, 91, 70]
R10[14, 152, 40, 89, 15, 105, 89, 105, 59, 97, 130, 26, 96, 196, 96, 28, 48, 133, 19, 74]
R11[25, 85, 24, 20, 162, 41, 77, 172, 31, 80, 31, 80, 61, 154, 100, 64, 179, 173, 27, 45, 109]
R12[94, 51, 65, 115, 86, 171, 174]
R13[167, 106, 128, 193, 46, 193, 10, 5, 34, 158, 190]
R14[150, 38, 22, 159]
R15[3, 98, 8, 186, 8, 98, 157, 177]
R16[7, 132, 181, 117, 49]
R17[68, 120, 149, 30, 120, 30, 62, 146, 76, 131, 44]
R18[142, 16, 187, 140, 187, 151, 111, 114, 56]
------------------------------------------
