 
------------------------------------------
HEURÍSTICA DE CONSTRUCCIÓN: SaveSequential
COSTO TOTAL: 824.71
TOTAL DE RUTAS: 6
TIEMPO DE EJECUCIÓN: 1.4513115882873535
 
R1[73, 23, 43, 64, 42, 41, 56, 49, 24, 50, 18, 55, 25, 31, 10, 72]
R2[58, 38, 65, 66, 59, 14, 11, 53, 19, 54, 13]
R3[37, 20, 70, 60, 71, 69, 61, 22, 1, 63, 16, 3, 44, 32, 9, 39]
R4[52, 27, 57, 15, 29, 5, 36, 47, 21, 28, 62, 74, 48, 30]
R5[34, 46, 8, 35, 7, 12, 40, 17, 51, 33, 2, 6, 68]
R6[26, 67, 45, 4, 75]
------------------------------------------
