 
------------------------------------------
HEURÍSTICA DE CONSTRUCCIÓN: SaveSequential
COSTO TOTAL: 810.25
TOTAL DE RUTAS: 6
TIEMPO DE EJECUCIÓN: 1.3227314949035645
 
R1[72, 10, 31, 55, 25, 18, 50, 24, 49, 56, 41, 42, 64, 43, 23, 73]
R2[59, 54, 13, 57, 15, 37, 20, 70, 60, 71, 69, 36, 47, 21, 61, 22, 1]
R3[29, 5, 48, 74, 28, 62, 63, 16, 3, 44, 32, 9, 39]
R4[7, 8, 35, 19, 14, 53, 11, 66, 65, 38, 58, 51]
R5[4, 34, 46, 52, 27, 45, 30, 2, 33, 6, 68]
R6[75, 67, 26, 12, 40, 17]
------------------------------------------
