 
------------------------------------------
HEURÍSTICA DE CONSTRUCCIÓN: SaveSequential
COSTO TOTAL: 815.17
TOTAL DE RUTAS: 6
TIEMPO DE EJECUCIÓN: 1.2867543697357178
 
R1[1, 63, 23, 43, 64, 42, 41, 56, 49, 24, 18, 55, 25, 50, 32, 72]
R2[51, 16, 3, 44, 9, 31, 10, 65, 66, 59, 14, 35]
R3[54, 13, 57, 15, 37, 20, 70, 60, 71, 69, 36, 47, 21, 61, 22, 28, 74]
R4[73, 12, 40, 39, 58, 38, 11, 53, 19, 8, 7, 46]
R5[34, 52, 27, 45, 29, 5, 48, 30, 2, 33, 62, 6]
R6[4, 68, 75, 67, 26, 17]
------------------------------------------
