 
------------------------------------------
CANTIDAD DE EJECUCIONES: 100
HEURÍSTICA DE CONSTRUCCIÓN: RandomMethod
COSTO TOTAL: 4027.76
TOTAL DE RUTAS: 9
TIEMPO DE EJECUCIÓN: 75 milisegundos
 
R1[57, 23, 45, 74, 66, 1, 41, 83]
R2[39, 80, 32, 98, 3, 95, 92, 87, 78, 96, 47, 99, 76, 88]
R3[11, 60, 67, 77, 7, 94, 85, 82, 18, 44, 97, 79, 33, 14]
R4[51, 72, 46, 22, 27, 30, 17, 49, 65, 61, 40, 34, 50, 43, 55, 59, 64, 58]
R5[19, 100, 8, 62, 56, 81, 91, 2, 28, 21, 89, 9]
R6[63, 93, 71, 52, 35, 42]
R7[37, 6, 68, 29, 48, 24, 75, 26, 38]
R8[84, 86, 10, 16, 20, 5, 36, 54, 90, 73, 15, 12, 31]
R9[4, 70, 53, 13, 25, 69]
------------------------------------------
