 
------------------------------------------
CANTIDAD DE EJECUCIONES: 100
HEURÍSTICA DE CONSTRUCCIÓN: RandomMethod
COSTO TOTAL: 4093.18
TOTAL DE RUTAS: 10
TIEMPO DE EJECUCIÓN: 58 milisegundos
 
R1[88, 10, 41, 8, 66, 12, 73, 83, 36, 54, 90, 65, 69, 31]
R2[15, 70, 85, 82, 24, 26, 39, 25, 87, 61, 62]
R3[20, 13, 35, 97, 28, 67, 45, 43, 44]
R4[7, 17, 95, 84, 56, 19]
R5[63, 68, 32, 23, 48, 58, 89]
R6[14, 30, 49, 29, 80, 72, 16, 6, 47, 78]
R7[60, 57, 91, 27, 98, 1, 53, 77, 71, 59, 40, 5, 55, 74]
R8[4, 34, 33, 22, 9, 42, 46]
R9[18, 81, 50, 11, 3, 64, 52, 38, 94, 99, 21, 2, 75, 51, 86]
R10[37, 76, 93, 92, 100, 79, 96]
------------------------------------------
