 
------------------------------------------
HEURÍSTICA DE CONSTRUCCIÓN: CMT
COSTO TOTAL: 1358.75
TOTAL DE RUTAS: 15
TIEMPO DE EJECUCIÓN: 1.2982206344604492
 
R1[63, 23, 56, 49, 16, 3, 51, 73]
R2[7, 34, 26, 67, 26, 72]
R3[53, 11, 14, 35]
R4[31, 25, 55, 18, 50, 39]
R5[13, 57, 54, 15, 20, 70, 37]
R6[28, 62, 24, 1]
R7[69, 66, 59, 65, 58]
R8[44, 32, 9, 12]
R9[21, 60, 36, 71, 36, 47, 74]
R10[19, 8, 38, 10, 52]
R11[68, 64, 43, 42, 41, 42]
R12[33, 6, 40, 17]
R13[45, 5, 48, 2]
R14[75, 29, 30, 46]
R15[4]
------------------------------------------
