 
------------------------------------------
HEURÍSTICA DE CONSTRUCCIÓN: Sweep
COSTO TOTAL: 2484.14
TOTAL DE RUTAS: 13
TIEMPO DE EJECUCIÓN: 0.7708497047424316
 
R1[15, 34, 73, 11, 10]
R2[27, 56, 13, 66]
R3[12, 3, 44, 37, 22, 60, 7]
R4[71, 41, 47, 36, 20, 21, 23, 48]
R5[62, 26, 1, 38, 53]
R6[70, 19, 50, 39, 17]
R7[33, 45, 54, 52]
R8[58, 14, 46, 69]
R9[4, 8, 51, 18, 28, 2, 55, 24, 63]
R10[75, 25, 35, 59]
R11[40, 6, 68, 65, 72, 16]
R12[42, 67, 74, 5, 32]
R13[57, 31, 9, 29, 43, 49, 64, 61, 30]
------------------------------------------
