 
------------------------------------------
HEURÍSTICA DE CONSTRUCCIÓN: CMT
COSTO TOTAL: 1399.59
TOTAL DE RUTAS: 15
TIEMPO DE EJECUCIÓN: 1.2486443519592285
 
R1[35, 19, 54, 14, 59]
R2[10, 31, 72, 38, 65]
R3[42, 64, 41, 43, 56]
R4[44, 32, 25, 55, 50, 3]
R5[47, 36, 71, 60, 70, 37, 69, 48]
R6[33, 73, 1, 63, 23, 63, 62]
R7[7, 18, 24, 49, 20, 61]
R8[11, 66]
R9[74, 28, 21, 2]
R10[27, 15, 29, 5, 45, 57]
R11[53, 16, 9, 30]
R12[52, 13, 8, 34, 46]
R13[26, 39, 58, 40, 51]
R14[75, 12, 17, 6, 68]
R15[4, 67]
------------------------------------------
