 
------------------------------------------
HEURÍSTICA DE CONSTRUCCIÓN: RandomMethod
COSTO TOTAL: 2563.86
TOTAL DE RUTAS: 13
TIEMPO DE EJECUCIÓN: 0.04990887641906738
 
R1[51, 17, 75, 48, 54, 64]
R2[7, 31, 38, 37, 6]
R3[42, 60, 69, 22, 62, 24, 66, 59]
R4[4, 20, 33, 73, 49, 61, 13]
R5[68, 2, 26, 21]
R6[52, 3, 10, 47, 43, 71]
R7[46, 35, 34, 23, 19, 11]
R8[70, 67, 16, 56, 50]
R9[9, 74, 25, 45, 36]
R10[32, 39, 65, 41, 30, 53]
R11[8, 63, 44, 14, 55]
R12[58, 27, 28, 40]
R13[15, 57, 18, 1, 72, 12, 29, 5]
------------------------------------------
