 
------------------------------------------
HEURÍSTICA DE CONSTRUCCIÓN: CMT
COSTO TOTAL: 1320.51
TOTAL DE RUTAS: 15
TIEMPO DE EJECUCIÓN: 1.3113377094268799
 
R1[35, 8, 46, 7, 19, 7]
R2[13, 57, 15, 5, 20, 37]
R3[64, 42, 22, 41, 43]
R4[18, 24, 23, 56, 49, 50]
R5[11, 66, 65, 72, 39]
R6[69, 71, 70, 60, 70, 36, 47]
R7[59, 31, 25, 55, 68, 1]
R8[21, 48, 29, 74, 28]
R9[33, 73, 62, 63, 2]
R10[17, 6, 51, 16, 30]
R11[10, 14, 45, 27]
R12[9, 32, 44, 3]
R13[38, 52, 4, 34]
R14[12, 53, 58, 40]
R15[75, 26, 67]
------------------------------------------
