 
------------------------------------------
HEURÍSTICA DE CONSTRUCCIÓN: CMT
COSTO TOTAL: 1329.08
TOTAL DE RUTAS: 15
TIEMPO DE EJECUCIÓN: 1.1932578086853027
 
R1[69, 71, 70, 60, 70, 36, 37, 61]
R2[74, 48, 47, 21, 30]
R3[59, 66, 14]
R4[1, 41, 43, 42, 43, 23]
R5[55, 50, 25, 18, 24, 49, 3]
R6[7, 9, 72, 39, 72, 12]
R7[54, 22, 63, 56, 31, 65]
R8[10, 38]
R9[44, 32, 16, 51, 17]
R10[53, 11, 35, 26]
R11[13, 62, 33, 73, 28, 73]
R12[6, 2, 68, 75]
R13[8, 5, 57, 40, 29]
R14[52, 19, 45, 27, 46]
R15[4, 34, 67]
------------------------------------------
