 
------------------------------------------
HEURÍSTICA DE CONSTRUCCIÓN: NearestNeighborWithRLC
COSTO TOTAL: 2378.15
TOTAL DE RUTAS: 13
TIEMPO DE EJECUCIÓN: 0.3968937397003174
 
R1[68, 75, 2, 67, 26]
R2[4, 73, 72, 63, 62, 74, 52, 53]
R3[3, 17, 6, 51, 58]
R4[34, 12, 7, 46, 45]
R5[40, 44, 48, 30]
R6[35, 33, 39, 29, 8, 28]
R7[32, 16, 19, 9]
R8[1, 57, 5, 13, 54, 47, 49]
R9[38, 27, 15, 21, 14]
R10[65, 10, 61, 66, 11, 50]
R11[43, 42, 37, 22, 23, 24, 36, 25, 18, 31]
R12[71, 20, 70, 56, 69, 59, 64, 55]
R13[41, 60]
------------------------------------------
