 
------------------------------------------
HEURÍSTICA DE CONSTRUCCIÓN: NearestNeighborWithRLC
COSTO TOTAL: 2380.8
TOTAL DE RUTAS: 13
TIEMPO DE EJECUCIÓN: 0.40180373191833496
 
R1[68, 2, 75, 67]
R2[52, 51, 74, 46, 26]
R3[4, 45, 72, 63, 62, 73]
R4[58, 48, 40, 44]
R5[39, 35, 53, 34, 32]
R6[33, 30, 28, 3]
R7[27, 17, 6, 29, 12, 16, 13]
R8[9, 19, 5, 7, 10]
R9[1, 54, 8, 57, 47, 49, 21]
R10[15, 38, 14, 65, 66, 11, 50, 18, 22]
R11[61, 23, 43, 42, 37, 24, 36, 20]
R12[41, 25, 56, 31, 71, 70, 55, 69]
R13[60, 64, 59]
------------------------------------------
