 
------------------------------------------
HEURÍSTICA DE CONSTRUCCIÓN: NearestNeighborWithRLC
COSTO TOTAL: 2390.52
TOTAL DE RUTAS: 12
TIEMPO DE EJECUCIÓN: 0.3915252685546875
 
R1[75, 2, 68, 26]
R2[4, 74, 67, 72, 63, 62]
R3[52, 51, 58, 53, 48]
R4[46, 3, 73, 17, 45]
R5[6, 44, 39, 34, 12]
R6[40, 33, 7, 30]
R7[35, 32, 28, 8, 19, 16, 13]
R8[27, 29, 5, 9, 10]
R9[1, 47, 57, 15, 54, 65, 61, 49, 50]
R10[43, 21, 38, 37, 36, 14, 25, 24]
R11[66, 42, 23, 22, 41, 18, 31, 11, 20]
R12[56, 71, 70, 59, 55, 60, 64, 69]
------------------------------------------
