 
------------------------------------------
HEURÍSTICA DE CONSTRUCCIÓN: CMT
COSTO TOTAL: 1337.95
TOTAL DE RUTAS: 15
TIEMPO DE EJECUCIÓN: 1.2106740474700928
 
R1[8, 13, 54, 19, 52, 27]
R2[24, 49, 23, 56, 63, 16]
R3[64, 42, 41, 43, 1, 73]
R4[18, 55, 50, 25, 32, 3]
R5[69, 61, 22, 28, 21]
R6[7, 38, 10, 65, 31, 72]
R7[60, 66, 59, 39, 35]
R8[58, 12, 26]
R9[44, 9, 40, 17]
R10[53, 11, 14]
R11[2, 70, 71, 20, 37, 57, 15]
R12[4, 67, 75, 34]
R13[36, 33, 51, 62, 46]
R14[5, 47, 68, 6, 74, 48]
R15[45, 29, 30]
------------------------------------------
