 
------------------------------------------
HEURÍSTICA DE CONSTRUCCIÓN: Sweep
COSTO TOTAL: 2547.4
TOTAL DE RUTAS: 13
TIEMPO DE EJECUCIÓN: 0.8016829490661621
 
R1[54, 43, 21, 20, 29]
R2[34, 11, 22, 70]
R3[38, 7, 55, 26, 30]
R4[1, 42, 6, 4, 41]
R5[32, 40, 74, 50]
R6[68, 57, 31, 64, 37]
R7[62, 3, 15, 13, 9, 45]
R8[65, 12, 35, 24, 2, 51]
R9[67, 46, 14, 61, 69, 5, 16, 56]
R10[44, 47, 52, 36, 60, 10, 59, 23, 49, 53, 66]
R11[8, 33, 39, 75, 63]
R12[58, 28, 48, 71, 73, 25, 18, 17]
R13[27, 19, 72]
------------------------------------------
