 
------------------------------------------
HEURÍSTICA DE CONSTRUCCIÓN: Sweep
COSTO TOTAL: 2518.14
TOTAL DE RUTAS: 13
TIEMPO DE EJECUCIÓN: 0.7635085582733154
 
R1[17, 7, 9, 31, 73]
R2[12, 66, 14, 39]
R3[1, 48, 72, 10, 46]
R4[42, 51, 54, 58, 25, 3, 53]
R5[75, 60, 36, 34, 55, 2, 24, 20, 49, 19]
R6[71, 5, 4, 45, 22]
R7[52, 62, 41, 26, 16]
R8[32, 40, 28, 56, 63, 50, 64, 37]
R9[6, 15, 65, 59, 68, 30]
R10[8, 21, 43, 23, 11]
R11[44, 57, 18, 35, 61, 29, 47]
R12[70, 69, 74, 13, 38, 67]
R13[27, 33]
------------------------------------------
