 
------------------------------------------
HEURÍSTICA DE CONSTRUCCIÓN: RandomMethod
COSTO TOTAL: 2548.93
TOTAL DE RUTAS: 13
TIEMPO DE EJECUCIÓN: 0.04905962944030762
 
R1[61, 17, 35, 57, 4]
R2[45, 13, 65, 8, 74, 26, 63, 49, 56]
R3[40, 36, 47, 73, 21, 11, 18]
R4[58, 42, 50, 19, 46]
R5[52, 34, 25, 48, 69, 55, 14]
R6[39, 72, 27, 22, 62, 54, 28]
R7[12, 64, 33]
R8[67, 53, 51, 23, 75, 5]
R9[38, 9, 71, 16, 3, 66, 31]
R10[29, 20, 59, 6, 1, 30]
R11[68, 7, 2, 44, 24]
R12[41, 10, 32, 43, 15]
R13[70, 60, 37]
------------------------------------------
