 
------------------------------------------
HEURÍSTICA DE CONSTRUCCIÓN: SaveParallel
COSTO TOTAL: 831.27
TOTAL DE RUTAS: 8
TIEMPO DE EJECUCIÓN: 1.449554681777954
 
R1[54, 19, 14, 66, 65, 11, 65, 53]
R2[49, 24, 16, 23, 56, 43, 41, 42, 64, 22, 61, 21, 28, 62, 74]
R3[29, 48, 5, 47, 36, 69, 71, 60, 70, 20, 37, 15, 57, 13, 27]
R4[10, 31, 25, 55, 18, 50, 32, 9, 39, 72, 12]
R5[3, 44, 40, 51, 6, 17]
R6[4, 45, 46, 52, 34]
R7[26, 8, 35, 7, 38, 58, 67]
R8[1, 63, 33, 73, 2, 30, 68, 75]
------------------------------------------
