 
------------------------------------------
HEURÍSTICA DE CONSTRUCCIÓN: NearestNeighborWithRLC
COSTO TOTAL: 2340.22
TOTAL DE RUTAS: 12
TIEMPO DE EJECUCIÓN: 0.4013481140136719
 
R1[75, 2, 74, 73, 72, 67]
R2[52, 68, 63, 62, 58, 51]
R3[46, 26, 45, 40]
R4[4, 48, 35, 44, 53]
R5[34, 33, 32, 3, 17]
R6[6, 12, 7, 39, 30, 28]
R7[27, 29, 19, 16, 8, 13, 5, 10]
R8[57, 54, 1, 49, 9, 15]
R9[38, 47, 14, 65, 66, 21, 61, 11]
R10[18, 22, 50, 23, 43, 42, 24]
R11[41, 20, 25, 31, 71, 70, 69, 37, 59, 55, 36]
R12[60, 64, 56]
------------------------------------------
