 
------------------------------------------
HEURÍSTICA DE CONSTRUCCIÓN: NearestNeighborWithRLC
COSTO TOTAL: 2373.17
TOTAL DE RUTAS: 12
TIEMPO DE EJECUCIÓN: 0.3977012634277344
 
R1[2, 67, 75, 74, 26]
R2[68, 73, 72, 63, 4, 62, 58]
R3[52, 53, 48, 46]
R4[45, 44, 51, 39, 40]
R5[3, 17, 34, 35, 6, 12]
R6[33, 7, 32, 30, 28]
R7[27, 8, 16, 29, 13, 5, 19, 10]
R8[57, 54, 1, 49, 47, 21]
R9[15, 9, 38, 65, 11, 14, 66, 61]
R10[50, 43, 37, 22, 23, 24]
R11[42, 25, 41, 20, 36, 71, 31, 18, 56, 69]
R12[70, 64, 55, 59, 60]
------------------------------------------
