 
------------------------------------------
HEURÍSTICA DE CONSTRUCCIÓN: NearestNeighborWithRLC
COSTO TOTAL: 2360.68
TOTAL DE RUTAS: 12
TIEMPO DE EJECUCIÓN: 0.4143509864807129
 
R1[68, 75, 74, 67, 73, 52, 72, 63, 51, 2, 26]
R2[4, 58, 53, 46, 48]
R3[3, 45, 17, 6, 34]
R4[44, 62, 39, 40, 12]
R5[35, 7, 33, 30, 8]
R6[29, 32, 19, 27, 16]
R7[9, 13, 1, 5, 28]
R8[57, 54, 47, 38, 21, 10, 49, 11, 14]
R9[65, 66, 61, 50, 18]
R10[43, 22, 15, 37, 42, 23, 24]
R11[41, 25, 20, 71, 70, 36, 69, 56, 59, 55, 31]
R12[60, 64]
------------------------------------------
