 
------------------------------------------
HEURÍSTICA DE CONSTRUCCIÓN: CMT
COSTO TOTAL: 1357.04
TOTAL DE RUTAS: 15
TIEMPO DE EJECUCIÓN: 1.2952196598052979
 
R1[9, 39, 32, 44, 72]
R2[7, 26, 67, 12, 34]
R3[1, 43, 23, 41, 56, 63, 73]
R4[5, 57, 15, 29, 45, 48]
R5[55, 50, 25, 18, 24, 49, 3]
R6[69, 61, 71, 36, 71, 21, 47]
R7[14, 64, 42, 70, 22]
R8[20, 37, 28, 74, 62]
R9[54, 13, 27, 52, 30]
R10[53, 19, 59, 8, 35, 8]
R11[31, 33, 2, 16]
R12[40, 51, 17, 6]
R13[11, 66, 10]
R14[58, 65, 38, 4]
R15[46, 75]
------------------------------------------
