 
------------------------------------------
HEURÍSTICA DE CONSTRUCCIÓN: RandomMethod
COSTO TOTAL: 2544.93
TOTAL DE RUTAS: 13
TIEMPO DE EJECUCIÓN: 0.0510401725769043
 
R1[13, 45, 41, 3, 26, 6, 16]
R2[39, 73, 38, 53, 67, 48, 22]
R3[33, 62, 72, 9, 25, 66, 50]
R4[32, 59, 27]
R5[40, 54, 2, 47]
R6[60, 19, 70, 71, 14, 55, 12]
R7[58, 57, 44, 20, 56, 61, 18, 11]
R8[15, 69, 65, 52, 36, 63, 30]
R9[75, 29, 28, 43]
R10[46, 17, 74, 42, 37, 5, 10, 31, 64]
R11[7, 51, 21, 4]
R12[34, 23, 49, 24, 8, 1]
R13[68, 35]
------------------------------------------
