 
------------------------------------------
HEURÍSTICA DE CONSTRUCCIÓN: CMT
COSTO TOTAL: 1366.09
TOTAL DE RUTAS: 16
TIEMPO DE EJECUCIÓN: 1.234379768371582
 
R1[1, 64, 41, 42, 43, 73]
R2[24, 49, 56, 23, 44, 3]
R3[55, 18, 25, 50, 32]
R4[69, 71, 37, 20, 60, 70, 60, 20]
R5[10, 31, 39, 9, 72]
R6[53, 66, 11]
R7[68, 59, 65, 14, 38]
R8[7, 58, 35, 8, 26, 12]
R9[2, 30, 17, 6, 51]
R10[62, 22, 63, 28, 33]
R11[27, 16, 21, 47, 54]
R12[40]
R13[45, 15, 5, 13, 57, 19]
R14[52, 74, 48, 29, 75]
R15[34, 4, 46]
R16[67]
------------------------------------------
