 
------------------------------------------
HEURÍSTICA DE CONSTRUCCIÓN: RandomMethod
COSTO TOTAL: 2536.78
TOTAL DE RUTAS: 12
TIEMPO DE EJECUCIÓN: 0.05049395561218262
 
R1[3, 61, 56, 72, 23, 34, 63]
R2[43, 2, 26, 12, 65, 31, 50, 51]
R3[42, 46, 7, 25, 62, 16]
R4[9, 30, 8, 73, 20, 54, 53, 10, 18]
R5[29, 64, 41, 6, 13, 71]
R6[40, 28, 1, 21]
R7[35, 60, 75, 69, 27, 17, 11]
R8[67, 58, 4, 66]
R9[33, 38, 19, 57, 70]
R10[32, 55, 52, 74, 15, 5]
R11[39, 22, 45, 36, 48, 49, 24, 47, 14]
R12[44, 59, 68, 37]
------------------------------------------
