 
------------------------------------------
HEURÍSTICA DE CONSTRUCCIÓN: Sweep
COSTO TOTAL: 2510.95
TOTAL DE RUTAS: 11
TIEMPO DE EJECUCIÓN: 0.7844295501708984
 
R1[9, 46, 10, 60, 72, 11, 56, 24]
R2[75, 31, 18, 27, 23]
R3[45, 63, 37, 6, 58, 35]
R4[7, 15, 8, 51, 32, 48]
R5[1, 2, 57, 69, 4]
R6[29, 67, 65, 43, 64, 22]
R7[71, 68, 25, 12, 70, 59, 47, 14]
R8[33, 74, 5, 49, 44, 3, 17]
R9[39, 20, 53, 54, 62, 55, 21, 30, 61]
R10[52, 13, 34, 40, 26]
R11[38, 36, 42, 16, 73, 41, 28, 19, 66, 50]
------------------------------------------
