 
------------------------------------------
HEURÍSTICA DE CONSTRUCCIÓN: NearestNeighborWithRLC
COSTO TOTAL: 2363.45
TOTAL DE RUTAS: 12
TIEMPO DE EJECUCIÓN: 0.43846845626831055
 
R1[68, 2, 67, 52]
R2[75, 26, 51, 4, 74]
R3[46, 45, 72, 63, 40, 73]
R4[62, 58, 53, 35, 34]
R5[33, 48, 30, 29, 39]
R6[27, 44, 28, 32, 19, 17, 16]
R7[3, 13, 12, 6, 7, 8]
R8[1, 10, 57, 54, 5, 47]
R9[9, 38, 15, 21, 49, 14]
R10[65, 11, 61, 22, 66, 23, 50, 18, 37]
R11[43, 36, 24, 42, 41, 25, 31, 56]
R12[71, 69, 59, 20, 70, 60, 64, 55]
------------------------------------------
