 
------------------------------------------
HEURÍSTICA DE CONSTRUCCIÓN: Sweep
COSTO TOTAL: 2520.62
TOTAL DE RUTAS: 13
TIEMPO DE EJECUCIÓN: 0.7779300212860107
 
R1[38, 15, 67, 70, 61, 18]
R2[4, 51, 65, 34, 24]
R3[45, 59, 52, 10, 20, 28, 56]
R4[44, 23, 22, 62, 5, 69]
R5[75, 13, 19, 57, 35]
R6[40, 6, 55, 37, 2, 21, 30]
R7[41, 60, 32, 74, 73, 47]
R8[68, 66, 3, 1, 42, 29, 54]
R9[12, 14, 46, 71, 72, 53]
R10[33, 43, 39, 8, 36, 64, 25]
R11[27, 17, 48, 63, 16]
R12[58, 9, 31, 11, 50, 26]
R13[7, 49]
------------------------------------------
