 
------------------------------------------
HEURÍSTICA DE CONSTRUCCIÓN: Sweep
COSTO TOTAL: 2396.65
TOTAL DE RUTAS: 12
TIEMPO DE EJECUCIÓN: 0.7925548553466797
 
R1[31, 58, 53, 23, 55, 66, 59]
R2[60, 36, 33, 48, 34]
R3[67, 8, 7, 27, 17]
R4[45, 51, 11, 35, 47, 30, 2, 24]
R5[75, 62, 22, 25, 65, 20, 63, 13, 74]
R6[41, 3, 40, 54, 26]
R7[12, 6, 21, 46]
R8[38, 64, 28, 16, 14]
R9[29, 57, 32, 37, 69, 5]
R10[1, 15, 4, 44, 68, 73, 10, 19, 61]
R11[39, 43, 56, 70, 71, 49, 18]
R12[42, 9, 72, 50, 52]
------------------------------------------
