 
------------------------------------------
HEURÍSTICA DE CONSTRUCCIÓN: NearestNeighborWithRLC
COSTO TOTAL: 2337.93
TOTAL DE RUTAS: 12
TIEMPO DE EJECUCIÓN: 0.3971672058105469
 
R1[68, 75, 2, 26, 74, 73]
R2[4, 72, 63, 62, 52, 51]
R3[46, 45, 67, 53, 48]
R4[40, 35, 34, 44, 58]
R5[3, 17, 39, 6, 33, 30]
R6[32, 29, 28, 19, 16]
R7[27, 7, 8, 12, 13, 5]
R8[9, 57, 54, 10]
R9[1, 47, 49, 38, 15, 14, 66, 18, 11]
R10[50, 22, 21, 43, 23, 65, 37, 61, 36]
R11[42, 41, 24, 31, 71, 20, 56, 69, 59, 25, 55]
R12[64, 70, 60]
------------------------------------------
