 
------------------------------------------
HEURÍSTICA DE CONSTRUCCIÓN: CMT
COSTO TOTAL: 1344.54
TOTAL DE RUTAS: 15
TIEMPO DE EJECUCIÓN: 1.3780791759490967
 
R1[49, 24, 23, 56, 16, 3]
R2[1, 43, 41, 42, 64, 73]
R3[69, 60, 71, 70, 60, 71, 37, 61]
R4[55, 18, 25]
R5[7, 53, 14, 59]
R6[68, 30, 21, 47, 48]
R7[9, 22, 15, 57, 15, 54]
R8[65, 66, 11, 19]
R9[39, 31, 10, 72, 38]
R10[40, 32, 50, 12]
R11[2, 58, 44, 35, 13, 35]
R12[17, 51, 33, 6, 26]
R13[52, 28, 62, 74, 29]
R14[8, 45, 27, 4]
R15[75, 46, 34, 67]
------------------------------------------
