 
------------------------------------------
HEURÍSTICA DE CONSTRUCCIÓN: Sweep
COSTO TOTAL: 2481.52
TOTAL DE RUTAS: 12
TIEMPO DE EJECUCIÓN: 0.839238166809082
 
R1[49, 23, 41, 16, 31, 24, 61, 10]
R2[3, 14, 32, 58, 72]
R3[34, 18, 39, 52, 19, 43]
R4[33, 17, 65, 42, 56, 26]
R5[40, 1, 9, 64, 47, 37]
R6[8, 55, 6, 69, 48, 59]
R7[68, 13, 4, 75]
R8[67, 5, 73, 70, 30, 50, 36]
R9[71, 60, 44, 15, 38, 29, 35, 28, 22, 63, 54, 21]
R10[7, 46, 12, 62, 74, 25, 66, 11, 53]
R11[27, 57, 51, 20, 2]
R12[45]
------------------------------------------
