 
------------------------------------------
HEURÍSTICA DE CONSTRUCCIÓN: Sweep
COSTO TOTAL: 2552.2
TOTAL DE RUTAS: 14
TIEMPO DE EJECUCIÓN: 0.7685122489929199
 
R1[36, 30, 13, 72, 17, 42]
R2[33, 31, 8, 1, 74]
R3[73, 39, 68, 2, 45, 29, 63, 66]
R4[35, 14, 32, 48, 70]
R5[27, 46, 11, 54]
R6[15, 19, 59, 24, 50]
R7[60, 57, 5, 65, 6, 71, 37, 26]
R8[3, 56, 16, 51, 67]
R9[75, 22, 44, 21, 25]
R10[7, 61, 40, 62]
R11[9, 4, 41, 18]
R12[43, 55, 53, 49, 69, 28]
R13[52, 38, 58, 10, 47, 64]
R14[34, 23, 12, 20]
------------------------------------------
