 
------------------------------------------
HEURÍSTICA DE CONSTRUCCIÓN: RandomMethod
COSTO TOTAL: 2580.12
TOTAL DE RUTAS: 13
TIEMPO DE EJECUCIÓN: 0.04901289939880371
 
R1[33, 38, 22, 69, 64]
R2[9, 70, 75, 14]
R3[62, 34, 73, 31, 47, 13, 59]
R4[39, 43, 23, 5, 32, 61, 2, 37]
R5[7, 27, 18, 50, 28, 17]
R6[52, 15, 40, 55, 49, 10, 21]
R7[46, 6, 67, 54, 11]
R8[35, 71, 19, 29, 20, 36, 65, 3]
R9[12, 8, 25, 63, 16, 24]
R10[57, 56, 41, 42, 53]
R11[4, 30, 45, 72, 48]
R12[60, 44, 58, 66]
R13[1, 68, 51, 74, 26]
------------------------------------------
