 
------------------------------------------
HEURÍSTICA DE CONSTRUCCIÓN: Sweep
COSTO TOTAL: 2532.84
TOTAL DE RUTAS: 13
TIEMPO DE EJECUCIÓN: 0.784905195236206
 
R1[39, 30, 61, 65, 6, 66, 14, 59]
R2[52, 48, 28, 67, 17]
R3[12, 7, 56, 47, 21, 11]
R4[8, 58, 41, 26, 29, 27]
R5[72, 38, 57, 19, 37, 24]
R6[33, 23, 50, 45, 71]
R7[46, 54, 13, 73, 43]
R8[4, 5, 64, 55, 18, 51]
R9[40, 10, 31, 70]
R10[34, 32, 62, 75]
R11[9, 36, 68, 60, 35, 53]
R12[3, 42, 2, 49, 74, 63, 15, 16, 25, 69]
R13[1, 44, 22, 20]
------------------------------------------
