 
------------------------------------------
HEURÍSTICA DE CONSTRUCCIÓN: RandomMethod
COSTO TOTAL: 2565.38
TOTAL DE RUTAS: 12
TIEMPO DE EJECUCIÓN: 0.06122326850891113
 
R1[17, 35, 36, 45, 31]
R2[33, 32, 22, 12, 42, 74, 18, 64, 23]
R3[73, 69, 63, 54, 2, 16, 24, 26, 56]
R4[43, 70, 10, 72, 71, 11]
R5[52, 20, 28, 1, 19, 59, 53]
R6[7, 47, 58, 38, 14]
R7[46, 51, 49, 39, 6, 30]
R8[40, 60, 61, 37]
R9[67, 8, 15, 41, 68, 65, 50, 21, 48]
R10[27, 62, 57, 13, 5, 3, 25]
R11[34, 55, 4, 75, 29, 66]
R12[9, 44]
------------------------------------------
