 
------------------------------------------
HEURÍSTICA DE CONSTRUCCIÓN: NearestNeighborWithRLC
COSTO TOTAL: 2349.02
TOTAL DE RUTAS: 13
TIEMPO DE EJECUCIÓN: 0.3984827995300293
 
R1[68, 75, 67, 74, 2]
R2[52, 51, 26, 73, 46]
R3[4, 63, 72, 58, 62]
R4[45, 48, 53, 3]
R5[40, 39, 17, 35, 34]
R6[33, 44, 30, 6, 29, 28]
R7[32, 12, 19, 7, 8, 13]
R8[9, 1, 5, 57, 27, 16, 47]
R9[38, 21, 54, 49, 15, 11, 14]
R10[65, 66, 10, 61, 50, 18]
R11[43, 42, 22, 41, 36, 24, 25, 23, 31, 37]
R12[71, 20, 70, 59, 56, 64, 55]
R13[60, 69]
------------------------------------------
