 
------------------------------------------
HEURÍSTICA DE CONSTRUCCIÓN: Sweep
COSTO TOTAL: 2518.78
TOTAL DE RUTAS: 13
TIEMPO DE EJECUCIÓN: 0.825577974319458
 
R1[59, 22, 36, 43, 64, 31, 13]
R2[45, 53, 9, 35, 20, 5]
R3[52, 71, 58, 12, 54, 66]
R4[42, 18, 50, 28, 55]
R5[6, 73, 37, 19, 4, 48, 51, 49, 16]
R6[68, 46, 65, 47, 63, 74, 17]
R7[3, 41, 70, 56, 33, 61, 23]
R8[67, 15, 57, 38, 10]
R9[75, 32, 40, 14]
R10[72, 34, 8, 26, 39, 7]
R11[1, 25, 44, 29, 2, 30]
R12[27, 62, 11, 21]
R13[60, 24, 69]
------------------------------------------
