 
------------------------------------------
HEURÍSTICA DE CONSTRUCCIÓN: NearestNeighborWithRLC
COSTO TOTAL: 2390.66
TOTAL DE RUTAS: 13
TIEMPO DE EJECUCIÓN: 0.40947985649108887
 
R1[2, 75, 68, 74, 67]
R2[52, 73, 51, 26, 4]
R3[46, 72, 63, 62, 58, 53]
R4[3, 17, 45, 44]
R5[40, 6, 48, 35, 39]
R6[34, 32, 33, 12]
R7[29, 28, 27, 7, 30, 19]
R8[8, 9, 13, 16, 5, 10]
R9[1, 47, 54, 57, 49, 21]
R10[38, 14, 11, 66]
R11[65, 18, 15, 22, 23, 24, 50, 20, 37, 36]
R12[43, 25, 42, 71, 41, 61, 70, 69, 59, 55, 31]
R13[60, 56, 64]
------------------------------------------
