 
------------------------------------------
HEURÍSTICA DE CONSTRUCCIÓN: CMT
COSTO TOTAL: 1400.38
TOTAL DE RUTAS: 15
TIEMPO DE EJECUCIÓN: 1.1878249645233154
 
R1[69, 61, 21, 74, 28]
R2[71, 60, 70, 37, 20, 36, 47]
R3[38, 65, 66, 10]
R4[64, 42, 22, 41, 43]
R5[3, 16, 63, 23, 56, 49, 1]
R6[9, 50, 18, 55, 25, 50, 51]
R7[46, 24, 31, 62]
R8[5, 15, 57, 29, 48, 45]
R9[8, 35, 14, 19, 54, 13]
R10[39, 58, 11, 59]
R11[6, 53, 32, 44, 73]
R12[68, 2, 33, 30]
R13[7, 40, 27, 12, 52]
R14[75, 34, 17, 26]
R15[4, 67]
------------------------------------------
