 
------------------------------------------
HEURÍSTICA DE CONSTRUCCIÓN: RandomMethod
COSTO TOTAL: 2635.4
TOTAL DE RUTAS: 12
TIEMPO DE EJECUCIÓN: 0.05816483497619629
 
R1[10, 3, 41, 27, 58, 13]
R2[9, 37, 23, 32, 62]
R3[40, 69, 45, 26]
R4[33, 75, 8, 21]
R5[43, 35, 53, 12, 20, 63, 14]
R6[38, 52, 61, 18, 64, 22, 17, 49, 24, 31]
R7[72, 65, 6, 39, 57, 56, 73]
R8[34, 4, 51, 46, 19, 55, 11]
R9[71, 70, 47, 44, 68, 67]
R10[29, 25, 48, 5, 30, 50, 59]
R11[1, 74, 7, 60, 15, 66, 36]
R12[42, 16, 28, 2, 54]
------------------------------------------
