 
------------------------------------------
CANTIDAD DE EJECUCIONES: 100
HEURÍSTICA DE CONSTRUCCIÓN: SaveSequential
COSTO TOTAL: 1068.09
TOTAL DE RUTAS: 2
TIEMPO DE EJECUCIÓN: 348 milisegundos
 
R1[8, 9, 12, 14, 16, 19, 15]
R2[43, 52, 50, 51, 68, 62, 74, 72, 54, 60, 53, 80, 79, 77, 73, 70, 71, 76, 78, 81, 82, 83, 84, 85, 88, 89, 86, 87, 90, 91, 92, 93, 94, 97, 100, 96, 95, 99, 98, 2, 1, 4, 6, 11, 13, 17, 18, 39, 38, 37, 35, 31, 33, 32, 36, 34, 29, 30, 26, 28, 27, 25, 24, 22, 23, 21, 20, 49, 48, 45, 44, 58, 56, 57, 55, 59, 40, 41, 42, 46, 47, 64, 61, 66, 69, 63, 65, 67, 75, 3, 5, 7, 10]
------------------------------------------
