 
------------------------------------------
CANTIDAD DE EJECUCIONES: 100
HEURÍSTICA DE CONSTRUCCIÓN: SaveSequential
COSTO TOTAL: 1071.42
TOTAL DE RUTAS: 5
TIEMPO DE EJECUCIÓN: 315 milisegundos
 
R1[52, 51, 50, 48, 45, 60, 58, 56, 53, 54, 55, 57, 59]
R2[9, 12, 14, 16, 19, 15, 18]
R3[31, 35, 37, 38, 39, 36, 34, 33, 32, 29, 30, 26, 28]
R4[21, 22, 25, 27, 24, 17, 13]
R5[43, 68, 62, 74, 72, 80, 79, 77, 73, 70, 71, 76, 78, 81, 82, 83, 84, 85, 88, 89, 86, 87, 90, 91, 92, 93, 94, 97, 100, 96, 95, 99, 98, 2, 1, 4, 6, 8, 11, 10, 7, 3, 5, 75, 23, 20, 49, 46, 44, 40, 41, 42, 47, 64, 61, 66, 69, 63, 65, 67]
------------------------------------------
