 
------------------------------------------
CANTIDAD DE EJECUCIONES: 100
HEURÍSTICA DE CONSTRUCCIÓN: HeuristicType.CMT
COSTO TOTAL: 2553.24
TOTAL DE RUTAS: 18
TIEMPO DE EJECUCIÓN: 5.079514980316162 milisegundos
 
R1[98, 88, 157, 18, 132, 185, 54, 127, 186, 8, 3, 177, 104, 161, 117, 181, 7]
R2[69, 200, 141, 124, 148, 197, 103]
R3[1, 99, 9, 99, 144, 126, 166, 126, 71, 53, 35]
R4[32, 189, 136]
R5[34, 167, 5, 10, 128, 106, 95, 190, 158, 46, 193]
R6[156, 112, 29, 79, 168, 168, 50, 170, 87, 42]
R7[163, 75, 182, 195, 194, 52, 92, 23, 92, 21]
R8[123, 153, 26, 198, 40, 152, 105, 169, 89, 152, 14, 59, 48, 133]
R9[176, 165, 188, 33, 188, 108, 188, 36, 188, 188, 121]
R10[82, 4, 125, 72, 84, 180, 84, 72]
R11[114, 56, 63, 111, 151, 142]
R12[135, 93, 55, 183, 81, 138, 137, 37, 184, 199, 199, 49]
R13[140, 187, 16, 22, 150, 159, 38]
R14[67, 175, 2, 78, 155, 43, 13, 17, 107, 78, 107, 39]
R15[174, 51, 94, 171, 94, 65, 86]
R16[41, 85, 80, 31, 25, 172, 77, 20, 110, 24, 162, 24, 61, 100, 64, 173, 179, 27, 45, 109, 178]
R17[131, 19, 146, 102, 102, 44, 102, 102, 102, 30, 74, 97, 28, 96, 130, 149, 76, 62]
R18[147, 160, 47, 160, 164, 66, 91, 70, 12, 11, 139, 6, 116, 129, 73]
------------------------------------------
