 
------------------------------------------
CANTIDAD DE EJECUCIONES: 100
HEURÍSTICA DE CONSTRUCCIÓN: CMT
COSTO TOTAL: 1795.67
TOTAL DE RUTAS: 10
TIEMPO DE EJECUCIÓN: 551 milisegundos
 
R1[1, 2, 5, 3, 4, 15, 11, 10, 9, 14, 6, 7]
R2[120, 119, 82, 88, 105, 106, 87, 86, 81, 112, 111, 107, 102, 95, 85]
R3[77, 68, 79, 56, 54, 55, 53, 57, 58, 60, 59, 76]
R4[75, 72, 80, 78, 74, 73, 71, 70, 69, 67]
R5[110, 116, 100, 99, 103, 104, 101, 96, 94, 97, 93, 92, 89, 91, 117]
R6[42, 61, 62, 64, 63, 66, 43, 65, 52, 45, 48]
R7[30, 49, 46, 44, 41, 47, 50, 51, 40, 39, 38, 37]
R8[33, 36, 34, 31, 35, 29, 32, 23, 28, 22, 25, 27, 24, 19, 26, 20, 16]
R9[118, 13, 8, 12, 17, 21, 109, 98, 115, 83, 108, 113]
R10[90, 114, 18, 84]
------------------------------------------
