Antes de iniciar JVM
Antes de llamar a Controller
Antes de apagar la JVM
FIN
 
------------------------------------------
HEURÍSTICA DE CONSTRUCCIÓN: MoleJameson
COSTO TOTAL: 2798.46
TOTAL DE RUTAS: 12
TIEMPO DE EJECUCIÓN: 16.652992725372314
 
R1[21, 11, 19, 27, 35, 34, 26, 18, 33, 25, 17, 9, 1, 10]
R2[6, 23, 31, 14, 22, 30, 38, 36, 28, 20, 12, 4]
R3[15, 39, 8, 16, 24, 32, 40, 37, 29, 13, 5]
R4[60, 68, 57, 65, 73, 74, 66, 58, 41, 49, 50, 42]
R5[43, 51, 59, 67, 75, 77, 69, 72, 64, 61, 53, 45]
R6[47, 46, 54, 62, 70, 78, 76, 52, 44]
R7[105, 113, 114, 106, 98, 97, 89, 108, 100, 81, 90, 82]
R8[83, 91, 99, 107, 115, 117, 109, 112, 104, 101, 93, 85]
R9[87, 86, 94, 102, 110, 118, 116, 92, 84]
R10[129, 148, 140, 121, 137, 145, 153, 154, 146, 138, 130, 122]
R11[123, 131, 139, 147, 155, 157, 149, 152, 144, 141, 133, 125]
R12[127, 126, 134, 142, 150, 158, 156, 132, 124]
------------------------------------------
