Antes de iniciar JVM
Antes de llamar a Controller
Antes de apagar la JVM
FIN
 
------------------------------------------
HEURÍSTICA DE CONSTRUCCIÓN: MoleJameson
COSTO TOTAL: 2839.52
TOTAL DE RUTAS: 12
TIEMPO DE EJECUCIÓN: 16.968990325927734
 
R1[12, 20, 28, 36, 25, 33, 34, 26, 19, 18, 17, 9, 1, 10]
R2[3, 11, 27, 35, 37, 29, 21, 32, 16, 13, 5]
R3[6, 14, 22, 30, 38, 39, 31, 40, 24, 23, 15, 7]
R4[65, 73, 74, 66, 58, 57, 49, 68, 60, 41, 50, 42]
R5[43, 51, 59, 67, 75, 77, 69, 72, 64, 61, 53, 45]
R6[47, 46, 54, 62, 70, 78, 76, 52, 44]
R7[89, 98, 106, 114, 113, 105, 97, 108, 100, 81, 90, 82]
R8[83, 91, 99, 107, 115, 117, 109, 112, 104, 101, 93, 85]
R9[87, 86, 94, 102, 110, 118, 116, 92, 84]
R10[137, 145, 153, 154, 146, 138, 130, 129, 148, 140, 121, 122]
R11[123, 131, 139, 147, 155, 157, 149, 152, 144, 141, 133, 125]
R12[127, 126, 134, 142, 150, 158, 156, 132, 124]
------------------------------------------
