Antes de iniciar JVM
Antes de llamar a Controller
Antes de apagar la JVM
FIN
 
------------------------------------------
HEURÍSTICA DE CONSTRUCCIÓN: MoleJameson
COSTO TOTAL: 2820.22
TOTAL DE RUTAS: 12
TIEMPO DE EJECUCIÓN: 16.672977447509766
 
R1[20, 28, 33, 25, 17, 9, 1, 34, 26, 18, 10, 2]
R2[3, 11, 19, 27, 35, 37, 29, 32, 24, 21, 13, 5]
R3[7, 6, 14, 22, 30, 38, 36, 12, 4]
R4[60, 68, 57, 65, 73, 74, 66, 49, 41, 58, 50, 42]
R5[43, 51, 59, 67, 75, 77, 69, 72, 64, 61, 53, 45]
R6[47, 46, 54, 62, 70, 78, 76, 52, 44]
R7[108, 100, 81, 89, 97, 105, 113, 114, 106, 98, 90, 82]
R8[83, 91, 99, 107, 115, 117, 109, 112, 104, 101, 93, 85]
R9[87, 86, 94, 102, 110, 118, 116, 92, 84]
R10[121, 140, 148, 129, 137, 145, 153, 154, 146, 138, 130, 122]
R11[123, 131, 139, 147, 155, 157, 149, 152, 144, 141, 133, 125]
R12[127, 126, 134, 142, 150, 158, 156, 132, 124]
------------------------------------------
