Antes de iniciar JVM
Antes de llamar a Controller
Antes de apagar la JVM
FIN
 
------------------------------------------
HEURÍSTICA DE CONSTRUCCIÓN: MoleJameson
COSTO TOTAL: 2837.12
TOTAL DE RUTAS: 12
TIEMPO DE EJECUCIÓN: 17.128355264663696
 
R1[9, 36, 28, 20, 1, 17, 25, 33, 34, 26, 18, 10, 2]
R2[3, 11, 19, 27, 35, 37, 29, 32, 24, 21, 13, 5]
R3[6, 14, 22, 30, 38, 39, 40, 31, 23, 15, 7]
R4[41, 60, 68, 49, 57, 65, 73, 74, 66, 58, 50, 42]
R5[43, 51, 59, 67, 75, 77, 69, 72, 64, 61, 53, 45]
R6[47, 46, 54, 62, 70, 78, 76, 52, 44]
R7[110, 118, 108, 116, 113, 105, 97, 89, 81, 114, 106, 98, 90, 82]
R8[83, 91, 99, 107, 115, 117, 109, 112, 104, 101, 93, 85]
R9[88, 96, 120, 119, 111, 103, 95, 86, 87]
R10[129, 148, 140, 121, 137, 145, 153, 154, 146, 138, 130, 122]
R11[123, 131, 139, 147, 155, 157, 149, 152, 144, 141, 133, 125]
R12[127, 126, 134, 142, 150, 158, 156, 132, 124]
------------------------------------------
