 
------------------------------------------
CANTIDAD DE EJECUCIONES: 100
HEURÍSTICA DE CONSTRUCCIÓN: RandomMethod
COSTO TOTAL: 58491.9
TOTAL DE RUTAS: 4
TIEMPO DE EJECUCIÓN: 45 milisegundos
 
R1[328, 5, 299, 272, 252, 102, 312, 187, 288, 284, 257, 96, 329, 227, 277, 35, 8, 39, 53, 89, 346, 246, 62, 107, 276, 251, 213, 36, 65, 305, 99, 247, 78, 202, 111, 292, 317, 112, 221, 192, 243, 320, 12, 137, 323, 230, 34, 223, 131, 133, 117, 313, 308, 338, 186, 204, 207, 351, 15, 123, 14, 291, 290, 267, 71, 298, 18, 92, 237, 119, 153, 56, 52, 185, 28, 86, 90, 322, 296, 212, 38, 219, 249, 214, 347, 353, 279, 60, 30, 330, 343, 241, 342, 97, 234, 356, 208, 319, 310, 83, 74, 10, 145, 168, 57, 94, 355, 144, 141, 235, 181, 37, 217, 33, 49]
R2[106, 98, 7, 25, 84, 215, 157, 44, 179, 302, 146, 228, 113, 124, 354, 1, 280, 325, 21, 270, 240, 91, 167, 2, 183, 103, 3, 48, 24, 345, 326, 72, 189, 261, 295, 232, 231, 248, 340, 278, 348, 297, 200, 95, 293, 260, 188, 294, 88, 104, 129, 201, 41, 116, 82, 321, 289, 110, 259, 73, 332, 233, 236, 42, 126, 309, 195, 203, 350, 327, 54, 357, 115, 93, 316, 79, 352, 256, 239, 105, 196, 226, 160, 43, 11, 197, 125, 269, 173, 238]
R3[58, 333, 68, 9, 336, 262, 253, 101, 140, 224, 152, 306, 287, 318, 109, 16, 199, 149, 47, 190, 283, 286, 263, 150, 121, 334, 132, 303, 161, 273, 66, 159, 360, 180, 61, 127, 163, 176, 77, 341, 194, 182, 210, 314, 55, 76, 177, 218, 307, 80, 75, 198, 69, 229, 142, 275, 139, 27, 184, 170, 156, 136, 13, 268, 255, 211, 114, 254, 135, 172, 220, 282, 274, 265, 143, 20, 300, 118, 148, 32, 70, 59, 301, 17, 244, 138, 155, 100, 50, 359, 164, 250, 193, 23, 209, 171, 175, 358, 64, 46]
R4[206, 87, 169, 134, 339, 67, 128, 344, 285, 130, 108, 26, 81, 151, 31, 51, 281, 331, 40, 258, 205, 315, 264, 120, 4, 311, 304, 85, 63, 22, 216, 245, 45, 19, 122, 147, 174, 29, 166, 222, 271, 324, 349, 6, 158, 178, 266, 242, 225, 154, 335, 165, 162, 191, 337]
------------------------------------------
