 
------------------------------------------
CANTIDAD DE EJECUCIONES: 100
HEURÍSTICA DE CONSTRUCCIÓN: RandomMethod
COSTO TOTAL: 62054.93
TOTAL DE RUTAS: 4
TIEMPO DE EJECUCIÓN: 23 milisegundos
 
R1[28, 231, 72, 249, 114, 120, 19, 35, 129, 148, 87, 340, 118, 333, 218, 230, 291, 95, 354, 80, 176, 20, 33, 179, 66, 126, 337, 236, 159, 34, 185, 61, 6, 343, 77, 192, 17, 124, 99, 58, 108, 169, 134, 75, 315, 106, 93, 353, 212, 355, 281, 64, 107, 259, 145, 39, 13, 22, 37, 170, 222, 199, 277, 296, 122, 297, 18, 103, 299, 3, 46, 219, 305, 301, 234, 317, 325, 91, 309, 270, 287, 102, 274, 132, 92, 158, 115, 24, 125, 323, 30, 163, 251, 193, 292, 237, 154, 290, 216, 27, 310, 238, 210, 253, 314, 278, 44, 331, 260, 81, 53, 141, 26, 116, 111, 123, 164, 43, 21, 336, 15]
R2[335, 94, 295, 25, 266, 227, 71, 2, 136, 225, 119, 165, 345, 201, 316, 160, 357, 250, 284, 327, 36, 68, 334, 358, 196, 205, 347, 242, 10, 133, 275, 351, 157, 204, 90, 182, 294, 245, 306, 217, 143, 67, 276, 73, 42, 271, 268, 330, 243, 283, 246, 286, 178, 197, 188, 280, 54, 324, 139, 304, 206, 100, 356, 202, 198, 63, 254, 155, 127, 256, 56, 318, 101, 229, 86, 252, 65, 151, 261, 97, 76, 224, 4, 152, 233, 228, 263, 88]
R3[244, 332, 181, 269, 128, 135, 360, 322, 174, 121, 344, 257, 110, 40, 150, 359, 147, 79, 51, 300, 14, 149, 350, 273, 138, 209, 168, 84, 302, 183, 215, 235, 8, 1, 74, 131, 279, 153, 83, 78, 211, 321, 240, 303, 70, 23, 289, 96, 142, 190, 175, 85, 328, 258, 307, 247, 49, 223, 16, 272, 326, 288, 89, 349, 52, 319, 241, 265, 173, 191, 342, 144, 57, 50, 348, 112, 45, 313, 220, 341, 339, 208, 60, 7, 38, 140, 338]
R4[172, 161, 293, 282, 262, 130, 31, 98, 29, 48, 9, 41, 285, 255, 55, 214, 32, 308, 248, 221, 82, 11, 167, 177, 239, 180, 311, 12, 146, 298, 203, 5, 69, 189, 162, 113, 186, 195, 137, 207, 232, 166, 156, 226, 117, 264, 184, 105, 47, 171, 59, 320, 194, 109, 267, 187, 200, 352, 346, 329, 312, 62, 213, 104]
------------------------------------------
