 
------------------------------------------
CANTIDAD DE EJECUCIONES: 100
HEURÍSTICA DE CONSTRUCCIÓN: RandomMethod
COSTO TOTAL: 60886.67
TOTAL DE RUTAS: 4
TIEMPO DE EJECUCIÓN: 21 milisegundos
 
R1[294, 235, 289, 99, 4, 61, 350, 113, 279, 267, 86, 95, 255, 155, 180, 96, 256, 124, 354, 17, 334, 137, 1, 13, 122, 151, 125, 190, 167, 54, 329, 284, 148, 132, 25, 343, 3, 67, 303, 87, 55, 191, 101, 69, 72, 98, 30, 248, 241, 158, 282, 247, 202, 128, 268, 33, 12, 260, 280, 46, 220, 270, 88, 6, 121, 70, 232, 278, 246, 178, 181, 338, 245, 307, 337, 214, 240, 176, 286, 192, 142, 11, 50, 45, 129, 352, 342, 305, 230, 290, 106, 7, 309, 298, 296, 138, 358, 60]
R2[84, 356, 185, 266, 71, 29, 194, 312, 159, 196, 48, 64, 140, 100, 134, 326, 26, 163, 200, 229, 165, 116, 42, 136, 62, 233, 119, 299, 74, 345, 154, 156, 103, 287, 275, 174, 118, 249, 237, 58, 250, 117, 68, 311, 152, 226, 164, 183, 349, 327, 313, 300, 204, 182, 59, 231, 43, 195, 197, 109, 206, 39, 111, 273, 52, 251, 322, 144, 38, 315, 211, 341, 297, 269, 277, 320, 215, 161, 336, 310, 175, 76, 323, 149, 166, 169, 105, 162, 291, 81, 85, 207, 188, 135, 321, 93]
R3[295, 66, 199, 328, 347, 18, 242, 94, 14, 187, 141, 31, 65, 243, 49, 355, 209, 257, 83, 301, 198, 108, 23, 168, 51, 234, 216, 201, 271, 330, 16, 353, 131, 47, 133, 228, 225, 90, 283, 304, 222, 344, 359, 78, 332, 92, 281, 173, 143, 223, 238, 253, 236, 41, 97, 139, 254, 91, 2, 184, 340, 189, 5, 79, 80, 102, 319, 308, 285, 37, 20, 22, 262, 170, 346, 351, 112, 160, 316, 35, 348, 210, 32, 272, 227, 9, 244, 203, 82, 89, 77, 217]
R4[205, 53, 213, 27, 127, 264, 302, 193, 292, 324, 314, 252, 339, 274, 258, 120, 360, 186, 36, 115, 357, 212, 147, 63, 130, 317, 73, 44, 126, 219, 276, 325, 15, 107, 335, 104, 114, 333, 261, 8, 157, 153, 263, 57, 265, 331, 146, 179, 24, 177, 171, 208, 150, 110, 56, 75, 172, 218, 34, 123, 28, 259, 239, 293, 21, 10, 145, 306, 19, 288, 221, 40, 224, 318]
------------------------------------------
