 
------------------------------------------
CANTIDAD DE EJECUCIONES: 100
HEURÍSTICA DE CONSTRUCCIÓN: RandomMethod
COSTO TOTAL: 63514.04
TOTAL DE RUTAS: 4
TIEMPO DE EJECUCIÓN: 22 milisegundos
 
R1[241, 281, 209, 230, 276, 75, 90, 349, 253, 91, 215, 79, 186, 220, 114, 318, 95, 161, 41, 120, 92, 306, 336, 271, 164, 305, 101, 334, 216, 262, 102, 232, 68, 272, 183, 234, 319, 180, 168, 15, 31, 49, 303, 345, 148, 189, 314, 227, 329, 123, 315, 112, 279, 358, 83, 20, 174, 51, 78, 25, 125, 191, 228, 328, 248, 179, 44, 144, 52, 211, 298, 14, 62, 60, 47, 172, 284, 169, 72, 309, 116, 206, 43, 106, 301, 198, 131, 255, 111, 354, 70, 335, 153, 145, 204, 94, 149, 28, 135, 55, 57, 104, 341, 200, 342, 71, 261, 293, 74, 236, 134, 295, 294, 310]
R2[56, 167, 270, 285, 287, 289, 19, 136, 307, 107, 178, 275, 249, 39, 312, 357, 190, 118, 311, 48, 103, 121, 243, 11, 213, 155, 224, 37, 126, 197, 130, 348, 16, 59, 36, 166, 245, 292, 250, 313, 208, 347, 159, 330, 185, 355, 302, 352, 46, 316, 105, 225, 321, 93, 203, 6, 65, 170, 84, 99, 210, 30, 160, 18, 351, 2, 76, 237, 108, 4, 304, 77, 115, 127, 226, 119, 97, 87, 8, 254, 338, 67, 268, 152, 89, 182, 269, 199, 283]
R3[324, 147, 142, 350, 238, 252, 217, 150, 218, 5, 233, 264, 339, 251, 42, 26, 22, 282, 332, 175, 192, 54, 85, 280, 24, 286, 61, 201, 139, 63, 207, 12, 317, 257, 222, 320, 353, 81, 229, 33, 219, 323, 296, 291, 146, 1, 100, 53, 171, 3, 29, 256, 38, 297, 322, 58, 267, 299, 157, 156, 98, 40, 69, 88, 27, 73, 359, 221, 50, 133, 158, 143, 195, 34, 360, 247, 327, 326, 129, 331, 184, 10, 212, 193, 162, 202, 194]
R4[165, 265, 132, 21, 205, 141, 7, 32, 278, 214, 356, 277, 86, 266, 113, 124, 137, 110, 240, 154, 109, 274, 35, 17, 122, 340, 188, 23, 64, 246, 343, 196, 244, 173, 96, 288, 290, 308, 66, 45, 260, 337, 128, 325, 300, 235, 140, 344, 82, 273, 117, 177, 151, 163, 176, 239, 242, 263, 181, 13, 223, 259, 346, 138, 258, 187, 9, 231, 80, 333]
------------------------------------------
