 
------------------------------------------
CANTIDAD DE EJECUCIONES: 100
HEURÍSTICA DE CONSTRUCCIÓN: RandomMethod
COSTO TOTAL: 63493.29
TOTAL DE RUTAS: 4
TIEMPO DE EJECUCIÓN: 22 milisegundos
 
R1[280, 153, 150, 77, 334, 9, 226, 323, 19, 39, 188, 311, 206, 40, 242, 335, 227, 238, 239, 307, 199, 234, 59, 172, 132, 47, 182, 162, 11, 116, 82, 213, 102, 151, 122, 165, 332, 26, 3, 193, 285, 225, 259, 136, 243, 186, 264, 83, 340, 304, 209, 246, 110, 159, 266, 51, 30, 230, 44, 12, 261, 130, 339, 202, 57, 338, 87, 217, 90, 52, 65, 306, 137, 231, 144, 94, 269, 158, 318, 29, 237, 244, 63, 263, 315, 78, 131, 321, 195, 317, 350, 351, 191, 349, 67, 177, 96, 325, 295, 171, 352, 346, 198, 320, 331, 249, 156, 360, 145, 98, 89, 337, 240, 123, 292]
R2[201, 303, 31, 287, 312, 99, 260, 23, 97, 75, 164, 283, 73, 220, 354, 121, 313, 41, 119, 109, 336, 327, 278, 254, 309, 229, 1, 143, 205, 64, 256, 288, 115, 324, 211, 359, 92, 5, 134, 252, 251, 271, 245, 133, 20, 316, 170, 91, 101, 56, 74, 267, 180, 36, 297, 300, 70, 277, 289, 214, 129, 290, 308, 103, 100, 250, 273, 348, 62, 138, 32, 4, 38, 310, 125, 281, 328, 60, 114, 224, 117, 357, 55, 34, 296, 179, 173, 149, 274, 183, 22]
R3[178, 108, 344, 54, 302, 197, 299, 10, 235, 247, 184, 190, 298, 157, 343, 152, 326, 253, 353, 194, 233, 48, 126, 305, 80, 203, 207, 86, 142, 28, 7, 221, 196, 127, 58, 255, 88, 35, 319, 14, 72, 210, 166, 358, 279, 69, 228, 50, 347, 105, 81, 208, 181, 268, 342, 355, 79, 61, 46, 66, 291, 189, 232, 42, 124, 356, 139, 71, 200, 53, 276, 168, 294, 104, 301, 118, 13, 329, 49, 161, 284, 187, 262, 167, 135, 106, 15, 272, 93, 111, 169]
R4[345, 176, 21, 148, 282, 17, 222, 76, 155, 265, 175, 185, 8, 107, 215, 174, 24, 286, 163, 160, 85, 192, 128, 37, 84, 33, 16, 257, 120, 248, 6, 333, 113, 258, 314, 27, 270, 223, 141, 95, 68, 18, 216, 275, 140, 2, 218, 154, 293, 236, 212, 204, 147, 322, 112, 341, 25, 241, 43, 146, 219, 330, 45]
------------------------------------------
