 
------------------------------------------
CANTIDAD DE EJECUCIONES: 100
HEURÍSTICA DE CONSTRUCCIÓN: RandomMethod
COSTO TOTAL: 61291.32
TOTAL DE RUTAS: 4
TIEMPO DE EJECUCIÓN: 36 milisegundos
 
R1[118, 50, 132, 314, 240, 205, 334, 153, 238, 182, 272, 36, 150, 138, 309, 165, 290, 27, 35, 307, 281, 244, 152, 216, 267, 55, 359, 71, 103, 344, 100, 330, 133, 197, 203, 98, 251, 24, 214, 112, 304, 92, 130, 329, 206, 295, 317, 225, 360, 67, 125, 250, 169, 44, 338, 301, 324, 30, 291, 181, 122, 166, 156, 195, 224, 303, 149, 110, 94, 199, 253, 188, 70, 223, 265, 18, 8, 287, 179, 255, 263, 341, 146, 69, 7, 154, 302, 121, 53, 285, 208, 348, 200, 298, 13, 215, 40, 354, 207, 196, 56, 316, 14, 325, 143, 256, 6, 33, 106, 297]
R2[228, 174, 284, 117, 93, 72, 270, 333, 346, 129, 22, 236, 173, 45, 230, 229, 185, 85, 217, 243, 162, 82, 75, 39, 127, 353, 275, 84, 87, 11, 61, 16, 31, 259, 187, 60, 12, 310, 136, 313, 107, 300, 276, 167, 204, 356, 345, 312, 19, 20, 108, 119, 104, 222, 234, 80, 3, 113, 323, 32, 76, 163, 58, 308, 89, 178, 202, 357, 135, 355, 140, 315, 126, 319, 46, 41, 66, 47, 332, 331, 49, 280, 246, 115, 232, 160, 25, 343, 209, 247, 105, 78, 29]
R3[86, 175, 26, 134, 23, 218, 227, 326, 283, 184, 141, 79, 299, 327, 340, 124, 277, 278, 260, 142, 339, 296, 311, 151, 235, 4, 221, 193, 10, 321, 337, 242, 183, 289, 9, 48, 15, 189, 57, 43, 2, 147, 111, 241, 28, 271, 176, 120, 90, 145, 64, 5, 358, 186, 74, 320, 274, 288, 306, 116, 37, 349, 52, 322, 144, 109, 101, 77, 213, 164, 258, 194, 262, 220, 198, 273, 239, 350, 157, 172, 161, 102, 190, 42, 342, 352, 155, 231, 81, 336, 131, 245, 254]
R4[62, 128, 148, 63, 210, 226, 171, 21, 65, 264, 88, 168, 261, 328, 139, 95, 91, 292, 282, 170, 97, 233, 34, 335, 347, 137, 159, 266, 1, 252, 212, 99, 177, 114, 257, 68, 96, 123, 248, 158, 211, 237, 59, 73, 286, 351, 269, 219, 51, 54, 279, 201, 249, 294, 305, 180, 83, 268, 17, 192, 318, 191, 38, 293]
------------------------------------------
