 
------------------------------------------
CANTIDAD DE EJECUCIONES: 100
HEURÍSTICA DE CONSTRUCCIÓN: RandomMethod
COSTO TOTAL: 61473.79
TOTAL DE RUTAS: 4
TIEMPO DE EJECUCIÓN: 21 milisegundos
 
R1[348, 115, 11, 96, 70, 335, 69, 118, 280, 209, 323, 307, 182, 82, 223, 246, 356, 4, 114, 212, 294, 36, 320, 112, 181, 151, 308, 194, 332, 86, 292, 90, 60, 150, 98, 109, 352, 326, 232, 48, 283, 291, 58, 240, 296, 205, 144, 160, 250, 233, 171, 59, 126, 336, 38, 73, 349, 10, 343, 204, 41, 74, 146, 158, 188, 196, 128, 89, 330, 268, 106, 173, 12, 278, 215, 170, 340, 44, 123, 52, 219, 304, 121, 84, 285, 312, 142, 239, 137, 107, 68, 244, 327, 303, 220, 255, 231, 71, 17, 329, 287, 293, 201, 261, 191, 346]
R2[104, 350, 207, 108, 15, 9, 1, 35, 78, 334, 125, 259, 159, 324, 266, 193, 241, 149, 179, 214, 21, 225, 344, 290, 76, 42, 210, 148, 342, 51, 40, 80, 127, 161, 143, 156, 227, 299, 192, 101, 139, 135, 157, 333, 113, 258, 235, 116, 53, 178, 85, 228, 138, 8, 145, 79, 174, 251, 122, 37, 279, 260, 13, 119, 267, 87, 27, 272, 64, 49, 211, 226, 34, 124, 248, 165, 206, 141, 286, 208, 309, 100, 249, 2, 351, 242, 92, 65, 305]
R3[168, 277, 274, 134, 197, 347, 221, 117, 154, 72, 175, 189, 216, 18, 357, 169, 359, 245, 256, 328, 153, 103, 83, 331, 355, 295, 24, 39, 81, 276, 31, 183, 97, 91, 140, 273, 29, 77, 247, 102, 176, 162, 99, 301, 164, 230, 130, 147, 270, 155, 131, 257, 184, 94, 200, 185, 306, 199, 345, 95, 338, 271, 3, 133, 120, 254, 317, 26, 322, 75, 310, 177, 132, 110, 45, 163, 180, 6, 93, 5, 54, 61, 263, 313, 152, 28, 105, 321, 229, 20, 311, 237, 217, 337, 269, 129, 62, 88, 213]
R4[14, 166, 187, 318, 195, 341, 203, 236, 300, 284, 46, 264, 19, 67, 66, 57, 30, 315, 222, 63, 275, 198, 33, 314, 354, 289, 265, 358, 298, 353, 302, 288, 136, 172, 186, 224, 319, 360, 190, 282, 55, 325, 202, 47, 316, 262, 22, 16, 7, 297, 50, 25, 339, 252, 234, 238, 32, 243, 43, 167, 253, 56, 111, 23, 218, 281]
------------------------------------------
