 
------------------------------------------
CANTIDAD DE EJECUCIONES: 100
HEURÍSTICA DE CONSTRUCCIÓN: CMT
COSTO TOTAL: 1220.74
TOTAL DE RUTAS: 4
TIEMPO DE EJECUCIÓN: 586 milisegundos
 
R1[45, 47, 36, 46, 8, 17, 84, 83, 82, 52, 5, 18, 60, 6, 27, 7, 48, 89]
R2[63, 62, 88, 78, 50, 77, 3, 69, 31, 49, 64, 19, 11, 35, 9, 51, 81, 34, 33, 1, 70, 32, 90, 10, 30, 20, 66, 65, 71, 79, 29, 76, 68, 80, 24, 12, 28]
R3[44, 57, 43, 38, 2, 41, 39, 23, 67, 25, 55, 54, 4, 56, 75, 22, 72, 74, 73, 21, 26, 40, 15, 53, 13, 58, 87, 42, 94, 95, 97, 14, 92, 86, 96, 99, 100, 37, 59, 98, 93, 91, 16]
R4[61, 85]
------------------------------------------
