 
------------------------------------------
CANTIDAD DE EJECUCIONES: 100
HEURÍSTICA DE CONSTRUCCIÓN: CMT
COSTO TOTAL: 1251.86
TOTAL DE RUTAS: 3
TIEMPO DE EJECUCIÓN: 563 milisegundos
 
R1[22, 74, 72, 4, 24, 54, 68, 12, 53, 40, 77, 2, 25, 55, 67, 39, 75, 56, 23, 41, 73, 21, 26, 29, 80, 79, 58, 57, 81, 3, 34, 78, 76, 28, 33, 50]
R2[14, 43, 15, 42, 37, 100, 44, 38, 86, 91, 98, 16, 85, 92, 97, 87, 13, 93, 59, 95, 61, 99, 94, 96]
R3[8, 64, 47, 70, 30, 90, 63, 10, 32, 20, 66, 65, 35, 71, 9, 51, 1, 69, 11, 49, 36, 62, 19, 88, 31, 27, 52, 6, 89, 7, 46, 48, 18, 84, 82, 5, 17, 45, 60, 83]
------------------------------------------
