 
------------------------------------------
CANTIDAD DE EJECUCIONES: 100
HEURÍSTICA DE CONSTRUCCIÓN: CMT
COSTO TOTAL: 1219.82
TOTAL DE RUTAS: 3
TIEMPO DE EJECUCIÓN: 686 milisegundos
 
R1[83, 45, 84, 17, 5, 89, 60, 18, 8, 46, 82, 6, 96, 94, 99, 95, 59, 93, 61, 13, 58, 48, 47, 36]
R2[31, 50, 78, 81, 33, 34, 65, 35, 9, 71, 24, 28, 80, 68, 27, 52, 1, 69, 79, 7, 19, 88, 49, 64, 11, 62, 90, 63, 32, 66, 3, 77, 76, 29, 51, 30, 20, 70, 10, 12, 54, 26, 53, 55, 25, 4]
R3[14, 42, 43, 57, 2, 73, 21, 40, 15, 41, 22, 75, 23, 67, 39, 56, 72, 74, 87, 92, 97, 44, 38, 86, 16, 37, 98, 100, 85, 91]
------------------------------------------
