 
------------------------------------------
CANTIDAD DE EJECUCIONES: 100
HEURÍSTICA DE CONSTRUCCIÓN: CMT
COSTO TOTAL: 1226.91
TOTAL DE RUTAS: 4
TIEMPO DE EJECUCIÓN: 728 milisegundos
 
R1[47, 36, 49, 48, 7, 82, 46]
R2[11, 64, 19, 63, 90, 32, 62, 88, 50, 3, 1, 79, 29, 9, 81, 78, 33, 10, 31, 30, 66, 65, 35, 71, 34, 20, 51, 70, 69, 77, 76, 68, 24, 80, 12, 54, 28]
R3[45, 55, 25, 39, 67, 23, 56, 4, 75, 22, 41, 74, 72, 73, 21, 40, 53, 87, 58, 2, 15, 13, 97, 100, 86, 37, 95, 92, 91, 44, 38, 57, 42, 14, 43, 26, 27, 94, 52, 98, 16, 59, 6, 89, 17, 60]
R4[5, 8, 18, 61, 83, 84, 85, 93, 96, 99]
------------------------------------------
