 
------------------------------------------
HEURÍSTICA DE CONSTRUCCIÓN: Sweep
COSTO TOTAL: 2307.79
TOTAL DE RUTAS: 3
TIEMPO DE EJECUCIÓN: 0.8139245510101318
 
R1[52, 51, 6, 39, 34, 66, 35, 33, 61, 55, 58, 8, 59, 63, 47, 68, 25, 67, 14, 30, 71, 37, 43, 44, 69, 15, 21]
R2[22, 27, 3, 73, 29, 19, 60, 5, 28, 56, 24, 16, 65, 13, 17, 12, 45, 9, 40, 41, 26, 36, 64, 20, 48, 7]
R3[70, 54, 57, 50, 11, 2, 75, 74, 32, 38, 10, 31, 23, 1, 46, 4, 42, 72, 53, 49, 18, 62]
------------------------------------------
