 
------------------------------------------
HEURÍSTICA DE CONSTRUCCIÓN: Sweep
COSTO TOTAL: 2381.09
TOTAL DE RUTAS: 3
TIEMPO DE EJECUCIÓN: 0.8446109294891357
 
R1[34, 21, 5, 15, 66, 12, 61, 53, 45, 17, 3, 62, 56, 64, 73, 65, 58, 31, 49, 9, 60, 71, 50, 74, 47]
R2[11, 19, 2, 1, 43, 42, 4, 35, 22, 8, 40, 72, 36, 10, 55, 48, 14, 51, 57, 68, 24, 54, 20, 16, 70, 26]
R3[46, 63, 23, 41, 30, 29, 38, 44, 13, 18, 69, 6, 28, 33, 52, 27, 39, 75, 32, 25, 59, 37, 7, 67]
------------------------------------------
