 
------------------------------------------
HEURÍSTICA DE CONSTRUCCIÓN: Sweep
COSTO TOTAL: 2323.66
TOTAL DE RUTAS: 3
TIEMPO DE EJECUCIÓN: 0.8894741535186768
 
R1[55, 2, 11, 72, 1, 24, 45, 64, 69, 61, 16, 6, 32, 53, 46, 30, 15, 43, 42, 36, 75, 48, 4, 73, 60, 44]
R2[18, 28, 9, 23, 27, 22, 3, 56, 10, 71, 47, 68, 74, 62, 29, 31, 38, 63, 49, 26, 67, 40, 8, 39, 58, 33]
R3[20, 52, 34, 7, 19, 25, 50, 54, 37, 57, 65, 21, 70, 12, 66, 51, 5, 17, 13, 35, 41, 14, 59]
------------------------------------------
