 
------------------------------------------
HEURÍSTICA DE CONSTRUCCIÓN: Sweep
COSTO TOTAL: 2483.21
TOTAL DE RUTAS: 3
TIEMPO DE EJECUCIÓN: 0.8777251243591309
 
R1[15, 50, 47, 69, 38, 44, 61, 16, 64, 70, 49, 62, 27, 35, 5, 40, 68, 26, 23, 24, 1, 18, 55, 37, 52, 25, 19, 14]
R2[75, 3, 31, 73, 63, 10, 66, 39, 71, 54, 46, 67, 7, 30, 36, 34, 22, 4, 32, 12, 72, 29, 53, 57, 9]
R3[28, 60, 20, 48, 51, 65, 42, 33, 11, 17, 43, 21, 13, 6, 58, 45, 56, 8, 74, 41, 59, 2]
------------------------------------------
