 
------------------------------------------
HEURÍSTICA DE CONSTRUCCIÓN: NearestNeighborWithRLC
COSTO TOTAL: 20665.31
TOTAL DE RUTAS: 4
 
R1[7, 2, 10, 26, 1, 12, 28, 317, 312, 357, 359, 360, 358, 4, 6, 15, 23, 31, 39, 74, 75, 159, 158, 151, 199, 5, 29, 240, 3, 13, 21, 156, 150, 8, 16, 32, 142, 198, 9, 36, 355, 354, 356, 353, 351, 14, 17, 315, 309, 347, 11, 18, 20, 320, 349, 352, 22, 339, 348, 345, 350, 24, 239, 19, 27, 307, 314, 313, 318, 343, 25, 280, 238, 33, 299, 311, 346, 341, 344, 342, 30, 340, 338, 337, 336, 335, 34, 306, 35, 237, 277, 37, 232, 301, 304, 334, 332, 333, 330, 329, 328, 38, 331, 326, 325, 327, 41, 42, 50, 116, 118, 120, 160, 43, 108, 119, 117, 152, 200, 235, 319]
R2[44, 80, 111, 143, 192, 291, 324, 321, 322, 310, 316, 305, 308, 303, 300, 302, 323, 295, 296, 294, 297, 298, 292, 290, 289, 288, 287, 286, 293, 284, 283, 282, 279, 285, 278, 276, 275, 40, 148, 45, 61, 77, 113, 140, 231, 274, 281, 47, 71, 79, 110, 103, 144, 48, 56, 69, 53, 55, 64, 72, 46, 63, 70, 76, 78, 62, 49, 57, 68, 73, 65, 52, 60, 54, 66, 51, 58, 67, 134, 157, 191, 59, 106, 114, 99, 107, 136, 154, 82, 81]
R3[84, 92, 95, 87, 88, 85, 101, 112, 109, 115, 141, 83, 86, 102, 104, 93, 98, 90, 91, 89, 97, 100, 96, 94, 105, 121, 124, 132, 129, 146, 122, 123, 138, 139, 125, 128, 126, 127, 133, 149, 131, 130, 137, 145, 224, 229, 269, 272, 271, 273, 270, 267, 268, 265, 264, 135, 147, 153, 223, 261, 161, 227, 266, 263, 162, 170, 186, 234, 262, 258, 259, 260, 256, 254, 257, 253, 252, 255, 251, 250, 248]
R4[246, 247, 249, 244, 245, 243, 242, 241, 233, 236, 226, 228, 230, 222, 220, 221, 219, 217, 225, 215, 216, 214, 213, 212, 211, 209, 210, 208, 206, 207, 218, 204, 202, 205, 201, 193, 194, 179, 197, 189, 187, 196, 203, 188, 195, 185, 190, 184, 183, 175, 176, 181, 173, 182, 174, 180, 177, 172, 178, 169, 163, 171, 165, 164, 166, 155, 168, 167]
------------------------------------------
