 
------------------------------------------
HEURÍSTICA DE CONSTRUCCIÓN: NearestNeighborWithRLC
COSTO TOTAL: 20536.71
TOTAL DE RUTAS: 4
 
R1[2, 3, 13, 29, 37, 240, 1, 4, 12, 6, 14, 30, 347, 359, 358, 357, 360, 7, 15, 74, 75, 158, 160, 199, 5, 23, 8, 21, 156, 150, 151, 232, 237, 235, 277, 317, 10, 18, 34, 231, 315, 307, 320, 355, 356, 9, 309, 354, 353, 352, 16, 148, 239, 230, 11, 19, 17, 314, 319, 351, 349, 20, 22, 24, 142, 198, 229, 234, 26, 238, 299, 306, 316, 346, 348, 350, 344, 345, 342, 343, 341, 340, 338, 337, 339, 25, 301, 304, 331, 334, 336, 335, 332, 330, 333, 329, 328, 325, 326, 327, 323, 321, 28, 312, 322, 31, 66, 324, 318, 313, 310, 308, 305, 303, 302]
R2[300, 298, 311, 295, 294, 297, 296, 293, 292, 291, 27, 35, 224, 280, 33, 290, 288, 289, 286, 36, 287, 285, 283, 282, 284, 38, 281, 279, 276, 32, 40, 143, 39, 67, 116, 113, 159, 157, 221, 278, 42, 50, 43, 53, 69, 77, 110, 118, 119, 117, 200, 272, 41, 44, 52, 68, 70, 46, 54, 71, 47, 63, 45, 51, 48, 55, 56, 49, 58, 57, 73, 65, 59, 61, 60, 79, 62, 76, 78, 80, 72, 64, 111, 104, 120, 112, 109, 101, 93, 85, 88, 95, 103, 82]
R3[83, 81, 84, 86, 102, 87, 96, 91, 114, 98, 89, 97, 100, 108, 105, 134, 192, 236, 90, 106, 107, 99, 92, 152, 155, 197, 196, 274, 271, 275, 270, 269, 268, 94, 115, 144, 136, 135, 133, 125, 128, 123, 122, 130, 146, 124, 132, 126, 127, 121, 140, 145, 153, 223, 129, 154, 183, 184, 189, 131, 139, 147, 191, 137, 190, 227, 141, 149, 181, 195, 219, 226, 267, 161, 216, 264, 138, 162, 163, 165, 168, 175, 176, 167, 164]
R4[166, 182, 213, 261, 273, 170, 186, 178, 171, 169, 194, 193, 218, 259, 266, 172, 188, 211, 233, 265, 263, 260, 258, 256, 257, 262, 253, 254, 252, 255, 250, 251, 247, 246, 248, 249, 243, 245, 244, 242, 241, 222, 174, 180, 185, 177, 187, 179, 215, 212, 220, 204, 201, 202, 203, 205, 228, 225, 210, 207, 208, 217, 209, 206, 214, 173]
------------------------------------------
