 
------------------------------------------
HEURÍSTICA DE CONSTRUCCIÓN: RandomMethod
COSTO TOTAL: 59389.31
TOTAL DE RUTAS: 4
 
R1[332, 113, 145, 184, 149, 101, 354, 152, 221, 155, 313, 158, 344, 87, 220, 346, 123, 290, 239, 255, 336, 334, 36, 124, 257, 200, 95, 210, 165, 172, 182, 323, 236, 67, 115, 144, 126, 34, 91, 189, 35, 213, 301, 37, 9, 40, 276, 202, 307, 238, 215, 12, 181, 288, 77, 194, 151, 7, 85, 26, 304, 33, 349, 318, 133, 16, 86, 196, 303, 217, 263, 216, 53, 337, 138, 270, 198, 143, 71, 355, 127, 59, 141, 309, 120, 147, 41, 79, 229, 22, 186, 324, 207, 80, 226, 187, 242, 240, 131, 43, 199, 134]
R2[262, 292, 54, 97, 51, 159, 44, 356, 45, 105, 32, 205, 231, 137, 284, 260, 357, 251, 347, 297, 2, 163, 329, 82, 48, 154, 38, 185, 230, 78, 116, 129, 148, 61, 247, 176, 222, 128, 130, 192, 117, 125, 179, 6, 168, 69, 352, 227, 312, 296, 306, 58, 103, 150, 84, 13, 139, 156, 299, 330, 142, 42, 8, 108, 21, 106, 193, 322, 104, 114, 209, 328, 331, 341, 339, 65, 266, 246, 161, 234, 57, 235, 326, 289, 319, 268, 350, 333]
R3[302, 31, 68, 177, 60, 27, 211, 315, 219, 305, 140, 244, 135, 259, 274, 146, 39, 167, 136, 169, 201, 204, 17, 190, 93, 174, 248, 100, 183, 275, 353, 300, 75, 282, 285, 311, 327, 157, 23, 88, 338, 325, 5, 118, 94, 109, 162, 111, 254, 317, 3, 273, 25, 72, 166, 119, 49, 170, 287, 218, 98, 281, 291, 70, 293, 358, 228, 345, 298, 47, 280, 50, 76, 343, 271, 102, 107, 121, 359, 46, 15, 249, 348, 250, 122, 214, 360]
R4[321, 335, 56, 74, 223, 258, 19, 89, 188, 28, 206, 225, 342, 279, 308, 265, 212, 83, 112, 261, 29, 132, 256, 253, 283, 195, 224, 96, 153, 30, 52, 243, 24, 241, 272, 1, 10, 277, 295, 310, 191, 314, 294, 64, 55, 197, 62, 178, 14, 11, 208, 171, 232, 92, 269, 286, 73, 320, 90, 63, 81, 267, 4, 164, 20, 110, 351, 264, 237, 245, 278, 175, 66, 316, 203, 18, 180, 233, 173, 252, 99, 160, 340]
------------------------------------------
