 
------------------------------------------
HEURÍSTICA DE CONSTRUCCIÓN: RandomMethod
COSTO TOTAL: 59739.41
TOTAL DE RUTAS: 4
 
R1[275, 85, 128, 279, 170, 346, 53, 109, 359, 227, 327, 167, 302, 59, 147, 216, 26, 110, 90, 27, 156, 151, 230, 311, 166, 15, 199, 324, 132, 16, 307, 70, 44, 282, 35, 202, 177, 99, 14, 334, 49, 349, 36, 171, 347, 320, 92, 2, 162, 219, 104, 135, 33, 69, 267, 317, 38, 7, 179, 251, 150, 292, 237, 211, 228, 37, 160, 19, 245, 218, 288, 350, 200, 64, 336, 281, 342, 283, 343, 23, 125, 224, 119, 4, 184, 169, 60, 304, 316, 13, 141, 39, 338]
R2[191, 195, 77, 118, 124, 263, 296, 198, 1, 269, 138, 127, 254, 94, 30, 226, 140, 86, 286, 337, 154, 289, 204, 351, 222, 206, 221, 161, 10, 108, 146, 278, 248, 217, 257, 172, 250, 268, 134, 354, 335, 111, 194, 233, 29, 266, 45, 287, 165, 231, 299, 32, 310, 117, 88, 61, 12, 314, 315, 223, 294, 122, 225, 235, 25, 178, 353, 183, 137, 101, 303, 168, 203, 145, 79, 326, 187, 84, 265, 97, 209, 239, 181, 319, 318, 333, 308, 312, 305, 190, 271, 22, 356, 158, 270, 247, 182, 149, 102, 130]
R3[50, 31, 58, 328, 306, 293, 65, 341, 62, 98, 176, 220, 73, 120, 339, 34, 213, 67, 276, 21, 17, 196, 96, 89, 76, 298, 83, 105, 253, 260, 139, 249, 43, 331, 358, 360, 229, 232, 273, 46, 322, 290, 344, 340, 280, 272, 175, 80, 330, 185, 215, 116, 242, 234, 3, 277, 301, 323, 8, 153, 164, 51, 148, 329, 78, 115, 285, 11, 325, 297, 256, 87, 112, 321, 186, 295, 258, 68, 274, 40, 126, 345, 121, 54, 24, 214, 95, 163, 241]
R4[189, 123, 6, 144, 136, 246, 357, 291, 20, 252, 129, 91, 262, 180, 284, 157, 259, 243, 201, 5, 142, 236, 42, 57, 261, 348, 208, 244, 106, 207, 174, 93, 82, 81, 28, 75, 56, 238, 193, 103, 155, 188, 133, 41, 71, 143, 159, 72, 300, 205, 255, 210, 264, 332, 192, 197, 107, 114, 52, 100, 48, 240, 355, 131, 313, 212, 66, 9, 74, 18, 309, 173, 63, 152, 55, 113, 47, 352]
------------------------------------------
