 
------------------------------------------
CANTIDAD DE EJECUCIONES: 100
HEURÍSTICA DE CONSTRUCCIÓN: SaveSequential
COSTO TOTAL: 998.48
TOTAL DE RUTAS: 1
TIEMPO DE EJECUCIÓN: 502 milisegundos
 
R1[87, 95, 102, 101, 99, 107, 104, 103, 100, 116, 97, 109, 108, 15, 14, 13, 8, 12, 21, 20, 19, 25, 28, 32, 35, 36, 34, 33, 30, 31, 27, 24, 22, 23, 26, 29, 49, 50, 51, 48, 47, 46, 44, 41, 42, 45, 43, 40, 39, 38, 37, 65, 66, 63, 64, 62, 61, 59, 60, 57, 58, 54, 55, 56, 53, 52, 80, 79, 78, 77, 72, 75, 74, 71, 76, 73, 68, 67, 70, 69, 98, 110, 115, 17, 16, 11, 10, 9, 4, 3, 5, 6, 7, 1, 2, 83, 113, 117, 84, 118, 18, 114, 90, 91, 94, 93, 96, 92, 89, 85, 112, 81, 82, 111, 86, 88, 119, 120, 106, 105]
------------------------------------------
