 
------------------------------------------
HEURÍSTICA DE CONSTRUCCIÓN: KilbyAlgorithm
COSTO TOTAL: 1255.39
TOTAL DE RUTAS: 9
TIEMPO DE EJECUCIÓN: 6.1638569831848145
 
R1[3, 17, 51, 44, 40, 12, 32, 9, 49, 24, 50, 72, 39, 18]
R2[1, 33, 73, 61, 56, 41, 42, 23, 22, 28, 43, 16, 62, 63, 16]
R3[7, 26, 53, 58, 38, 10, 11, 65, 66, 31, 55]
R4[2, 68, 64, 70, 60]
R5[4]
R6[27, 30, 48, 45, 29, 57, 21, 13, 37, 15, 74, 47, 5, 36, 69, 71]
R7[6]
R8[8, 67, 59, 14, 54, 19, 35, 52, 46, 34, 52]
R9[75]
------------------------------------------
