 
------------------------------------------
HEURÍSTICA DE CONSTRUCCIÓN: KilbyAlgorithm
COSTO TOTAL: 1266.75
TOTAL DE RUTAS: 9
TIEMPO DE EJECUCIÓN: 5.661388635635376
 
R1[3, 17, 51, 44, 40, 39, 72, 50, 24, 18, 49, 9, 32, 12]
R2[1, 33, 16, 63, 62, 73, 43, 28, 22, 23, 42, 41, 56, 61, 25]
R3[7, 26, 53, 11, 65, 66, 10, 38, 58, 31, 55]
R4[2, 68, 64, 70, 60]
R5[4]
R6[5, 29, 45, 47, 74, 15, 37, 13, 21, 57, 36, 69, 71, 48, 30, 27]
R7[6]
R8[8, 67, 59, 14, 54, 19, 35, 52, 46, 34, 52]
R9[75]
------------------------------------------
