 
------------------------------------------
CANTIDAD DE EJECUCIONES: 100
HEURÍSTICA DE CONSTRUCCIÓN: NearestNeighborWithRLC
COSTO TOTAL: 2025.72
TOTAL DE RUTAS: 3
TIEMPO DE EJECUCIÓN: 303 milisegundos
 
R1[99, 1, 77, 81, 79, 94, 2, 98, 100, 97, 95, 96, 59, 92, 93, 89, 3, 80, 4, 5, 85, 6, 91, 90, 7, 88, 62, 10, 82, 87, 86, 83, 8, 76, 78, 71, 69, 70, 63, 66, 65, 51, 9, 50]
R2[68, 75, 74, 84, 73, 58, 57, 61, 60, 52, 11, 12, 72, 67, 13, 42, 43, 44, 16, 37, 17, 45, 48, 14, 38, 15, 19, 20, 18, 53, 56, 39, 23, 55, 21, 40, 41, 26, 24, 29, 54, 28, 27, 31, 64]
R3[49, 46, 47, 36, 22, 25, 35, 33, 34, 30, 32]
------------------------------------------
