 
------------------------------------------
CANTIDAD DE EJECUCIONES: 100
HEURÍSTICA DE CONSTRUCCIÓN: NearestNeighborWithRLC
COSTO TOTAL: 1976.27
TOTAL DE RUTAS: 3
TIEMPO DE EJECUCIÓN: 284 milisegundos
 
R1[99, 100, 97, 1, 77, 81, 79, 3, 94, 2, 98, 96, 95, 92, 87, 93, 85, 61, 86, 84, 5, 91, 89, 6, 83, 82, 7, 8, 62, 10, 88, 70, 90, 69, 76, 4, 75, 74, 80, 9, 71, 11, 64, 66, 78]
R2[13, 73, 58, 60, 59, 72, 57, 15, 56, 67, 55, 68, 65, 63, 12, 54, 16, 44, 14, 45, 46, 17, 18, 53, 52, 50, 40, 51, 48, 47, 49, 42, 43, 38, 37, 41, 34, 35, 33, 32, 36, 31, 20]
R3[30, 28, 29, 39, 25, 21, 26, 27, 24, 22, 23, 19]
------------------------------------------
