 
------------------------------------------
CANTIDAD DE EJECUCIONES: 100
HEURÍSTICA DE CONSTRUCCIÓN: NearestNeighborWithRLC
COSTO TOTAL: 1900.67
TOTAL DE RUTAS: 3
 
R1[99, 98, 97, 100, 1, 95, 2, 4, 94, 96, 59, 85, 5, 92, 6, 89, 93, 91, 88, 82, 48, 90, 70, 83, 60, 61, 84, 86, 58, 87, 76, 77, 81, 7, 62, 63, 71, 35, 79, 80, 78, 3, 69, 52, 8]
R2[49, 47, 64, 11, 19, 66, 68, 12, 9, 10, 53, 40, 73, 75, 13, 15, 57, 16, 45, 17, 46, 44, 14, 18, 51, 74, 22, 72, 56, 23, 55, 67, 21, 41, 54, 50, 34, 33, 29, 24, 39, 43, 37]
R3[38, 36, 20, 32, 65, 30, 31, 42, 28, 26, 27, 25]
------------------------------------------
