 
------------------------------------------
CANTIDAD DE EJECUCIONES: 100
HEURÍSTICA DE CONSTRUCCIÓN: NearestNeighborWithRLC
COSTO TOTAL: 1966.22
TOTAL DE RUTAS: 3
TIEMPO DE EJECUCIÓN: 271 milisegundos
 
R1[100, 1, 77, 94, 2, 99, 97, 98, 95, 93, 91, 85, 92, 87, 73, 75, 74, 3, 81, 90, 88, 96, 89, 86, 83, 82, 62, 69, 80, 79, 76, 4, 72, 67, 68, 6, 84, 61, 60, 18, 7, 70, 78, 5, 8]
R2[59, 63, 11, 19, 71, 66, 65, 51, 50, 33, 35, 34, 29, 54, 55, 58, 56, 9, 10, 13, 53, 40, 57, 15, 14, 44, 16, 37, 43, 42, 52, 12, 48, 20, 49, 64, 47, 17, 21, 41, 39, 26, 31]
R3[45, 46, 22, 23, 25, 24, 30, 28, 27, 32, 36, 38]
------------------------------------------
