 
------------------------------------------
CANTIDAD DE EJECUCIONES: 100
HEURÍSTICA DE CONSTRUCCIÓN: CMT
COSTO TOTAL: 20315.41
TOTAL DE RUTAS: 4
TIEMPO DE EJECUCIÓN: 153 milisegundos
 
R1[223, 186, 240, 194, 10, 180, 185, 315, 25, 207, 215, 224, 214, 269, 277, 266, 274, 260, 249, 241, 228, 279, 262, 172, 178, 227, 220, 264, 272, 245, 261, 17, 263, 276, 225, 233, 275, 267, 259, 250, 177, 232, 236, 217, 234, 193, 188, 18, 299, 190, 314, 33, 230, 231, 239, 221, 258, 253, 243, 265, 273, 244, 247, 252, 257, 237, 213, 209, 201, 202, 219, 196, 26, 248, 280, 238, 34, 222, 1, 161, 2, 35, 27, 170, 198, 19, 255, 246, 212, 210, 251, 242, 256, 229, 216, 208, 206, 204, 205, 218, 226, 235, 211, 203, 268, 254, 307, 271, 9, 169, 164, 11, 182, 162, 270, 153, 306, 195]
R2[333, 325, 337, 329, 324, 327, 335, 334, 321, 332, 351, 343, 328, 353, 318, 316, 308, 331, 336, 346, 347, 301, 304, 291, 349, 293, 296, 283, 285, 298, 290, 288, 282, 339, 344, 287, 281, 295, 284, 303, 286, 297, 289, 278, 305, 292, 313, 311, 300, 294, 319, 354, 323, 338, 310, 345, 302, 341, 330, 322, 326, 359, 358, 342, 350, 348, 356, 340, 352, 312, 309]
R3[151, 159, 133, 115, 152, 160, 144, 124, 135, 136, 128, 125, 122, 130, 131, 141, 157, 149, 134, 99, 104, 96, 112, 120, 109, 83, 90, 101, 107, 98, 117, 91, 127, 184, 168, 191, 174, 176, 181, 146, 154, 199, 173, 166, 137, 148, 139, 123, 183, 165, 187, 179, 192, 200, 147, 155, 189, 138, 121, 129, 175, 163, 167, 171, 197, 126, 132, 140, 142, 143, 93, 145, 150, 82, 85, 156, 88, 81, 89, 114, 106, 97, 87, 37, 84, 105, 158, 95, 86, 113, 92, 29, 103, 40, 111, 100, 21, 75, 94, 119, 32, 108, 13, 24, 102, 3, 16, 116, 67]
R4[68, 360, 71, 53, 43, 51, 54, 55, 47, 45, 56, 63, 77, 69, 61, 59, 28, 357, 62, 52, 41, 48, 46, 64, 80, 118, 110, 72, 79, 78, 70, 66, 73, 58, 5, 76, 50, 320, 42, 44, 20, 12, 317, 36, 30, 22, 38, 355, 4, 60, 74, 8, 39, 65, 31, 49, 14, 23, 6, 15, 7, 57]
------------------------------------------
