 
------------------------------------------
CANTIDAD DE EJECUCIONES: 100
HEURÍSTICA DE CONSTRUCCIÓN: CMT
COSTO TOTAL: 19857.42
TOTAL DE RUTAS: 4
TIEMPO DE EJECUCIÓN: 140 milisegundos
 
R1[301, 28, 345, 332, 324, 340, 321, 329, 323, 2, 36, 317, 309, 9, 3, 7, 281, 282, 1, 290, 299, 4, 326, 328, 358, 19, 5, 17, 11, 38, 319, 354, 325, 300, 287, 285, 6, 347, 355, 353, 292, 312, 73, 349, 35, 34, 343, 31, 27, 341, 26, 298, 13, 335, 289, 307, 23, 25, 316, 8, 350, 348, 311, 303, 293, 288, 296, 291, 331, 346, 302, 286, 283, 284, 310, 294, 295, 304, 338, 339, 337, 356, 330, 318, 322, 333, 65, 308, 18, 342, 327, 15, 334, 14, 20, 10, 320, 22, 12, 30, 33, 153, 315]
R2[94, 84, 83, 82, 29, 120, 111, 21, 40, 183, 189, 191, 199, 176, 150, 156, 143, 127, 128, 151, 124, 121, 123, 141, 133, 125, 92, 95, 86, 81, 98, 101, 93, 91, 99, 139, 155, 192, 147, 200, 184, 154, 126, 138, 146, 122, 130, 149, 160, 152, 115, 107, 109, 144, 106, 157, 136, 135, 134, 132, 129, 197, 137, 140, 142, 97, 104, 103, 100, 114, 159, 131, 145, 148, 89, 96, 87, 90, 85, 88, 117, 112, 105, 37, 158, 113, 108, 75, 32, 24, 16, 67, 116, 119, 181, 59, 39, 175]
R3[242, 241, 258, 274, 266, 273, 265, 257, 249, 250, 267, 202, 177, 237, 231, 223, 213, 208, 193, 215, 235, 226, 218, 212, 204, 238, 230, 206, 222, 214, 280, 261, 253, 270, 297, 306, 314, 263, 256, 269, 233, 277, 225, 217, 185, 221, 207, 205, 210, 203, 211, 219, 227, 229, 216, 236, 201, 220, 209, 228, 251, 245, 248, 247, 255, 243, 259, 275, 234, 305, 313, 279, 244, 252, 268, 276, 246, 260, 278, 271, 262, 254, 264, 272, 239, 196, 194, 224, 186, 169, 188, 178, 180, 232, 170, 161, 172, 162, 164, 195, 187, 179, 171, 163, 166, 240, 174, 182, 165, 190, 167]
R4[110, 56, 118, 72, 64, 45, 50, 168, 173, 198, 57, 80, 102, 74, 61, 53, 66, 43, 58, 41, 47, 55, 46, 44, 49, 344, 359, 351, 336, 60, 52, 68, 62, 76, 357, 352, 360, 78, 70, 79, 54, 71, 63, 42, 48, 51, 69, 77]
------------------------------------------
