 
------------------------------------------
CANTIDAD DE EJECUCIONES: 100
HEURÍSTICA DE CONSTRUCCIÓN: CMT
COSTO TOTAL: 16345.57
TOTAL DE RUTAS: 5
TIEMPO DE EJECUCIÓN: 122 milisegundos
 
R1[302, 345, 337, 353, 332, 326, 321, 329, 340, 348, 356, 324, 336, 325, 330, 328, 322, 338, 346, 318, 310, 323, 333, 351, 359, 342, 350, 358, 334, 343, 335, 327, 341, 331, 354, 349, 344, 357, 347, 312, 38, 320, 303, 319, 355, 73, 65, 339, 311, 294, 30, 304, 295, 22, 23, 296, 14, 15, 76]
R2[118, 80, 56, 55, 63, 64, 72, 79, 71, 110, 77, 59, 108, 113, 31, 102, 105, 37, 158, 29, 74, 69, 51, 352, 78, 360, 54, 70, 62, 46, 60, 52, 47, 44, 49, 41, 48, 45, 42, 53, 43, 58, 61, 68, 50, 66, 39, 67, 116, 24, 32, 75, 16, 57, 40, 156, 21, 150, 148, 100, 145, 97, 142, 140, 137]
R3[119, 104, 112, 120, 117, 109, 101, 93, 88, 96, 111, 103, 95, 85, 83, 84, 94, 86, 87, 92, 81, 107, 99, 82, 91, 90, 115, 160, 98, 89, 106, 152, 114, 144, 159, 151, 157, 136, 143, 149, 141, 135, 128, 133, 127, 134, 131, 130, 121, 132, 192, 138, 146, 129, 123, 125, 126, 124, 122, 200, 155, 147, 139, 184, 154, 197, 189, 199, 176, 191, 181, 183, 173, 168, 195, 175, 187, 165, 179, 167, 171, 163]
R4[300, 213, 276, 203, 202, 217, 225, 226, 219, 180, 172, 161, 164, 166, 162, 170, 178, 186, 194, 169, 174, 188, 190, 182, 237, 216, 242, 248, 313, 263, 222, 19, 264, 239, 271, 230, 34, 272, 305, 279, 267, 214, 254, 247, 255, 261, 153, 35, 220, 228, 275, 233, 234, 212, 316, 13, 314, 33, 297, 18, 208, 224, 277, 236, 253, 251, 201, 205, 207, 204, 210, 259, 249, 252, 245, 258, 257, 274, 229, 240, 11, 238, 26, 280, 266, 260, 241, 268, 270, 278, 256, 231, 215, 235, 177, 221, 211, 218, 206, 198, 227, 196, 193, 185, 209, 250, 273, 265, 262, 223, 27, 232, 244, 246, 269, 243, 315, 306, 8]
R5[1, 2, 3, 4, 5, 6, 7, 9, 10, 12, 17, 20, 25, 28, 36, 281, 282, 283, 284, 285, 286, 287, 288, 289, 290, 291, 292, 293, 298, 299, 301, 307, 308, 309, 317]
------------------------------------------
