 
------------------------------------------
CANTIDAD DE EJECUCIONES: 100
HEURÍSTICA DE CONSTRUCCIÓN: CMT
COSTO TOTAL: 22803.86
TOTAL DE RUTAS: 4
TIEMPO DE EJECUCIÓN: 134 milisegundos
 
R1[95, 103, 111, 119, 96, 104, 112, 120, 109, 101, 117, 91, 152, 64, 89, 98, 108, 116, 102, 118, 72, 82, 83, 99, 115, 107, 86, 94, 88, 93, 160, 106, 114, 97, 77, 55, 48, 53, 143, 63, 136, 149, 157, 105, 61, 151, 71, 56, 79, 69, 144, 159, 141, 135, 128, 90, 100, 84, 81, 92, 85, 87, 110, 80, 47, 45, 133, 113, 127, 54]
R2[4, 21, 178, 170, 162, 164, 166, 163, 240, 75, 171, 179, 187, 195, 165, 182, 174, 197, 176, 124, 132, 140, 19, 24, 190, 167, 198, 156, 142, 40, 32, 67, 232, 186, 180, 161, 172, 10, 15, 2, 7, 6, 231, 211, 74, 239, 219, 213, 34, 39, 227, 235, 216, 51, 221, 26, 31, 224, 237, 23, 18, 177, 196, 1, 3, 8, 168, 175, 181, 200, 189, 173, 154, 137, 129, 122, 148, 130, 138, 131, 123, 155, 147, 191, 169, 188, 194, 185, 229, 193, 59, 150, 199, 183, 153, 29, 37, 11, 146, 139, 134, 158, 5, 27, 35, 13, 16, 126, 125, 121, 184, 192, 145, 66]
R3[287, 285, 300, 308, 353, 318, 288, 262, 283, 282, 316, 290, 329, 340, 338, 346, 354, 310, 358, 356, 303, 295, 268, 314, 327, 336, 244, 304, 249, 263, 311, 293, 246, 257, 279, 265, 252, 271, 305, 289, 270, 260, 254, 241, 255, 323, 325, 273, 359, 328, 335, 343, 351, 345, 348, 337, 281, 284, 319, 302, 294, 313, 276, 297, 278, 286, 291, 292, 298, 306, 330, 321, 324, 334, 322, 350, 332, 342, 326, 331, 247, 341, 344, 242, 250, 248, 258, 266, 245, 352, 349, 333, 296, 339, 301, 274, 243, 347, 299, 312, 360, 357]
R4[20, 256, 251, 259, 267, 275, 233, 234, 226, 203, 205, 68, 76, 42, 70, 62, 253, 228, 60, 320, 307, 73, 238, 65, 44, 78, 52, 46, 41, 207, 201, 202, 206, 230, 204, 212, 277, 225, 217, 218, 209, 210, 208, 214, 272, 58, 57, 223, 222, 355, 280, 317, 25, 30, 309, 38, 33, 315, 220, 236, 269, 261, 264, 43, 49, 215, 50, 22, 17, 36, 9, 14, 28, 12]
------------------------------------------
