 
------------------------------------------
CANTIDAD DE EJECUCIONES: 100
HEURÍSTICA DE CONSTRUCCIÓN: CMT
COSTO TOTAL: 20987.07
TOTAL DE RUTAS: 4
TIEMPO DE EJECUCIÓN: 129 milisegundos
 
R1[288, 295, 303, 311, 290, 293, 296, 304, 312, 355, 270, 306, 297, 289, 300, 292, 38, 73, 291, 319, 302, 316, 308, 286, 305, 310, 309, 283, 285, 284, 294, 279, 354, 50, 317, 58, 276, 347, 57, 262, 314, 278, 282, 281, 287, 320, 301, 313, 298, 30, 65, 66, 268]
R2[25, 34, 3, 5, 13, 12, 14, 220, 37, 150, 32, 23, 113, 158, 15, 24, 40, 156, 27, 21, 8, 239, 277, 272, 244, 247, 246, 257, 250, 299, 20, 29, 19, 33, 243, 269, 253, 261, 259, 9, 256, 238, 280, 223, 1, 222, 230, 264, 248, 28, 254, 236, 36, 315, 263, 271, 6, 11, 31, 22, 274, 249, 252, 242, 241, 260, 273, 265, 258, 251, 26, 307, 255, 2, 10, 18, 7, 4, 17, 228, 98, 148, 39, 75, 105, 275, 266, 16, 231, 214, 245, 267, 215, 212, 206, 204, 142, 207, 106, 97, 90, 209, 201, 217, 225, 114, 233, 67, 208, 134, 83, 159]
R3[194, 186, 178, 167, 175, 168, 165, 173, 171, 179, 138, 205, 131, 187, 195, 163, 181, 189, 197, 184, 176, 183, 166, 164, 157, 155, 147, 234, 211, 226, 229, 190, 218, 213, 203, 210, 202, 198, 219, 235, 162, 170, 161, 191, 216, 224, 232, 130, 240, 141, 153, 123, 149, 133, 137, 122, 35, 129, 125, 121, 128, 136, 139, 221, 154, 192, 200, 196, 180, 227, 193, 185, 169, 177, 146, 237, 182, 199, 174, 172, 188, 145, 124, 127, 144, 132, 152, 126, 160, 135, 140, 115, 143, 151, 107, 99, 117, 91, 109]
R4[332, 329, 325, 333, 326, 327, 341, 62, 51, 54, 70, 49, 348, 350, 360, 352, 76, 336, 334, 344, 343, 340, 349, 337, 357, 335, 74, 46, 63, 78, 44, 356, 52, 41, 68, 345, 60, 61, 43, 56, 72, 116, 108, 79, 48, 55, 59, 47, 45, 71, 64, 118, 80, 92, 84, 94, 86, 82, 85, 88, 93, 101, 96, 104, 112, 120, 119, 111, 103, 95, 87, 100, 89, 81, 110, 102, 69, 77, 53, 42, 342, 353, 323, 346, 318, 328, 359, 358, 351, 324, 338, 331, 339, 322, 330, 321]
------------------------------------------
