 
------------------------------------------
CANTIDAD DE EJECUCIONES: 100
HEURÍSTICA DE CONSTRUCCIÓN: CMT
COSTO TOTAL: 22341.95
TOTAL DE RUTAS: 5
TIEMPO DE EJECUCIÓN: 122 milisegundos
 
R1[27, 198, 234, 217, 214, 124, 220, 125, 231, 229, 221, 224, 223, 206, 232, 177, 175, 181, 178, 170, 195, 187, 179, 171, 163, 180, 188, 193, 169, 237, 196, 189, 165, 167, 166, 161, 173, 168, 183, 139, 145, 192, 154, 130, 129, 190, 182, 172, 240, 35, 138, 226, 212, 19, 141, 149, 121, 157, 128, 239, 132, 228, 127, 216, 213, 211, 162, 155, 122, 123, 209, 204, 215, 201, 207, 227, 235, 219, 218, 210, 225, 136, 140, 144, 148, 133, 208, 146, 147, 137, 205, 203, 202, 131, 184, 176, 197, 194, 186, 185, 174, 164, 191, 153, 200, 199]
R2[278, 313, 305, 258, 266, 274, 271, 279, 300, 316, 308, 297, 314, 286, 299, 288, 272, 295, 277, 285, 291, 233, 345, 287, 283, 269, 275, 264, 263, 282, 294, 353, 267, 253, 251, 252, 244, 241, 249, 257, 268, 250, 242, 246, 254, 261, 306, 318, 310, 302, 292, 298, 270, 255, 247, 260, 273, 265, 276, 262, 243, 245, 248, 259, 284, 290, 256, 281, 289, 356, 337, 303, 236, 293]
R3[5, 10, 26, 156, 29, 2, 18, 222, 230, 238, 315, 280, 33, 25, 34, 11, 3, 9, 17, 1, 134, 12, 7, 307, 135, 13, 21, 37, 126, 4, 8, 143, 152, 142, 160, 151, 20, 115]
R4[23, 79, 86, 328, 352, 343, 340, 332, 335, 344, 321, 323, 333, 91, 104, 112, 120, 109, 117, 101, 99, 83, 82, 97, 339, 311, 357, 116, 64, 338, 98, 85, 324, 76, 62, 341, 102, 78, 118, 119, 348, 327, 358, 350, 342, 326, 349, 114, 354, 106, 84, 80, 110, 336, 334, 359, 351, 360, 55, 159, 319, 56, 54, 89, 72, 63, 94, 87, 96, 93, 107, 88, 111, 103, 95, 81, 90, 330, 322, 329, 48, 77, 92, 100, 346, 325, 71, 70, 331, 108, 47, 46, 68, 69, 61, 60, 53, 52, 44, 45, 296, 347, 105, 43, 41, 304]
R5[6, 14, 15, 16, 22, 24, 28, 30, 31, 32, 36, 38, 39, 40, 42, 49, 50, 51, 57, 58, 59, 65, 66, 67, 73, 74, 75, 113, 150, 158, 301, 309, 312, 317, 320, 355]
------------------------------------------
