Antes de iniciar JVM
Antes de llamar a Controller
Antes de apagar la JVM
FIN
 
------------------------------------------
HEURÍSTICA DE CONSTRUCCIÓN: CMT
COSTO TOTAL: 3787.24
TOTAL DE RUTAS: 16
TIEMPO DE EJECUCIÓN: 3.450922727584839
 
R1[35, 27, 19, 11, 21, 37, 29, 40, 32]
R2[14, 22, 30, 38, 12, 20, 28]
R3[15, 23, 31, 39, 24, 16, 8, 5, 7, 13, 6, 7, 3, 2]
R4[17, 36, 25, 34, 33, 26, 9, 10, 18, 1]
R5[75, 67, 59, 74]
R6[46, 54, 62, 70, 78]
R7[44, 52, 60, 68, 76, 73, 65, 57, 49, 41, 66, 58, 50, 42]
R8[48, 51, 72, 72, 72, 80, 72, 64, 71, 72, 72, 72, 55, 53, 43, 47, 45]
R9[112, 120, 104, 96]
R10[83, 91, 107, 99, 107, 117, 109, 101, 93, 85, 82, 90, 88]
R11[89, 97, 81, 98, 105, 113, 114, 106, 98, 108, 100]
R12[86, 119, 111, 110, 118, 102, 102, 94, 95, 92, 87, 84]
R13[144, 152, 160, 136, 157]
R14[141, 133, 125, 133, 149, 139, 147, 128, 123, 122, 130, 131, 123, 124]
R15[150, 142, 134, 159, 151, 159, 135, 143, 127, 126]
R16[129, 156, 148, 137, 145, 153, 154, 146, 140, 132, 121]
------------------------------------------
