Antes de iniciar JVM
Antes de llamar a Controller
Antes de apagar la JVM
FIN
 
------------------------------------------
HEURÍSTICA DE CONSTRUCCIÓN: CMT
COSTO TOTAL: 3774.33
TOTAL DE RUTAS: 16
TIEMPO DE EJECUCIÓN: 3.5154101848602295
 
R1[28, 36, 22, 30, 38, 30, 14]
R2[9, 17, 25, 33, 12, 1, 4, 6]
R3[21, 16, 24, 32, 40, 32, 32, 24, 31, 23, 13, 8, 15, 7, 5]
R4[11, 27, 19, 26, 34, 35, 26, 10, 2, 3]
R5[70, 78, 62, 76, 68]
R6[80, 72, 64, 77]
R7[42, 66, 66, 43, 41, 60, 57, 58, 58, 74, 74, 66, 66, 66, 66, 51, 61, 69, 53, 52, 45, 44]
R8[47, 54, 71, 79, 71, 63, 55, 48, 46]
R9[96, 88, 111, 112, 104, 112, 120, 112, 104, 101, 93]
R10[84, 86, 95, 105, 97, 89, 97, 81, 87, 81, 92, 100, 85, 82]
R11[94, 102, 110, 118, 110, 108]
R12[91, 107, 106, 99, 115, 114, 98, 90, 83]
R13[158, 150, 142, 159]
R14[136, 151, 125, 131, 128, 144, 160, 152, 157, 149, 141, 133, 141, 123, 135, 127]
R15[155, 147, 139]
R16[129, 154, 146, 153, 145, 153, 145, 137, 138, 126, 132, 148, 134, 130, 122, 124, 121]
------------------------------------------
