Antes de iniciar JVM
Antes de llamar a Controller
Antes de apagar la JVM
FIN
 
------------------------------------------
HEURÍSTICA DE CONSTRUCCIÓN: CMT
COSTO TOTAL: 3728.71
TOTAL DE RUTAS: 16
TIEMPO DE EJECUCIÓN: 3.539193868637085
 
R1[8, 16, 24, 32, 40, 15, 23, 31, 39, 5, 7, 13]
R2[35, 27]
R3[12, 20, 28, 36, 38, 30, 22, 14, 6, 4, 9, 17, 25, 33, 1, 2]
R4[29, 37, 11, 26, 34, 26, 34, 18, 10, 3]
R5[56, 64, 72, 80, 77, 69]
R6[65, 73, 57, 49, 68, 76]
R7[43, 51, 59, 67, 75, 74, 66, 58, 50, 42, 53, 61, 45, 41, 44]
R8[55, 62, 78, 70, 78, 71, 79, 71, 54, 63, 48, 46, 47]
R9[92, 84, 97, 105, 108, 108, 100, 108, 116, 108, 89]
R10[103, 111, 119, 111, 112, 120, 112, 104, 102, 95, 96]
R11[87, 88, 85, 83, 81, 82, 90, 82, 93, 106]
R12[99, 107, 114, 115, 109, 117, 101, 91]
R13[160, 152, 144]
R14[137, 145, 153, 129, 146, 138, 130, 121, 148, 156, 132, 140, 124, 140, 122, 126]
R15[133, 157, 149, 147, 155, 147, 139, 131, 123, 125, 128, 136]
R16[150, 158, 159, 143, 151, 135, 142, 134, 127]
------------------------------------------
