Antes de iniciar JVM
Antes de llamar a Controller
Antes de apagar la JVM
FIN
 
------------------------------------------
HEURÍSTICA DE CONSTRUCCIÓN: CMT
COSTO TOTAL: 3617.95
TOTAL DE RUTAS: 16
TIEMPO DE EJECUCIÓN: 3.592010498046875
 
R1[26, 34, 18, 10, 1, 2, 9]
R2[17, 33, 25, 36, 28, 20]
R3[16, 24, 40, 32, 23, 39, 31, 39, 38, 30, 22, 14, 6, 7, 8, 4, 5, 12, 13, 21, 29]
R4[19, 35, 37, 27, 11, 3]
R5[75, 67, 59, 51, 69, 61, 51, 43]
R6[49, 57, 50, 58, 66, 65, 73, 74, 66, 41, 68, 60, 52, 42]
R7[54, 54, 63, 55, 46, 47, 53, 71, 45, 48, 44, 44, 47, 44, 56]
R8[72, 80, 64]
R9[84, 86, 82, 92, 81, 116, 108, 100, 94, 94, 110, 118, 87, 89, 83, 85]
R10[99, 107, 115, 91]
R11[96, 104, 112, 120, 119, 111, 103, 95, 88, 109, 117, 101, 93]
R12[106, 97, 105, 113, 105, 98, 90]
R13[142, 150, 158, 159, 151, 134, 143]
R14[133, 141, 141, 141, 157, 141, 141, 141, 141, 149, 157, 141, 125, 128, 123]
R15[129, 137, 145, 153, 138, 146, 154, 146, 130, 148]
R16[124, 126, 135, 132, 140, 140, 127, 122]
------------------------------------------
