Antes de iniciar JVM
Antes de llamar a Controller
Antes de apagar la JVM
FIN
 
------------------------------------------
HEURÍSTICA DE CONSTRUCCIÓN: CMT
COSTO TOTAL: 3746.39
TOTAL DE RUTAS: 16
TIEMPO DE EJECUCIÓN: 3.4658255577087402
 
R1[32, 40, 24, 39, 31, 23]
R2[17, 25, 33, 25, 9, 1, 34, 26, 10, 3, 6, 12, 4, 2, 20, 11, 7]
R3[22, 38, 30, 36, 28, 14]
R4[27, 35, 27, 19, 21, 8, 29, 16, 15, 13, 5]
R5[56, 64, 61, 53, 61, 69, 77, 77, 69, 67, 59, 51, 45, 48, 43]
R6[62, 70, 78, 79, 71, 63, 54]
R7[47, 55, 47, 44, 46, 52, 68, 76, 41, 42]
R8[49, 65, 73, 57, 66, 74, 58, 50]
R9[110, 118, 102, 119, 111, 108, 100, 94, 111, 92, 103]
R10[120, 112, 104]
R11[82, 86, 95, 87, 83, 93, 101, 109, 117, 96, 85, 88, 88, 88, 88, 99, 84, 90, 81, 98, 106]
R12[113, 114, 105, 97, 89]
R13[126, 127, 123, 128, 125, 125, 133, 125, 124]
R14[136, 160, 152, 144, 152, 143, 151, 135, 151, 159]
R15[155, 147, 146, 138, 138, 130, 130, 130, 121, 121, 129, 137, 145, 153, 132, 140, 148]
R16[158, 156, 150, 142]
------------------------------------------

