 
------------------------------------------
CANTIDAD DE EJECUCIONES: 100
HEURÍSTICA DE CONSTRUCCIÓN: CMT
COSTO TOTAL: 1468.6
TOTAL DE RUTAS: 11
TIEMPO DE EJECUCIÓN: 344 milisegundos
 
R1[30, 70, 90, 32, 63, 64, 11, 69, 1, 10, 31]
R2[99, 96, 6, 59, 85, 93, 98, 91, 44]
R3[97, 42, 43, 87, 95, 92, 37, 13, 94, 14]
R4[39, 67, 23, 56]
R5[72, 75, 22, 41, 57, 15, 58, 2, 74, 73, 21, 40]
R6[5, 100, 38, 86, 16, 61, 17, 84, 60]
R7[18, 89, 83, 45, 46, 8, 82, 48, 47, 7]
R8[55, 25, 4, 24, 54, 80, 12, 26, 53, 68, 29]
R9[9, 62, 49, 36, 19, 65, 35, 66, 88]
R10[28, 51, 20, 71, 34, 78, 79, 81, 33, 3, 52]
R11[27, 77, 50, 76]
------------------------------------------
