 
------------------------------------------
CANTIDAD DE EJECUCIONES: 100
HEURÍSTICA DE CONSTRUCCIÓN: HeuristicType.MoleJameson
COSTO TOTAL: 822.59
TOTAL DE RUTAS: 6
TIEMPO DE EJECUCIÓN: 9.646849870681763 milisegundos
 
R1[29, 5, 37, 20, 70, 71, 36, 69, 47, 21, 61, 22, 28, 72]
R2[27, 15, 57, 13, 54, 19, 14, 35, 7, 8, 52, 34, 46, 67]
R3[9, 25, 55, 18, 50, 3]
R4[11, 66, 59]
R5[12, 58, 38, 65, 10, 31, 39, 40, 44, 32, 51, 16, 49, 24, 23, 56, 41, 42, 43, 1, 62, 73, 63, 33, 6]
R6[53, 26, 17, 68, 2, 74, 48, 30, 45, 4, 75]
------------------------------------------
