 
------------------------------------------
CANTIDAD DE EJECUCIONES: 100
HEURÍSTICA DE CONSTRUCCIÓN: HeuristicType.MoleJameson
COSTO TOTAL: 810.71
TOTAL DE RUTAS: 6
TIEMPO DE EJECUCIÓN: 9.716439962387085 milisegundos
 
R1[48, 69, 36, 71, 70, 20, 37, 5, 47, 21, 61, 28, 73, 72]
R2[15, 35, 53, 14, 59, 11, 66, 65, 38, 10, 58]
R3[1, 43, 41, 42, 41, 23, 49]
R4[6, 33, 63, 16, 3, 51]
R5[40, 12, 26, 67, 34, 46, 7, 8, 19, 54, 13, 57, 27, 52, 4, 45, 29, 30, 74, 22, 62, 2, 68, 75]
R6[31, 9, 39, 25, 55, 18, 24, 50, 32, 44, 17]
------------------------------------------
