 
------------------------------------------
HEURÍSTICA DE CONSTRUCCIÓN: SaveSequential
COSTO TOTAL: 875.24
TOTAL DE RUTAS: 4
TIEMPO DE EJECUCIÓN: 2.7374942302703857
 
R1[46, 90, 63, 32, 66, 65, 35, 71, 9, 34, 78, 29, 24, 55, 25, 67, 39, 23, 56, 75, 22, 74, 72, 4, 54, 80, 68, 6]
R2[44, 38, 14, 42, 43, 15, 57, 41, 73, 21, 26, 12, 77, 3, 79, 81, 33, 51, 20, 30, 70, 1, 50, 76, 28, 53, 40, 58, 2, 87]
R3[99, 98, 61, 16, 91, 100, 37, 92, 95, 97, 13, 89, 27, 69, 31, 10, 64, 49, 36, 47, 19, 11, 62, 88, 7, 48, 82]
R4[84, 5, 60, 18, 52, 96, 94, 59, 93, 85, 86, 17, 45, 8, 83]
------------------------------------------
