 
------------------------------------------
HEURÍSTICA DE CONSTRUCCIÓN: SaveSequential
COSTO TOTAL: 880.78
TOTAL DE RUTAS: 4
TIEMPO DE EJECUCIÓN: 2.775777578353882
 
R1[46, 10, 32, 66, 65, 35, 71, 9, 34, 78, 29, 24, 55, 25, 67, 39, 23, 56, 75, 22, 74, 72, 4, 54, 80, 68]
R2[47, 36, 49, 11, 19, 64, 63, 90, 20, 51, 81, 33, 79, 3, 77, 76, 50, 1, 30, 70, 31, 69, 12, 26, 21, 73, 41, 15, 43, 57, 92, 91]
R3[7, 62, 88, 52, 27, 89, 28, 53, 40, 58, 2, 87, 42, 14, 38, 44, 86, 16, 100, 37, 98, 97, 95, 13, 94, 6, 60]
R4[83, 18, 82, 48, 8, 45, 17, 61, 85, 93, 59, 99, 96, 5, 84]
------------------------------------------
