 
------------------------------------------
HEURÍSTICA DE CONSTRUCCIÓN: SaveSequential
COSTO TOTAL: 879.43
TOTAL DE RUTAS: 4
 
R1[91, 41, 74, 22, 75, 56, 23, 39, 67, 25, 55, 24, 29, 79, 78, 34, 35, 65, 71, 66, 20, 9, 81, 33, 3, 77, 68, 80]
R2[92, 13, 73, 72, 4, 54, 12, 76, 50, 51, 30, 32, 90, 63, 64, 49, 36, 47, 19, 11, 10, 70, 1, 69, 31, 62, 88]
R3[8, 46, 48, 7, 82, 52, 27, 28, 26, 21, 40, 58, 2, 57, 15, 43, 42, 14, 38, 44, 86, 16, 100, 37, 87, 97, 95, 98, 17]
R4[5, 60, 18, 6, 89, 53, 94, 96, 99, 59, 93, 85, 61, 84, 45, 83]
------------------------------------------
