 
------------------------------------------
HEURÍSTICA DE CONSTRUCCIÓN: SaveSequential
COSTO TOTAL: 855.49
TOTAL DE RUTAS: 4
TIEMPO DE EJECUCIÓN: 2.744513511657715
 
R1[7, 63, 32, 66, 65, 35, 71, 9, 34, 78, 29, 24, 55, 25, 67, 39, 23, 56, 75, 22, 74, 72, 4, 54, 80, 68, 92]
R2[62, 10, 11, 19, 47, 36, 49, 64, 90, 70, 30, 20, 51, 33, 81, 79, 3, 77, 12, 26, 40, 21, 73, 41, 15, 43, 57, 2, 87, 42]
R3[6, 93, 98, 37, 100, 14, 38, 44, 86, 16, 91, 85, 97, 95, 13, 58, 53, 28, 76, 50, 1, 69, 31, 88, 52]
R4[84, 5, 60, 18, 89, 27, 96, 94, 59, 99, 61, 17, 45, 46, 48, 82, 8, 83]
------------------------------------------
