 
------------------------------------------
HEURÍSTICA DE CONSTRUCCIÓN: SaveSequential
COSTO TOTAL: 3119.11
TOTAL DE RUTAS: 18
TIEMPO DE EJECUCIÓN: 16.37609887123108
 
R1[174, 141, 69, 110, 77, 172, 25, 31, 80, 85, 41]
R2[181, 132, 54, 127, 186, 8, 88, 98, 177]
R3[139, 11, 129, 147, 160, 86, 115, 94, 65, 51]
R4[194, 145, 195, 52, 163, 182, 75, 23, 92, 21]
R5[108, 84, 180, 82, 4, 191, 125, 72, 60, 176, 143]
R6[3, 63, 187, 140, 16, 142, 111, 151, 159, 150, 22, 38]
R7[45, 154, 20, 200, 124, 136, 171, 189, 32, 197, 103]
R8[44, 146, 19, 192, 196, 15, 89, 169, 170, 134, 156]
R9[73, 66, 47, 164, 91, 70, 148, 12, 116]
R10[152, 40, 153, 123, 42, 50, 112, 168, 79, 29, 87]
R11[14, 198, 105, 26, 48, 178, 27, 173, 64, 100, 24, 162, 61]
R12[118, 83, 36, 33, 121, 165, 188, 193, 46, 128, 106, 95]
R13[37, 135, 184, 58, 18, 185, 104, 161, 117, 49, 7, 157, 56, 114]
R14[138, 137, 81, 199, 55, 93, 183, 35, 166, 126, 71, 9]
R15[149, 133, 59, 96, 130, 97, 28, 74, 120, 30, 68, 102, 53]
R16[101, 99, 1, 144, 119, 57, 190, 10, 5, 167, 34, 158]
R17[2, 13, 43, 122, 6, 109, 179, 76, 131, 62]
R18[113, 155, 78, 67, 175, 90, 17, 39, 107]
------------------------------------------
