 
------------------------------------------
HEURÍSTICA DE CONSTRUCCIÓN: SaveSequential
COSTO TOTAL: 2885.78
TOTAL DE RUTAS: 18
TIEMPO DE EJECUCIÓN: 16.29672622680664
 
R1[18, 54, 127, 186, 8, 88, 3, 98, 177, 157]
R2[55, 161, 104, 185, 132, 7, 58, 49, 181, 117, 49]
R3[32, 189, 171, 94, 115, 86, 65, 51, 174, 136, 124, 141]
R4[57, 60, 180, 84, 191, 125, 82, 4, 72, 46, 193, 128]
R5[70, 148, 200, 69, 197, 103, 160, 147]
R6[21, 92, 23, 182, 163, 75, 194, 145, 195, 52]
R7[112, 168, 79, 29, 41, 85, 80, 31, 25, 172, 77, 110]
R8[176, 36, 121, 190, 158, 95, 106, 10, 5, 167, 34]
R9[135, 93, 53, 99, 1, 9, 71, 126, 166, 35, 119, 144, 101]
R10[38, 150, 22, 140, 16, 142, 111, 151, 159, 114, 63, 56, 199]
R11[14, 198, 89, 169, 170, 134, 156, 50, 42, 87, 123, 153]
R12[138, 184, 37, 81, 137, 183, 83, 143, 33, 165, 188, 108, 90]
R13[154, 20, 162, 47, 66, 164, 91, 12, 116]
R14[129, 11, 6, 73, 122, 139, 43, 13, 2, 118, 17, 67]
R15[130, 96, 15, 105, 40, 152, 26, 59, 97, 196, 192]
R16[44, 102, 146, 68, 30, 120, 19, 74, 28, 133, 48, 149, 173]
R17[76, 178, 109, 45, 179, 61, 24, 100, 64, 27, 64]
R18[62, 131, 39, 78, 175, 155, 107]
------------------------------------------
