 
------------------------------------------
HEURÍSTICA DE CONSTRUCCIÓN: SaveSequential
COSTO TOTAL: 3047.04
TOTAL DE RUTAS: 18
TIEMPO DE EJECUCIÓN: 16.17064118385315
 
R1[163, 194, 145, 170, 134, 50, 156, 112, 168, 79, 29, 87]
R2[40, 195, 52, 75, 182, 23, 92, 21, 42]
R3[148, 197, 124, 174, 51, 94, 115, 86, 65, 136, 189]
R4[157, 177, 98, 3, 88, 8, 186, 127, 54, 18]
R5[149, 198, 105, 169, 89, 15, 59, 14, 152, 153, 123, 26]
R6[73, 147, 160, 32, 171, 141, 69, 200, 103, 12]
R7[154, 80, 85, 31, 77, 172, 25, 172, 110, 162, 91]
R8[38, 22, 150, 159, 140, 187, 142, 16, 151, 111, 63, 114, 56]
R9[117, 181, 7, 132, 185, 104, 161, 58, 135, 49, 184, 199]
R10[45, 64, 20, 24, 61, 100, 173, 27, 178, 48, 133, 130, 96, 196]
R11[129, 116, 164, 66, 47, 70, 179, 109]
R12[2, 167, 128, 46, 193, 191, 84, 180, 82, 4, 72]
R13[81, 37, 93, 53, 99, 1, 9, 71, 35, 166, 126, 119, 144, 101]
R14[108, 121, 33, 36, 125, 60, 176, 143, 165, 188, 83]
R15[138, 55, 57, 118, 190, 10, 106, 5, 95, 34, 158]
R16[90, 67, 17, 39, 43, 13, 175, 155, 78, 113, 122, 11, 6, 139]
R17[44, 102, 146, 19, 192, 97, 28, 74, 120, 30, 68]
R18[107, 183, 137, 62, 131, 76]
------------------------------------------
