 
------------------------------------------
CANTIDAD DE EJECUCIONES: 100
HEURÍSTICA DE CONSTRUCCIÓN: SaveSequential
COSTO TOTAL: 1033.3
TOTAL DE RUTAS: 1
TIEMPO DE EJECUCIÓN: 217 milisegundos
 
R1[2, 30, 74, 48, 5, 47, 21, 28, 22, 61, 69, 36, 37, 20, 13, 54, 19, 53, 11, 14, 59, 66, 10, 31, 50, 25, 55, 18, 24, 56, 1, 42, 64, 41, 43, 23, 63, 49, 16, 3, 44, 32, 9, 39, 72, 58, 38, 65, 35, 8, 57, 15, 70, 60, 71, 29, 45, 27, 52, 46, 34, 7, 12, 40, 17, 51, 33, 73, 62, 6, 68, 4, 67, 26, 75]
------------------------------------------
