 
------------------------------------------
CANTIDAD DE EJECUCIONES: 100
HEURÍSTICA DE CONSTRUCCIÓN: RandomMethod
COSTO TOTAL: 6122.35
TOTAL DE RUTAS: 7
TIEMPO DE EJECUCIÓN: 72 milisegundos
 
R1[115, 85, 111, 93, 51, 7, 86, 82, 99, 48, 30, 10, 18, 114, 31, 27, 83, 9, 16, 50, 107, 37, 42]
R2[21, 25, 65, 40, 71, 59, 61, 75, 106, 53, 60, 58, 97, 14, 72, 67, 24, 20]
R3[108, 110, 35, 47, 36, 5, 105, 57, 52, 56, 78, 29, 43, 17, 113, 91, 117, 12, 73, 81, 95, 87, 63, 62]
R4[39, 64, 45, 116, 70, 41, 77, 15, 23]
R5[92, 55, 11, 119, 84, 112, 49, 74, 109, 6, 96, 104]
R6[90, 4, 38, 89, 46, 88, 120, 102, 66, 28, 76, 98, 79, 54, 100, 32]
R7[103, 44, 68, 80, 101, 8, 34, 22, 13, 33, 1, 19, 2, 94, 26, 118, 69, 3]
------------------------------------------
