 
------------------------------------------
HEURÍSTICA DE CONSTRUCCIÓN: SaveSequential
COSTO TOTAL: 861.71
TOTAL DE RUTAS: 4
 
R1[91, 41, 74, 22, 75, 56, 23, 67, 39, 25, 55, 24, 29, 34, 35, 65, 71, 66, 20, 9, 78, 79, 81, 33, 3, 77, 68, 80]
R2[92, 38, 14, 42, 43, 15, 57, 2, 58, 40, 26, 21, 73, 72, 4, 54, 12, 76, 50, 51, 30, 10, 32, 90, 63, 64, 49, 36, 47, 46, 17]
R3[84, 61, 16, 44, 86, 100, 37, 87, 97, 95, 13, 53, 28, 1, 70, 31, 69, 27, 52, 88, 62, 11, 19, 48, 7]
R4[60, 5, 96, 99, 93, 85, 98, 59, 94, 6, 89, 18, 82, 8, 45, 83]
------------------------------------------
