 
------------------------------------------
HEURÍSTICA DE CONSTRUCCIÓN: SaveSequential
COSTO TOTAL: 876.18
TOTAL DE RUTAS: 4
 
R1[91, 41, 74, 22, 75, 56, 23, 67, 39, 25, 55, 24, 29, 34, 35, 65, 71, 66, 20, 9, 78, 79, 81, 33, 3, 77, 68, 80]
R2[69, 1, 70, 10, 11, 19, 47, 36, 49, 64, 63, 90, 32, 30, 51, 50, 76, 12, 54, 4, 72, 57, 15, 43, 42, 14, 38, 44, 37]
R3[99, 96, 6, 94, 13, 95, 97, 92, 98, 100, 87, 2, 73, 21, 26, 40, 58, 53, 28, 27, 31, 62, 88, 7, 48, 46, 8, 82]
R4[5, 84, 45, 17, 61, 86, 16, 85, 93, 59, 60, 89, 52, 18, 83]
------------------------------------------
