 
------------------------------------------
HEURÍSTICA DE CONSTRUCCIÓN: SaveSequential
COSTO TOTAL: 890.12
TOTAL DE RUTAS: 4
TIEMPO DE EJECUCIÓN: 2.705386161804199
 
R1[92, 13, 75, 23, 67, 39, 25, 55, 24, 29, 34, 35, 65, 71, 66, 20, 9, 78, 79, 81, 33, 3, 77, 68, 80, 76]
R2[100, 16, 86, 38, 44, 91, 14, 43, 15, 41, 22, 56, 4, 54, 12, 26, 21, 72, 74, 73, 40, 58, 2, 57, 42, 87, 97, 95]
R3[93, 85, 98, 37, 59, 99, 96, 94, 53, 28, 50, 51, 30, 32, 90, 63, 64, 49, 36, 47, 19, 11, 10, 70, 1, 6]
R4[83, 18, 52, 89, 27, 69, 31, 62, 88, 7, 48, 46, 8, 82, 45, 17, 61, 84, 5, 60]
------------------------------------------
