 
------------------------------------------
HEURÍSTICA DE CONSTRUCCIÓN: SaveSequential
COSTO TOTAL: 880.45
TOTAL DE RUTAS: 4
TIEMPO DE EJECUCIÓN: 2.675631046295166
 
R1[80, 68, 77, 3, 79, 81, 33, 78, 9, 20, 66, 71, 65, 35, 34, 29, 24, 55, 25, 39, 67, 23, 56, 75, 22, 74, 41, 91]
R2[46, 36, 47, 49, 64, 63, 32, 90, 30, 51, 50, 76, 12, 54, 4, 72, 73, 21, 26, 40, 58, 2, 57, 15, 43, 42, 14, 38, 44, 92]
R3[99, 85, 98, 100, 37, 87, 97, 95, 13, 53, 28, 1, 70, 10, 11, 19, 62, 31, 69, 27, 52, 88, 7, 48, 82]
R4[60, 18, 89, 96, 6, 94, 59, 93, 5, 61, 16, 86, 17, 45, 8, 83, 84]
------------------------------------------
