 
------------------------------------------
HEURÍSTICA DE CONSTRUCCIÓN: SaveSequential
COSTO TOTAL: 869.4
TOTAL DE RUTAS: 4
TIEMPO DE EJECUCIÓN: 2.732564926147461
 
R1[15, 41, 23, 67, 39, 25, 55, 24, 29, 34, 35, 65, 71, 66, 20, 9, 78, 79, 81, 33, 3, 77, 68, 80, 54, 4, 56]
R2[47, 36, 49, 64, 63, 90, 32, 30, 51, 50, 76, 12, 26, 21, 73, 72, 74, 75, 22, 57, 2, 40, 58, 53, 28, 1, 70, 10, 88]
R3[61, 86, 16, 91, 85, 93, 59, 92, 98, 37, 100, 14, 44, 38, 43, 42, 87, 97, 95, 13, 94, 6, 27, 69, 7]
R4[83, 45, 17, 84, 5, 99, 96, 89, 52, 31, 62, 11, 19, 48, 46, 8, 82, 18, 60]
------------------------------------------
