 
------------------------------------------
CANTIDAD DE EJECUCIONES: 100
HEURÍSTICA DE CONSTRUCCIÓN: NearestNeighborWithRLC
COSTO TOTAL: 1889.71
TOTAL DE RUTAS: 10
TIEMPO DE EJECUCIÓN: 238 milisegundos
 
R1[68, 6, 51, 17, 40, 72]
R2[75, 67, 74, 30, 73, 63]
R3[56, 64, 69, 1, 62, 48, 2, 47, 71, 60, 37]
R4[20, 15, 57, 54, 70, 36, 5, 61, 45, 29, 27, 4]
R5[46, 52, 34, 58]
R6[39, 65, 66, 53, 7]
R7[59, 44, 50, 25, 55, 49, 43, 42, 3, 41, 33, 35, 8]
R8[38, 10, 9]
R9[11, 31, 32, 12, 19, 13, 16, 18, 14]
R10[28, 21, 22, 23, 26, 24]
------------------------------------------
