 
------------------------------------------
CANTIDAD DE EJECUCIONES: 100
HEURÍSTICA DE CONSTRUCCIÓN: NearestNeighborWithRLC
COSTO TOTAL: 1827.18
TOTAL DE RUTAS: 12
TIEMPO DE EJECUCIÓN: 276 milisegundos
 
R1[75, 68, 6, 74, 30, 73, 63]
R2[33, 62, 69, 70, 71, 1]
R3[64, 2, 28, 61, 48, 67, 46, 52]
R4[57, 54, 59, 72, 4]
R5[45, 47, 60, 5, 37, 36]
R6[34, 58, 65, 53, 35, 7]
R7[8, 66, 51, 56, 55]
R8[3, 9, 10]
R9[11, 14, 19, 38, 39, 40, 13, 27, 29]
R10[15, 12, 17, 50, 49, 44]
R11[16, 18, 42, 22, 43, 24, 23, 41, 32, 31, 25]
R12[21, 26, 20]
------------------------------------------
