 
------------------------------------------
CANTIDAD DE EJECUCIONES: 100
HEURÍSTICA DE CONSTRUCCIÓN: NearestNeighborWithRLC
COSTO TOTAL: 1821.61
TOTAL DE RUTAS: 10
TIEMPO DE EJECUCIÓN: 160 milisegundos
 
R1[68, 75, 74, 30, 73, 1, 3, 72]
R2[2, 62, 63, 51, 6, 33, 5, 4, 7, 58]
R3[67, 52, 46, 34]
R4[57, 8, 54, 59]
R5[66, 11, 53, 38, 39, 40, 44]
R6[50, 55, 10, 9, 32, 25, 31, 35, 26, 29]
R7[12, 65, 45, 13, 27, 48]
R8[70, 14, 47, 15, 69, 17]
R9[18, 19, 20, 60, 37, 61, 21, 36, 71, 28, 16]
R10[56, 49, 43, 64, 23, 24, 42, 22, 41]
------------------------------------------
