 
------------------------------------------
CANTIDAD DE EJECUCIONES: 100
HEURÍSTICA DE CONSTRUCCIÓN: NearestNeighborWithRLC
COSTO TOTAL: 1798.35
TOTAL DE RUTAS: 11
TIEMPO DE EJECUCIÓN: 256 milisegundos
 
R1[68, 6, 74, 1, 75]
R2[67, 46, 52, 45]
R3[73, 62, 28, 22, 64]
R4[63, 51, 2, 48, 29, 47, 71, 60, 70, 37, 57, 54, 72, 65, 3]
R5[61, 4, 30, 69, 36, 5, 59, 53, 35, 8, 7]
R6[66, 38, 10, 58, 40, 55, 56, 49, 44]
R7[32, 50, 25, 31]
R8[12, 11, 14]
R9[34, 13, 27, 33, 43]
R10[42, 41, 23, 39, 9, 17]
R11[26, 16, 18, 15, 19, 20, 21, 24]
------------------------------------------
