 
------------------------------------------
CANTIDAD DE EJECUCIONES: 100
HEURÍSTICA DE CONSTRUCCIÓN: NearestNeighborWithRLC
COSTO TOTAL: 1901.73
TOTAL DE RUTAS: 11
TIEMPO DE EJECUCIÓN: 198 milisegundos
 
R1[68, 6, 51, 17, 40]
R2[44, 75, 74, 73, 63, 33]
R3[62, 28, 22, 69, 71, 70, 61]
R4[64, 56, 43, 2, 30, 1, 3, 4]
R5[46, 67, 52, 34]
R6[27, 45, 5, 72, 58]
R7[38, 7, 35, 65, 11]
R8[53, 59, 54, 19, 66, 39, 9, 32, 55]
R9[50, 25, 31, 12, 10, 8, 14, 13, 57, 60, 49]
R10[24, 18, 48, 37, 36, 21, 47, 29, 20, 15, 42]
R11[41, 26, 16, 23]
------------------------------------------
