 
------------------------------------------
CANTIDAD DE EJECUCIONES: 100
HEURÍSTICA DE CONSTRUCCIÓN: NearestNeighborWithRLC
COSTO TOTAL: 1873.18
TOTAL DE RUTAS: 10
TIEMPO DE EJECUCIÓN: 189 milisegundos
 
R1[2, 75, 68, 6, 73, 62, 28, 1, 74, 71, 69, 70, 61]
R2[48, 29, 47, 36, 67, 46, 72, 4, 45, 52]
R3[35, 66, 65, 59, 57]
R4[63, 56, 64, 51, 17, 44, 3, 7, 8, 54, 53]
R5[40, 50, 32, 55]
R6[39, 58, 49, 42, 43, 41]
R7[33, 30, 21]
R8[9, 31, 25, 38]
R9[10, 34, 26, 27, 20, 5, 15, 60, 37, 22, 23, 18]
R10[11, 19, 12, 16, 13, 14, 24]
------------------------------------------
