Antes de iniciar JVM
Antes de llamar a Controller
Antes de apagar la JVM
FIN
 
------------------------------------------
HEURÍSTICA DE CONSTRUCCIÓN: CMT
COSTO TOTAL: 1035.78
TOTAL DE RUTAS: 9
TIEMPO DE EJECUCIÓN: 1.8641290664672852
 
R1[90, 32, 10, 31, 62, 88, 31, 11, 7]
R2[64, 49, 19, 36, 47]
R3[38, 44, 14, 43, 86]
R4[95, 13, 94, 96, 59, 92, 37, 100, 98, 42, 2, 57, 2, 87, 93, 91, 85, 99, 6, 42, 97, 87, 52]
R5[46, 46, 8, 18, 82, 48, 82, 17, 84, 61, 5, 83, 60]
R6[81, 33, 51, 9, 65, 71, 35, 71, 66, 51, 34, 78, 70, 79, 1, 50]
R7[4, 39, 23, 75, 56, 56, 56, 75, 41, 22, 74, 72, 75, 21]
R8[53, 58, 40, 26, 69, 28]
R9[77, 76, 3, 54, 24, 29, 80, 12, 68]
------------------------------------------
