Antes de iniciar JVM
Antes de llamar a Controller
Antes de apagar la JVM
FIN
 
------------------------------------------
HEURÍSTICA DE CONSTRUCCIÓN: Sweep
COSTO TOTAL: 2622.49
TOTAL DE RUTAS: 9
TIEMPO DE EJECUCIÓN: 0.6466183662414551
 
R1[93, 44, 48, 92, 6, 63, 52, 32, 86, 97, 13]
R2[83, 82, 85, 95, 98, 18, 61, 84, 96, 57, 87, 37, 42]
R3[31, 88, 62, 59, 15, 10, 7, 11, 94, 46, 16, 91, 100, 2]
R4[49, 14, 43, 47, 90, 5, 45, 27, 64, 38, 36, 99]
R5[19, 8, 17, 60, 89]
R6[75, 53, 58, 1, 29, 4, 51, 50, 56, 54, 66, 22]
R7[81, 12, 70, 30, 76, 39, 34, 41, 23, 80, 79, 25]
R8[77, 78, 33, 35, 28, 3, 24, 40, 69, 71, 20, 74, 67, 26, 65, 21]
R9[9, 73, 55, 72, 68]
------------------------------------------
