Antes de iniciar JVM
Antes de llamar a Controller
Antes de apagar la JVM
FIN
 
------------------------------------------
HEURÍSTICA DE CONSTRUCCIÓN: CMT
COSTO TOTAL: 998.47
TOTAL DE RUTAS: 9
TIEMPO DE EJECUCIÓN: 1.8539645671844482
 
R1[38, 86, 44, 14]
R2[90, 63, 32, 10, 31, 11, 11, 64, 11, 11, 19, 11, 7, 47, 48]
R3[97, 91, 37, 100, 92, 98, 2, 87, 57, 42, 43, 15, 100, 85, 61, 93, 59, 95]
R4[94, 6, 6, 96, 96, 13, 96, 96, 5, 60]
R5[45, 46, 82, 18, 82, 8, 82, 83]
R6[78, 29, 24, 77, 68, 33, 50, 81, 79, 3, 77, 80, 76, 1]
R7[35, 65, 71, 66, 30, 51, 20, 9, 70]
R8[69, 28, 58, 53, 40, 26, 12]
R9[41, 73, 75, 21, 74, 39, 23, 39, 67, 39, 22, 73, 21, 72, 4]
------------------------------------------
