Antes de iniciar JVM
Antes de llamar a Controller
Antes de apagar la JVM
FIN
 
------------------------------------------
HEURÍSTICA DE CONSTRUCCIÓN: MoleJameson
COSTO TOTAL: 795.6
TOTAL DE RUTAS: 6
TIEMPO DE EJECUCIÓN: 9.9333655834198
 
R1[91, 46, 47, 36, 49, 64, 63, 32, 90, 10, 62, 11, 19, 48]
R2[60, 6, 96, 95, 97, 87, 2, 57, 15, 43, 42, 14, 38, 44, 100, 37, 98, 92]
R3[18, 82, 7, 88, 31, 27, 52, 89, 13, 94, 59, 99, 17]
R4[1, 69, 70, 30, 20, 66, 65, 35, 71, 9, 51, 33, 81, 34, 78]
R5[25, 23, 67, 39, 56, 75, 41, 22, 74, 72, 73, 21, 40]
R6[24, 79, 3, 77, 68, 12, 76, 50, 28, 53, 58, 26]
------------------------------------------
