Antes de iniciar JVM
Antes de llamar a Controller
Antes de apagar la JVM
FIN
 
------------------------------------------
HEURÍSTICA DE CONSTRUCCIÓN: RandomMethod
COSTO TOTAL: 2624.77
TOTAL DE RUTAS: 9
TIEMPO DE EJECUCIÓN: 0.1593644618988037
 
R1[43, 38, 5, 96, 15, 2, 83, 89, 44, 95, 19, 14]
R2[87, 92, 6, 63, 60, 90, 31, 61, 7, 45, 10, 17, 62, 49, 84]
R3[47, 86, 18, 59, 46, 8, 11, 64, 27, 16, 37, 93]
R4[57, 13, 94, 88, 85, 91, 52, 99, 82, 36, 100, 98, 42]
R5[32, 48, 97]
R6[4, 54, 80, 81, 3, 67, 56, 72, 1, 29, 25, 9, 70]
R7[66, 20, 77, 39, 79, 51, 53, 35, 75, 68, 55, 40]
R8[28, 50, 74, 26, 21, 34, 33, 65, 58, 23, 12, 69, 76, 24]
R9[30, 78, 22, 71, 41, 73]
------------------------------------------
