Antes de iniciar JVM
Antes de llamar a Controller
Antes de apagar la JVM
FIN
 
------------------------------------------
HEURÍSTICA DE CONSTRUCCIÓN: MoleJameson
COSTO TOTAL: 830.02
TOTAL DE RUTAS: 6
TIEMPO DE EJECUCIÓN: 9.756191492080688
 
R1[91, 46, 19, 64, 49, 36, 47, 11, 90, 32, 63, 90, 10, 31, 88]
R2[60, 6, 96, 95, 97, 87, 2, 57, 15, 43, 42, 14, 38, 44, 100, 37, 98, 92]
R3[18, 82, 48, 7, 52, 27, 89, 13, 94, 59, 99, 17]
R4[1, 69, 70, 30, 20, 66, 65, 35, 71, 9, 51, 33, 81, 34, 78]
R5[24, 55, 25, 23, 67, 39, 56, 75, 22, 41, 74, 72, 73, 21]
R6[54, 26, 40, 58, 53, 28, 50, 76, 79, 3, 77, 12, 80]
------------------------------------------
