Antes de iniciar JVM
Antes de llamar a Controller
Antes de apagar la JVM
FIN
 
------------------------------------------
HEURÍSTICA DE CONSTRUCCIÓN: NearestNeighborWithRLC
COSTO TOTAL: 2398.12
TOTAL DE RUTAS: 9
TIEMPO DE EJECUCIÓN: 0.48282599449157715
 
R1[83, 5, 18, 84, 45, 8, 99, 60, 89, 96, 17, 61, 6, 82, 85]
R2[59, 93, 94, 98, 95, 7, 52, 92, 37, 91, 48, 16]
R3[13, 97, 100, 86, 88, 46, 27, 87, 31, 42, 62]
R4[14, 19, 47, 44, 2, 57, 10, 36, 11, 38, 43, 15, 49, 63]
R5[32, 90, 64]
R6[80, 12, 68, 54, 76, 77, 3, 24, 79, 26, 50, 29]
R7[4, 55, 33, 25, 21, 40, 78, 28, 1, 53, 72, 58, 73, 69, 34, 56, 51]
R8[39, 74, 9, 81, 70, 75, 22, 41, 35, 30, 23]
R9[67, 20, 71, 65, 66]
------------------------------------------
