Antes de iniciar JVM
Antes de llamar a Controller
Antes de apagar la JVM
FIN
 
------------------------------------------
HEURÍSTICA DE CONSTRUCCIÓN: Sweep
COSTO TOTAL: 2713.12
TOTAL DE RUTAS: 9
TIEMPO DE EJECUCIÓN: 0.586341142654419
 
R1[38, 94, 17, 63, 61, 32, 7, 93, 48, 8, 82, 18, 64]
R2[14, 59, 85, 6, 44, 99, 45, 49, 46, 31]
R3[11, 95, 13, 15, 52, 5, 100, 57, 37, 27, 42, 87, 2, 10]
R4[98, 19, 16, 43, 96, 36, 83, 88, 62, 47, 89, 91, 92, 60, 97, 90, 84]
R5[86]
R6[53, 39, 41, 24, 50, 25, 81, 35, 51, 80, 69, 65, 56, 9, 40, 54, 55]
R7[20, 30, 66, 28, 29, 33, 79, 77, 22, 68, 75]
R8[21, 76, 71, 73, 58, 4, 3, 72, 1, 34, 70, 23, 26]
R9[78, 67, 12, 74]
------------------------------------------
