Antes de iniciar JVM
Antes de llamar a Controller
Antes de apagar la JVM
FIN
 
------------------------------------------
HEURÍSTICA DE CONSTRUCCIÓN: Sweep
COSTO TOTAL: 2483.93
TOTAL DE RUTAS: 9
TIEMPO DE EJECUCIÓN: 0.5968883037567139
 
R1[82, 8, 95, 100, 38, 85, 96, 6, 93, 27, 60]
R2[47, 49, 7, 92, 42, 64, 32, 45, 48, 46, 11, 59]
R3[62, 87, 91, 13, 98, 57, 15, 2, 94, 14, 43, 52, 88, 16, 36]
R4[37, 99, 31, 83, 86, 90, 84, 10, 17, 5, 44, 61, 89]
R5[19, 63, 97, 18]
R6[28, 39, 29, 58, 53, 65, 79, 54, 74, 23]
R7[81, 20, 50, 1, 9, 66, 4, 55, 72, 12, 25]
R8[68, 69, 56, 21, 70, 78, 26, 75, 34, 77, 30, 24, 41, 73, 33, 22]
R9[3, 76, 51, 80, 40, 67, 35, 71]
------------------------------------------
