Antes de iniciar JVM
Antes de llamar a Controller
Antes de apagar la JVM
FIN
 
------------------------------------------
HEURÍSTICA DE CONSTRUCCIÓN: Sweep
COSTO TOTAL: 2495.62
TOTAL DE RUTAS: 9
TIEMPO DE EJECUCIÓN: 0.6215698719024658
 
R1[5, 31, 97, 13, 57, 94, 18, 64, 19, 8, 11, 100]
R2[32, 2, 59, 38, 90, 37, 49, 10, 60, 98, 95, 96, 82]
R3[48, 46, 17, 91, 99, 15, 43, 62, 63, 89, 52, 83, 45, 27, 88]
R4[86, 16, 44, 93, 85, 7, 61, 36, 84, 14, 42]
R5[47, 87, 92, 6]
R6[80, 50, 79, 21, 9, 30, 33, 73, 4, 54, 20, 56, 74, 3]
R7[23, 58, 69, 39, 66, 35, 53, 41, 22, 40, 81]
R8[71, 28, 24, 77, 26, 72, 78, 68, 51, 75, 25, 55, 1, 70, 12]
R9[29, 65, 34, 76, 67]
------------------------------------------
