Antes de iniciar JVM
Antes de llamar a Controller
Antes de apagar la JVM
FIN
 
------------------------------------------
HEURÍSTICA DE CONSTRUCCIÓN: Sweep
COSTO TOTAL: 2570.71
TOTAL DE RUTAS: 9
TIEMPO DE EJECUCIÓN: 0.7582728862762451
 
R1[59, 16, 6, 64, 7, 85, 10, 42, 92, 91, 95, 100, 11, 97]
R2[14, 82, 88, 8, 62, 19, 47, 93, 15, 31, 38, 90]
R3[49, 96, 99, 44, 52, 36, 48, 32, 17, 84, 83, 37, 61, 2, 98, 46]
R4[43, 86, 5, 27, 13, 94, 45, 87, 63, 60]
R5[18, 57, 89]
R6[73, 4, 3, 51, 33, 26, 56, 74, 25, 72, 81, 71, 79, 1]
R7[12, 54, 23, 22, 50, 67, 75, 53, 29, 58, 41, 40]
R8[20, 9, 76, 77, 35, 70, 28, 34, 66, 69, 30, 78, 65, 24, 21]
R9[68, 39, 80, 55]
------------------------------------------
