Antes de iniciar JVM
Antes de llamar a Controller
Antes de apagar la JVM
FIN
 
------------------------------------------
HEURÍSTICA DE CONSTRUCCIÓN: SaveSequential
COSTO TOTAL: 1139.65
TOTAL DE RUTAS: 9
TIEMPO DE EJECUCIÓN: 1.6317448616027832
 
R1[95, 97, 87, 44, 86, 16, 38, 14, 42, 43, 15, 57, 2]
R2[46, 36, 49, 64, 63, 32, 90, 10, 11, 19, 62, 31, 88, 7, 52, 6, 92]
R3[82, 48, 47, 8, 45, 17, 61, 91, 100, 37, 98, 85, 60]
R4[5, 84, 93, 59, 13, 94, 96, 99, 89, 27, 18]
R5[83]
R6[28, 53, 58, 40, 41, 22, 75, 23, 74, 56, 39, 67, 55]
R7[78, 33, 81, 51, 9, 34, 35, 65, 66, 71, 20, 30, 70, 69, 1]
R8[12, 26, 21, 73, 72, 4, 25, 24, 29, 77, 3, 79, 50, 76, 80]
R9[54, 68]
------------------------------------------
