Antes de iniciar JVM
Antes de llamar a Controller
Antes de apagar la JVM
FIN
 
------------------------------------------
HEURÍSTICA DE CONSTRUCCIÓN: MoleJameson
COSTO TOTAL: 800.79
TOTAL DE RUTAS: 6
TIEMPO DE EJECUCIÓN: 9.910034418106079
 
R1[60, 7, 88, 62, 10, 32, 10, 90, 11, 63, 64, 49, 19, 48, 46, 8, 17]
R2[6, 96, 95, 97, 87, 2, 57, 15, 43, 42, 14, 38, 44, 91, 100, 37, 98, 92]
R3[83, 18, 52, 31, 27, 89, 13, 94, 59, 93, 99]
R4[69, 1, 30, 70, 51, 9, 71, 81, 33, 20, 66, 65, 35, 34, 78]
R5[24, 55, 25, 23, 67, 39, 56, 75, 22, 41, 74, 72, 73, 21]
R6[54, 26, 40, 58, 53, 28, 50, 76, 79, 3, 77, 12, 80]
------------------------------------------
