Antes de iniciar JVM
Antes de llamar a Controller
Antes de apagar la JVM
FIN
 
------------------------------------------
HEURÍSTICA DE CONSTRUCCIÓN: CMT
COSTO TOTAL: 1067.08
TOTAL DE RUTAS: 9
TIEMPO DE EJECUCIÓN: 1.7412970066070557
 
R1[90, 32, 10, 11, 63, 64]
R2[97, 87, 94, 95, 13, 42, 89, 6, 2, 2, 57, 2, 92, 96]
R3[38, 86, 14]
R4[19, 49, 7, 7, 31, 47, 62, 48, 88, 7, 82, 48, 48, 18, 8, 45, 83]
R5[17, 16, 91, 44, 37, 84, 61, 16, 98, 85, 59, 99, 93, 5, 60]
R6[78, 34, 35, 9, 81, 3, 50, 77, 79, 81, 20, 30, 81, 79, 71, 66, 33, 51, 81, 70, 76]
R7[25, 55, 24, 54, 4]
R8[23, 67, 39, 56, 75, 41, 22, 74, 72]
R9[69, 1, 53, 58, 21, 73, 40, 28, 26, 12]
------------------------------------------
