Antes de iniciar JVM
Antes de llamar a Controller
Antes de apagar la JVM
FIN
 
------------------------------------------
HEURÍSTICA DE CONSTRUCCIÓN: Sweep
COSTO TOTAL: 2543.09
TOTAL DE RUTAS: 9
TIEMPO DE EJECUCIÓN: 0.5761270523071289
 
R1[11, 5, 96, 44, 16, 61, 15, 99, 49, 10, 36, 38]
R2[47, 13, 32, 63, 82, 85, 14, 6, 31]
R3[89, 45, 46, 48, 87, 64, 8, 60, 83, 86, 37, 18, 62]
R4[52, 7, 59, 88, 19, 98, 97, 17, 43, 91, 92, 95, 84, 94, 2, 93, 57, 42]
R5[27, 90, 100]
R6[26, 9, 81, 34, 79, 74, 80, 23, 66, 51, 40]
R7[67, 75, 54, 30, 55, 72, 12, 29, 68]
R8[39, 21, 24, 35, 20, 50, 28, 77, 70, 71, 3, 58, 53, 4, 73]
R9[78, 65, 56, 22, 69, 41, 76, 33, 1, 25]
------------------------------------------
