Antes de iniciar JVM
Antes de llamar a Controller
Antes de apagar la JVM
FIN
 
------------------------------------------
HEURÍSTICA DE CONSTRUCCIÓN: SaveSequential
COSTO TOTAL: 1151.7
TOTAL DE RUTAS: 9
TIEMPO DE EJECUCIÓN: 1.4962856769561768
 
R1[95, 97, 87, 2, 57, 15, 43, 42, 14, 38, 44, 86, 16]
R2[83, 36, 49, 64, 63, 32, 90, 10, 11, 19, 62, 31, 88, 7, 46, 17, 91]
R3[5, 85, 96, 6, 94, 13, 59, 92, 98, 100, 37, 98]
R4[45, 8, 47, 48, 82, 52, 27, 89, 99, 93, 61, 84]
R5[18]
R6[78, 34, 35, 71, 65, 66, 20, 30, 70, 69, 1, 81, 9, 51, 33]
R7[40, 21, 72, 74, 73, 41, 22, 75, 23, 67, 39, 56, 25]
R8[54, 4, 55, 24, 29, 79, 3, 50, 76, 28, 53, 58, 26, 12]
R9[77, 68, 80]
------------------------------------------
