Antes de iniciar JVM
Antes de llamar a Controller
Antes de apagar la JVM
FIN
 
------------------------------------------
HEURÍSTICA DE CONSTRUCCIÓN: NearestNeighborWithRLC
COSTO TOTAL: 2328.44
TOTAL DE RUTAS: 9
TIEMPO DE EJECUCIÓN: 0.5011804103851318
 
R1[83, 84, 18, 8, 5, 45, 99, 89, 6, 60, 96, 93, 82, 59]
R2[61, 17, 85, 94, 92, 52, 95, 7, 98, 91, 48, 16, 97]
R3[100, 46, 86, 88, 13, 27, 37, 47, 31, 42, 87]
R4[62, 19, 14, 44, 2, 10, 57, 38, 43, 15, 36, 49, 11]
R5[32, 90, 63, 64]
R6[68, 12, 54, 80, 77, 24, 76, 26, 29, 79, 3, 28, 50]
R7[55, 33, 25, 40, 21, 78, 81, 53, 72, 4, 73, 69, 58, 1, 34]
R8[39, 56, 75, 9, 22, 74, 70, 30, 23, 51, 20, 35, 71, 41]
R9[66, 65, 67]
------------------------------------------
