Antes de iniciar JVM
Antes de llamar a Controller
Antes de apagar la JVM
FIN
 
------------------------------------------
HEURÍSTICA DE CONSTRUCCIÓN: MoleJameson
COSTO TOTAL: 806.99
TOTAL DE RUTAS: 6
TIEMPO DE EJECUCIÓN: 9.759060382843018
 
R1[90, 32, 63, 11, 19, 47, 36, 49, 64, 62, 10, 31, 88, 46, 91]
R2[60, 6, 96, 95, 97, 87, 2, 57, 15, 43, 42, 14, 38, 44, 100, 37, 98, 92]
R3[7, 8, 45, 48, 82, 18, 52, 27, 89, 13, 94, 99, 84]
R4[1, 69, 70, 30, 20, 66, 65, 35, 71, 9, 51, 33, 81, 34, 78]
R5[24, 55, 25, 39, 67, 23, 56, 75, 41, 22, 74, 72, 73, 21]
R6[54, 26, 40, 58, 53, 28, 50, 76, 79, 3, 77, 12, 80]
------------------------------------------
