Antes de iniciar JVM
Antes de llamar a Controller
Antes de apagar la JVM
FIN
 
------------------------------------------
HEURÍSTICA DE CONSTRUCCIÓN: RandomMethod
COSTO TOTAL: 2420.66
TOTAL DE RUTAS: 9
TIEMPO DE EJECUCIÓN: 0.16296720504760742
 
R1[2, 85, 99, 11, 60, 57, 61, 84, 44, 42, 14, 86, 7, 18]
R2[38, 46, 48, 94, 45, 87, 92, 5, 82, 52]
R3[49, 10, 91, 27, 13, 31, 59, 62, 64, 47, 17]
R4[15, 89, 37, 6, 96, 93, 98, 8, 16, 95, 36, 100, 43, 90, 88, 97]
R5[32, 63, 83, 19]
R6[71, 1, 20, 78, 35, 53, 24, 56, 72, 3, 30, 33, 77, 50, 4, 40]
R7[73, 26, 75, 39, 12, 79, 55, 58, 70, 76, 81]
R8[67, 54, 34, 66, 9, 69, 41, 68, 65, 80, 28, 51]
R9[21, 22, 23, 29, 25, 74]
------------------------------------------
