Antes de iniciar JVM
Antes de llamar a Controller
Antes de apagar la JVM
FIN
 
------------------------------------------
HEURÍSTICA DE CONSTRUCCIÓN: MatchingBasedSavingAlgorithm
COSTO TOTAL: 1405.31
TOTAL DE RUTAS: 10
TIEMPO DE EJECUCIÓN: 2.2534220218658447
 
R1[64]
R2[17, 27, 88, 46, 47, 49, 36, 62, 63, 90, 11, 10, 31, 10]
R3[6, 82, 8, 45, 52, 89, 13, 13, 13, 13, 2, 2, 94, 15, 92]
R4[60, 5, 83, 18, 83, 61, 16, 84, 86, 38, 16, 14, 100]
R5[99, 93, 93, 93, 98, 96, 95, 97, 93, 37, 43, 42]
R6[64]
R7[17, 27, 88, 46, 47, 49, 36, 62, 63, 90, 11, 10, 31, 10]
R8[6, 82, 8, 45, 52, 89, 13, 13, 13, 13, 2, 2, 94, 15, 92]
R9[60, 5, 83, 18, 83, 61, 16, 84, 86, 38, 16, 14, 100]
R10[99, 93, 93, 93, 98, 96, 95, 97, 93, 37, 43, 42]
------------------------------------------
