Antes de iniciar JVM
Antes de llamar a Controller
Antes de apagar la JVM
FIN
 
------------------------------------------
HEURÍSTICA DE CONSTRUCCIÓN: MoleJameson
COSTO TOTAL: 799.38
TOTAL DE RUTAS: 6
TIEMPO DE EJECUCIÓN: 9.870526552200317
 
R1[62, 31, 88, 10, 32, 90, 11, 63, 64, 49, 36, 47, 19, 46, 91]
R2[60, 6, 96, 95, 97, 87, 2, 57, 15, 43, 42, 14, 38, 44, 100, 37, 98, 92]
R3[18, 82, 48, 7, 52, 27, 89, 13, 94, 59, 99, 17]
R4[1, 69, 70, 30, 20, 66, 65, 35, 71, 9, 51, 33, 81, 34, 78]
R5[40, 21, 73, 72, 74, 41, 22, 75, 23, 67, 39, 56, 25]
R6[24, 68, 79, 3, 77, 50, 76, 12, 28, 53, 58, 26]
------------------------------------------
