Antes de iniciar JVM
Antes de llamar a Controller
Antes de apagar la JVM
FIN
 
------------------------------------------
HEURÍSTICA DE CONSTRUCCIÓN: Sweep
COSTO TOTAL: 2606.14
TOTAL DE RUTAS: 9
TIEMPO DE EJECUCIÓN: 0.543057918548584
 
R1[8, 11, 15, 31, 98, 60, 61, 16, 97, 64, 48, 5]
R2[87, 43, 59, 96, 95, 99, 13, 6, 37, 49, 62, 10]
R3[57, 38, 14, 100, 52, 36, 18, 82, 86, 88, 90, 91, 92, 63, 83, 2, 84]
R4[45, 32, 94, 19, 44, 17, 93, 85, 7, 42]
R5[47, 46, 89, 27]
R6[74, 33, 39, 12, 50, 76, 79, 65, 29, 67, 72]
R7[22, 75, 51, 9, 70, 4, 68, 28, 58, 24, 56, 41, 34]
R8[26, 21, 55, 81, 30, 54, 35, 1, 66, 80, 25, 23, 78, 53]
R9[77, 73, 40, 20, 69, 3, 71]
------------------------------------------
