Antes de iniciar JVM
Antes de llamar a Controller
Antes de apagar la JVM
FIN
 
------------------------------------------
HEURÍSTICA DE CONSTRUCCIÓN: RandomMethod
COSTO TOTAL: 2475.53
TOTAL DE RUTAS: 9
TIEMPO DE EJECUCIÓN: 0.16570067405700684
 
R1[38, 2, 18, 83, 46, 91, 31, 48, 92, 42, 89, 82, 49, 19]
R2[98, 11, 84, 45, 86, 95, 94, 15, 59, 10, 63, 43]
R3[13, 90, 7, 64, 32, 37, 17, 57, 100, 87, 93, 61, 5, 52]
R4[88, 36, 96, 16, 60, 8, 44, 85, 99, 47, 62, 27]
R5[14, 6, 97]
R6[76, 33, 1, 53, 73, 74, 72, 65, 28, 78, 20, 25, 55, 26, 12, 71]
R7[50, 51, 9, 77, 40, 34, 29, 39, 81, 30, 66, 80]
R8[3, 67, 23, 75, 24, 69, 56, 22, 58, 70, 21, 41, 79, 35]
R9[68, 54, 4]
------------------------------------------
