Antes de iniciar JVM
Antes de llamar a Controller
Antes de apagar la JVM
FIN
 
------------------------------------------
HEURÍSTICA DE CONSTRUCCIÓN: MoleJameson
COSTO TOTAL: 812.03
TOTAL DE RUTAS: 6
TIEMPO DE EJECUCIÓN: 10.001949787139893
 
R1[88, 31, 62, 10, 63, 32, 90, 64, 49, 36, 47, 19, 11, 46, 91]
R2[60, 6, 96, 95, 97, 87, 2, 57, 15, 43, 42, 14, 38, 44, 100, 37, 98, 92]
R3[7, 48, 82, 18, 52, 27, 89, 13, 94, 59, 99, 17]
R4[1, 69, 70, 30, 20, 66, 65, 35, 71, 9, 51, 33, 81, 34, 78]
R5[24, 55, 25, 23, 67, 39, 56, 75, 22, 41, 74, 72, 73, 21]
R6[54, 79, 3, 77, 76, 50, 28, 53, 58, 40, 26, 12, 80]
------------------------------------------
