Antes de iniciar JVM
Antes de llamar a Controller
Antes de apagar la JVM
FIN
 
------------------------------------------
HEURÍSTICA DE CONSTRUCCIÓN: NearestNeighborWithRLC
COSTO TOTAL: 2369.76
TOTAL DE RUTAS: 9
TIEMPO DE EJECUCIÓN: 0.4816136360168457
 
R1[5, 60, 18, 8, 84, 45, 96, 83, 6, 89, 99, 61, 93, 17, 59]
R2[82, 52, 98, 94, 95, 92, 85, 16, 7, 48, 37]
R3[100, 91, 97, 86, 88, 27, 46, 44, 87, 13, 31]
R4[62, 47, 19, 42, 14, 36, 2, 10, 11, 38, 43, 57, 90, 49]
R5[32, 15, 63, 64]
R6[80, 54, 12, 77, 76, 68, 26, 24, 3, 28, 79, 29]
R7[4, 55, 21, 33, 50, 25, 40, 53, 1, 81, 72, 73, 69, 58, 56]
R8[39, 34, 78, 51, 75, 22, 70, 30, 74, 23, 41, 20, 67]
R9[9, 66, 35, 71, 65]
------------------------------------------
