Antes de iniciar JVM
Antes de llamar a Controller
Antes de apagar la JVM
FIN
 
------------------------------------------
HEURÍSTICA DE CONSTRUCCIÓN: SaveSequential
COSTO TOTAL: 1138.25
TOTAL DE RUTAS: 9
TIEMPO DE EJECUCIÓN: 1.403721809387207
 
R1[46, 47, 36, 49, 64, 63, 31, 62, 19, 11, 10, 90, 32, 90]
R2[60, 6, 13, 2, 57, 15, 43, 42, 14, 38, 44, 86, 16, 100, 37, 92, 17]
R3[45, 8, 48, 7, 88, 27, 52, 89, 94, 87, 97, 95]
R4[5, 96, 99, 59, 98, 85, 93, 61, 84, 83, 82]
R5[18]
R6[78, 33, 81, 51, 9, 34, 35, 65, 66, 71, 20, 30, 70, 69, 1]
R7[25, 4, 23, 67, 39, 56, 75, 41, 22, 74, 72, 73]
R8[54, 55, 24, 29, 79, 3, 50, 76, 28, 53, 58, 40, 21, 26, 12]
R9[80, 68, 77]
------------------------------------------
