Antes de iniciar JVM
Antes de llamar a Controller
Antes de apagar la JVM
FIN
 
------------------------------------------
HEURÍSTICA DE CONSTRUCCIÓN: MoleJameson
COSTO TOTAL: 811.54
TOTAL DE RUTAS: 6
TIEMPO DE EJECUCIÓN: 9.77974009513855
 
R1[91, 46, 47, 36, 49, 64, 19, 11, 10, 90, 32, 63, 62, 31, 88]
R2[60, 6, 96, 95, 97, 87, 2, 57, 15, 43, 42, 14, 38, 44, 100, 37, 98, 92]
R3[18, 82, 48, 7, 52, 27, 89, 13, 94, 59, 99, 17]
R4[1, 69, 70, 30, 20, 66, 65, 35, 71, 9, 51, 33, 81, 34, 78]
R5[25, 56, 39, 67, 23, 75, 41, 22, 74, 72, 73, 21, 40]
R6[26, 58, 53, 76, 28, 50, 79, 3, 77, 68, 24, 12]
------------------------------------------
