Antes de iniciar JVM
Antes de llamar a Controller
Antes de apagar la JVM
FIN
 
------------------------------------------
HEURÍSTICA DE CONSTRUCCIÓN: RandomMethod
COSTO TOTAL: 2570.17
TOTAL DE RUTAS: 9
TIEMPO DE EJECUCIÓN: 0.15402889251708984
 
R1[42, 14, 61, 27, 11, 97, 89, 43, 91, 38, 5, 90, 13, 92, 59]
R2[8, 94, 95, 18, 19, 15, 17, 2, 99, 16, 96, 45, 46, 52, 82]
R3[32, 36, 64, 83, 60, 37, 86, 87, 88, 31, 98, 84, 6, 100]
R4[63, 62, 49, 10, 57, 7, 85, 48, 93]
R5[47, 44]
R6[9, 74, 23, 67, 26, 25, 21, 72, 78, 68, 20, 55, 35]
R7[73, 69, 76, 12, 30, 22, 28, 24, 77, 4, 54, 71, 65, 80]
R8[41, 3, 66, 51, 58, 56, 34, 40, 33, 50, 81, 39, 75]
R9[29, 79, 53, 70, 1]
------------------------------------------
