Antes de iniciar JVM
Antes de llamar a Controller
Antes de apagar la JVM
FIN
 
------------------------------------------
HEURÍSTICA DE CONSTRUCCIÓN: RandomMethod
COSTO TOTAL: 2564.7
TOTAL DE RUTAS: 9
TIEMPO DE EJECUCIÓN: 0.14669227600097656
 
R1[16, 27, 62, 46, 94, 5, 37, 17, 64, 47, 8, 83, 63]
R2[44, 100, 89, 87, 95, 13, 60, 90, 31, 61, 7, 45]
R3[82, 48, 85, 96, 15, 88, 57, 93, 86]
R4[32, 38, 6, 97, 59, 49, 36, 84, 43, 14, 99, 98, 91, 2, 19]
R5[10, 52, 18, 11, 42, 92]
R6[71, 41, 29, 39, 56, 24, 54, 26, 76, 50, 74, 81, 79, 51]
R7[20, 9, 80, 66, 65, 69, 67, 23, 4, 22, 3]
R8[28, 73, 55, 34, 1, 70, 58, 77, 30, 21, 72, 33, 25, 75, 53]
R9[35, 40, 12, 68, 78]
------------------------------------------
