Antes de iniciar JVM
Antes de llamar a Controller
Antes de apagar la JVM
FIN
 
------------------------------------------
HEURÍSTICA DE CONSTRUCCIÓN: NearestNeighborWithRLC
COSTO TOTAL: 2363.34
TOTAL DE RUTAS: 9
TIEMPO DE EJECUCIÓN: 0.48930788040161133
 
R1[83, 60, 84, 18, 45, 8, 99, 5, 6, 89, 61, 96, 82, 17, 59]
R2[85, 93, 98, 92, 95, 52, 7, 16, 37, 94, 48]
R3[100, 91, 97, 13, 88, 46, 44, 27, 87, 86, 31]
R4[47, 62, 14, 42, 2, 57, 19, 10, 38, 43, 15, 49, 90, 36, 11]
R5[64, 32, 63]
R6[12, 68, 77, 54, 80, 76, 26, 29, 24, 28, 50, 79, 3]
R7[4, 55, 33, 40, 78, 21, 25, 1, 72, 81, 53, 73, 58, 56, 39]
R8[34, 74, 51, 75, 22, 70, 69, 9, 23, 35, 30, 67, 41, 20]
R9[71, 65, 66]
------------------------------------------
