Antes de iniciar JVM
Antes de llamar a Controller
Antes de apagar la JVM
FIN
 
------------------------------------------
HEURÍSTICA DE CONSTRUCCIÓN: SaveSequential
COSTO TOTAL: 1198.0
TOTAL DE RUTAS: 9
TIEMPO DE EJECUCIÓN: 1.3957626819610596
 
R1[46, 36, 47, 31, 62, 19, 11, 10, 49, 64, 63, 32, 90, 10]
R2[60, 6, 13, 2, 57, 15, 43, 42, 100, 37, 92, 14, 38, 44, 86, 16, 17]
R3[99, 95, 97, 87, 94, 89, 27, 52, 88, 7, 48, 82]
R4[5, 85, 98, 59, 93, 96, 61, 84, 45, 8, 18]
R5[83]
R6[55, 78, 33, 81, 51, 9, 35, 65, 66, 71, 20, 30, 70, 69, 1, 50]
R7[25, 56, 39, 67, 23, 41, 22, 75, 74, 72, 73, 21, 40]
R8[80, 24, 29, 34, 79, 3, 77, 76, 28, 53, 58, 26, 4, 54]
R9[12, 68]
------------------------------------------
