Antes de iniciar JVM
Antes de llamar a Controller
Antes de apagar la JVM
FIN
 
------------------------------------------
HEURÍSTICA DE CONSTRUCCIÓN: RandomMethod
COSTO TOTAL: 2671.35
TOTAL DE RUTAS: 9
TIEMPO DE EJECUCIÓN: 0.15140104293823242
 
R1[88, 48, 18, 37, 46, 8, 87, 86, 27, 64, 49]
R2[93, 99, 85, 2, 52, 61, 57, 31, 47, 95, 63]
R3[38, 14, 83, 96, 44, 89, 16, 36, 97, 90, 17, 13, 100, 10]
R4[5, 59, 94, 60, 91, 45, 43, 32, 62, 7, 92, 42, 15, 6, 11, 98]
R5[84, 19, 82]
R6[81, 79, 80, 34, 77, 58, 20, 30, 22, 76, 39, 78]
R7[4, 1, 41, 25, 33, 9, 70, 69, 75, 73, 21, 26, 65, 24, 12, 72]
R8[67, 29, 74, 28, 53, 68, 66, 56, 50, 35, 71, 54]
R9[40, 55, 23, 51, 3]
------------------------------------------
