Antes de iniciar JVM
Antes de llamar a Controller
Antes de apagar la JVM
FIN
 
------------------------------------------
HEURÍSTICA DE CONSTRUCCIÓN: RandomMethod
COSTO TOTAL: 2530.92
TOTAL DE RUTAS: 9
TIEMPO DE EJECUCIÓN: 0.13736414909362793
 
R1[6, 13, 15, 49, 5, 48, 31, 16, 2, 61]
R2[11, 90, 96, 60, 7, 52, 86, 95, 91, 84, 27, 100, 43, 46, 59, 92, 18, 63]
R3[99, 88, 10, 14, 87, 42, 93, 8, 83, 19, 82, 64, 62]
R4[47, 45, 94, 89, 36, 32, 57, 97, 98, 38, 44]
R5[85, 17, 37]
R6[3, 56, 33, 71, 74, 58, 26, 34, 73, 4, 25, 20, 55, 51, 9, 54, 29]
R7[41, 69, 50, 65, 76, 35, 67, 75, 39, 12, 53, 24, 72]
R8[1, 40, 68, 21, 81, 66, 28, 78, 23, 22, 70]
R9[30, 79, 77, 80]
------------------------------------------
