Antes de iniciar JVM
Antes de llamar a Controller
Antes de apagar la JVM
FIN
 
------------------------------------------
HEURÍSTICA DE CONSTRUCCIÓN: RandomMethod
COSTO TOTAL: 2635.46
TOTAL DE RUTAS: 9
TIEMPO DE EJECUCIÓN: 0.15600252151489258
 
R1[48, 19, 15, 90, 27, 14, 6, 83, 42, 43, 49, 88, 62, 36]
R2[45, 99, 85, 63, 8, 82, 32, 52, 2, 86, 89]
R3[96, 16, 95, 11, 37, 57, 93, 87, 98, 31, 10]
R4[94, 5, 38, 97, 84, 13, 61, 17, 46, 100, 64, 60, 7, 92, 47]
R5[44, 91, 18, 59]
R6[75, 21, 12, 81, 78, 77, 1, 26, 69, 3, 65, 55, 56, 24, 71, 33]
R7[23, 25, 80, 51, 35, 4, 79, 66, 9, 74, 28, 54, 76]
R8[73, 70, 58, 39, 50, 22, 68, 40, 72, 41, 34]
R9[30, 20, 29, 53, 67]
------------------------------------------
