Antes de iniciar JVM
Antes de llamar a Controller
Antes de apagar la JVM
FIN
 
------------------------------------------
HEURÍSTICA DE CONSTRUCCIÓN: NearestNeighborWithRLC
COSTO TOTAL: 2408.2
TOTAL DE RUTAS: 9
TIEMPO DE EJECUCIÓN: 0.44415831565856934
 
R1[60, 83, 5, 84, 8, 45, 96, 89, 18, 17, 61, 6, 99, 59, 82]
R2[93, 85, 94, 52, 95, 7, 92, 37, 98, 16, 97, 91]
R3[48, 46, 86, 88, 100, 13, 87, 44, 27]
R4[47, 62, 42, 14, 31, 36, 19, 10, 11, 38, 2, 15, 57, 90, 43]
R5[49, 63, 32, 64]
R6[68, 54, 80, 12, 3, 77, 24, 76, 26, 28, 79, 29]
R7[4, 33, 50, 25, 55, 21, 53, 40, 1, 78, 58, 81, 72, 34, 56, 73]
R8[39, 69, 51, 75, 74, 22, 30, 23, 9, 35, 20, 67]
R9[70, 71, 66, 41, 65]
------------------------------------------
