Antes de iniciar JVM
Antes de llamar a Controller
Antes de apagar la JVM
FIN
 
------------------------------------------
HEURÍSTICA DE CONSTRUCCIÓN: RandomMethod
COSTO TOTAL: 2585.04
TOTAL DE RUTAS: 9
TIEMPO DE EJECUCIÓN: 0.09888482093811035
 
R1[96, 57, 100, 32, 64, 94, 42, 99, 84, 38, 92, 43, 44, 98, 95, 8]
R2[63, 37, 59, 11, 36, 87, 97, 16, 93, 62, 2, 19]
R3[86, 91, 48, 61, 85, 5, 14, 52, 45]
R4[83, 89, 13, 90, 27, 82, 18, 17, 7, 10, 47, 49, 88, 6, 60]
R5[31, 46, 15]
R6[30, 22, 72, 77, 23, 50, 75, 26, 81]
R7[79, 25, 54, 41, 68, 39, 70, 20, 4, 80, 1, 29, 51]
R8[67, 40, 78, 73, 53, 21, 33, 76, 74, 9, 24, 55, 65, 35, 71, 66, 69]
R9[28, 58, 3, 34, 12, 56]
------------------------------------------
