Antes de iniciar JVM
Antes de llamar a Controller
Antes de apagar la JVM
FIN
 
------------------------------------------
HEURÍSTICA DE CONSTRUCCIÓN: NearestNeighborWithRLC
COSTO TOTAL: 2345.04
TOTAL DE RUTAS: 9
TIEMPO DE EJECUCIÓN: 0.49537086486816406
 
R1[60, 5, 18, 83, 8, 84, 45, 96, 99, 89, 61, 6, 82, 93, 17]
R2[59, 85, 98, 94, 95, 92, 52, 16, 91, 7, 48]
R3[100, 13, 97, 46, 86, 27, 88, 44, 37, 87, 31]
R4[62, 47, 14, 42, 19, 36, 57, 11, 2, 43, 15, 38, 90, 49]
R5[32, 64, 63, 10]
R6[12, 54, 80, 76, 68, 77, 3, 29, 24, 26, 79, 55, 4]
R7[33, 50, 25, 21, 40, 78, 81, 1, 28, 72, 53, 69, 73, 56, 39]
R8[51, 74, 34, 58, 75, 22, 9, 70, 41, 23, 35, 20, 30]
R9[66, 67, 65, 71]
------------------------------------------
