Antes de iniciar JVM
Antes de llamar a Controller
Antes de apagar la JVM
FIN
 
------------------------------------------
HEURÍSTICA DE CONSTRUCCIÓN: Sweep
COSTO TOTAL: 2632.33
TOTAL DE RUTAS: 9
TIEMPO DE EJECUCIÓN: 0.5279765129089355
 
R1[90, 47, 11, 96, 27, 31, 62, 48, 42, 59, 43]
R2[14, 49, 94, 91, 88, 16, 63, 15, 82, 60, 17, 5, 97, 61]
R3[95, 64, 86, 46, 19, 7, 87, 36, 93, 32, 6, 44, 98]
R4[100, 85, 37, 83, 99, 38, 57, 52, 84, 92, 45, 13, 2, 89]
R5[10, 8, 18]
R6[25, 65, 1, 40, 24, 22, 79, 71, 68, 30, 20, 78, 53]
R7[81, 55, 39, 73, 58, 70, 77, 67, 74, 29, 80, 51, 76, 33, 50]
R8[28, 12, 54, 4, 21, 35, 9, 34, 75, 26, 56, 66, 69]
R9[23, 72, 3, 41]
------------------------------------------
