Antes de iniciar JVM
Antes de llamar a Controller
Antes de apagar la JVM
FIN
 
------------------------------------------
HEURÍSTICA DE CONSTRUCCIÓN: Sweep
COSTO TOTAL: 2594.09
TOTAL DE RUTAS: 9
TIEMPO DE EJECUCIÓN: 0.5322048664093018
 
R1[45, 92, 88, 48, 63, 14, 47, 42, 99, 44, 15, 17, 90, 18, 60, 84]
R2[32, 64, 8, 87, 59, 49, 10, 82, 43, 94]
R3[13, 100, 27, 38, 7, 83, 91, 93, 31, 62, 5]
R4[86, 16, 85, 95, 46, 57, 37, 98, 96, 2, 89, 97, 36, 6]
R5[19, 61, 11, 52]
R6[40, 9, 1, 77, 50, 39, 28, 12, 4, 26, 35, 66]
R7[51, 80, 22, 55, 29, 78, 68, 75, 41, 24, 81, 34, 3, 72]
R8[65, 53, 73, 54, 79, 58, 74, 20, 30, 25, 70, 69, 71, 76, 33]
R9[67, 56, 21, 23]
------------------------------------------
