Antes de iniciar JVM
Antes de llamar a Controller
Antes de apagar la JVM
FIN
 
------------------------------------------
HEURÍSTICA DE CONSTRUCCIÓN: NearestNeighborWithRLC
COSTO TOTAL: 2422.02
TOTAL DE RUTAS: 9
TIEMPO DE EJECUCIÓN: 0.4548375606536865
 
R1[83, 84, 60, 8, 18, 99, 45, 89, 5, 96, 6, 17, 93, 61, 82]
R2[59, 94, 52, 98, 92, 85, 16, 37, 91, 95, 7, 97, 100]
R3[48, 46, 13, 88, 44, 87, 47, 27, 31]
R4[86, 62, 42, 19, 2, 57, 36, 11, 10, 14, 43, 15, 38, 63]
R5[49, 90, 32, 64]
R6[80, 12, 54, 68, 76, 24, 3, 26, 29, 79, 50, 55, 28, 33]
R7[77, 21, 4, 78, 40, 81, 1, 53, 58, 72, 69, 25, 73]
R8[39, 56, 34, 51, 75, 22, 70, 9, 74, 30, 23, 41]
R9[67, 35, 66, 71, 65, 20]
------------------------------------------
