Antes de iniciar JVM
Antes de llamar a Controller
Antes de apagar la JVM
FIN
 
------------------------------------------
HEURÍSTICA DE CONSTRUCCIÓN: Sweep
COSTO TOTAL: 2554.75
TOTAL DE RUTAS: 9
TIEMPO DE EJECUCIÓN: 0.5918576717376709
 
R1[37, 89, 64, 97, 46, 52, 100, 15, 61, 96, 87, 85, 60]
R2[59, 7, 90, 32, 27, 49, 93, 31, 11, 17, 19, 92]
R3[47, 48, 95, 99, 8, 82, 84, 62, 42, 57, 98, 2, 14, 43]
R4[63, 83, 36, 91, 45, 18, 13, 44, 38, 94, 88, 16, 6, 5]
R5[86, 10]
R6[73, 70, 22, 4, 29, 34, 77, 41, 26, 3, 24, 35, 20, 81, 21, 12]
R7[76, 40, 25, 67, 75, 28, 69, 66, 50, 65, 79, 56]
R8[30, 55, 74, 53, 80, 68, 9, 78, 1, 23, 51, 39]
R9[71, 33, 58, 72, 54]
------------------------------------------
