Antes de iniciar JVM
Antes de llamar a Controller
Antes de apagar la JVM
FIN
 
------------------------------------------
HEURÍSTICA DE CONSTRUCCIÓN: SaveSequential
COSTO TOTAL: 1137.74
TOTAL DE RUTAS: 9
TIEMPO DE EJECUCIÓN: 1.4544928073883057
 
R1[92, 97, 37, 98, 43, 15, 57, 2, 87, 42, 14, 38, 44, 86, 16]
R2[27, 31, 32, 90, 63, 64, 49, 36, 47, 19, 11, 10, 7]
R3[99, 93, 85, 91, 100, 59, 95, 13, 94, 6, 52]
R4[5, 60, 18, 89, 96, 61, 17, 45, 46, 48, 62, 88, 82, 8, 83]
R5[84]
R6[25, 56, 39, 67, 23, 41, 22, 75, 74, 72, 73, 21, 40]
R7[24, 78, 33, 51, 9, 35, 71, 65, 66, 20, 30, 70, 69, 28, 53, 58]
R8[80, 68, 77, 76, 1, 50, 3, 79, 81, 34, 29, 55, 4]
R9[54, 26, 12]
------------------------------------------
