Antes de iniciar JVM
Antes de llamar a Controller
Antes de apagar la JVM
FIN
 
------------------------------------------
HEURÍSTICA DE CONSTRUCCIÓN: SaveParallel
COSTO TOTAL: 974.44
TOTAL DE RUTAS: 9
TIEMPO DE EJECUCIÓN: 3.4879438877105713
 
R1[31, 62, 19, 11, 10, 90, 32, 63, 64, 49, 36, 47, 46]
R2[85, 91, 100, 14, 38, 44, 86, 16, 61, 17, 45]
R3[8, 82, 48, 7, 88, 52, 27, 89, 96, 99, 93, 5, 84]
R4[59, 92, 98, 37, 42, 43, 15, 57, 2, 87, 97, 95, 13, 94, 6, 60]
R5[83, 18]
R6[21, 73, 72, 74, 75, 22, 41, 23, 67, 39, 56]
R7[50, 1, 69, 70, 30, 20, 66, 65, 71, 35, 9, 51, 81, 33]
R8[12, 26, 40, 58, 53, 28, 76, 77, 3, 79, 78, 34, 29, 24]
R9[80, 68, 54, 55, 25, 4]
------------------------------------------
