 
------------------------------------------
CANTIDAD DE EJECUCIONES: 100
HEURÍSTICA DE CONSTRUCCIÓN: HeuristicType.SaveSequential
COSTO TOTAL: 6257.66
TOTAL DE RUTAS: 4
TIEMPO DE EJECUCIÓN: 33.071993589401245 milisegundos
 
R1[301, 284, 292, 300, 308, 316, 313, 278, 270, 276, 273, 265, 257, 249, 274, 266, 258, 250, 241, 252, 260, 268, 244, 242, 243, 251, 259, 267, 275, 233, 225, 217, 234, 226, 218, 210, 219, 227, 235, 193, 185, 194, 195, 187, 179, 171, 197, 189, 181, 173, 163, 170, 178, 186, 162, 165, 168, 176, 184, 192, 200, 155, 147, 139, 157, 149, 141, 133, 144, 152, 160, 115, 107, 117, 120, 112, 104, 96, 119, 111, 103, 95, 88, 93, 101, 109, 85, 87, 86, 94, 102, 110, 118, 80, 72, 64, 79, 71, 63, 55, 62, 70, 78, 360, 352, 359, 358, 350, 342, 334, 356, 348, 340, 332, 326, 351]
R2[36, 285, 281, 289, 297, 305, 262, 254, 246, 247, 245, 253, 248, 255, 263, 271, 279, 314, 306, 298, 290, 282, 286, 294, 302, 310, 318, 353, 345, 337, 329, 321, 324, 327, 335, 343, 336, 344, 328, 325, 322, 330, 323, 333, 341, 349, 357, 76, 68, 60, 54, 46, 47, 48, 56, 53, 61, 69, 77, 116, 108, 100, 92, 84, 82, 83, 91, 99, 90, 81, 98, 106, 114, 159, 151, 143, 142, 150, 158]
R3[29, 37, 156, 148, 140, 134, 132, 153, 198, 190, 182, 174, 145, 137, 129, 121, 130, 122, 124, 126, 127, 135, 136, 128, 125, 123, 131, 138, 146, 154, 199, 191, 183, 175, 167, 164, 161, 169, 177, 172, 166, 180, 188, 196, 237, 229, 221, 211, 203, 202, 201, 209, 212, 220, 228, 236, 277, 269, 261, 256, 264, 272, 280, 238, 230, 222, 214, 204, 206, 207, 205, 213, 208, 216, 224, 232, 240, 35, 27, 19, 215, 223, 231, 239, 34, 26]
R4[7, 8, 5, 3, 13, 21, 11, 10, 18, 9, 12, 20, 28, 317, 309, 22, 30, 38, 320, 73, 355, 347, 339, 312, 304, 296, 293, 17, 25, 33, 315, 307, 299, 291, 283, 288, 287, 295, 303, 311, 319, 354, 346, 338, 331, 65, 39, 74, 66, 58, 50, 49, 57, 52, 44, 41, 42, 45, 43, 51, 59, 67, 89, 97, 105, 113, 75, 40, 32, 24, 16, 31, 23, 15, 14, 6, 4, 1, 2]
------------------------------------------
