 
------------------------------------------
CANTIDAD DE EJECUCIONES: 100
HEURÍSTICA DE CONSTRUCCIÓN: HeuristicType.RandomMethod
COSTO TOTAL: 44438.0
TOTAL DE RUTAS: 3
TIEMPO DE EJECUCIÓN: 0.22991704940795898 milisegundos
 
R1[147, 358, 30, 173, 210, 248, 126, 265, 56, 113, 65, 6, 144, 51, 184, 281, 236, 289, 133, 145, 354, 216, 229, 245, 288, 203, 42, 323, 183, 149, 121, 24, 161, 196, 12, 208, 193, 251, 306, 202, 94, 252, 320, 280, 220, 2, 86, 17, 198, 106, 62, 178, 50, 155, 355, 325, 98, 328, 336, 54, 207, 360, 218, 97, 270, 259, 47, 357, 221, 344, 343, 72, 5, 314, 311, 329, 353, 143, 291, 68, 217, 3, 71, 297, 74]
R2[82, 128, 169, 226, 241, 114, 36, 205, 141, 190, 131, 81, 339, 263, 194, 276, 117, 55, 192, 351, 79, 171, 253, 158, 321, 223, 132, 261, 273, 39, 150, 197, 304, 256, 15, 290, 254, 175, 164, 107, 140, 165, 34, 319, 162, 279, 31, 199, 213, 153, 356, 244, 299, 303, 154, 49, 185, 310, 222, 138, 181, 200, 316, 249, 283, 135, 75, 60, 40, 269, 174, 7, 25, 116, 235, 284, 247, 294, 211, 99, 85, 307, 285, 201, 334, 101, 44, 1, 157, 115, 108, 337, 77]
R3[282, 142, 186, 91, 295, 278, 246, 189, 350, 308, 349, 103, 28, 87, 348, 277, 287, 78, 262, 219, 166, 4, 332, 11, 89, 296, 243, 228, 206, 100, 257, 214, 313, 20, 122, 139, 347, 260, 305, 242, 163, 293, 172, 177, 23, 118, 286, 170, 225, 104, 136, 359, 123, 301, 345, 130, 90, 312, 93, 233, 57, 46, 255, 168, 129, 326, 322, 76, 134, 212, 159, 300, 84, 41, 204, 53, 37, 73, 227, 52, 35]
------------------------------------------
