 
------------------------------------------
CANTIDAD DE EJECUCIONES: 100
HEURÍSTICA DE CONSTRUCCIÓN: HeuristicType.SaveSequential
COSTO TOTAL: 6317.56
TOTAL DE RUTAS: 4
TIEMPO DE EJECUCIÓN: 23.281611919403076 milisegundos
 
R1[17, 25, 33, 241, 249, 257, 265, 273, 274, 266, 258, 250, 242, 244, 252, 260, 268, 276, 262, 270, 278, 313, 305, 297, 316, 308, 300, 292, 302, 310, 318, 353, 345, 356, 358, 350, 342, 334, 359, 351, 343, 335, 326, 332, 340, 348, 324, 327, 328, 336, 344, 352, 360, 78, 70, 62, 79, 71, 63, 55, 64, 72, 80, 118, 110, 119, 120, 112, 104, 96, 117, 109, 101, 93, 88, 95, 103, 111, 87, 85, 83, 91, 99, 107, 115, 160, 152, 144, 157, 149, 141, 133, 139, 147, 155, 200, 192, 197, 195, 187, 179, 171, 194, 186, 178, 170, 163, 173, 181, 189, 165, 162, 161]
R2[15, 23, 31, 39, 42, 47, 46, 54, 52, 60, 68, 76, 357, 349, 341, 333, 325, 322, 321, 329, 337, 330, 323, 338, 346, 354, 319, 311, 303, 294, 286, 284, 281, 289, 290, 298, 306, 314, 279, 254, 246, 247, 245, 243, 251, 259, 267, 275, 233, 225, 217, 234, 226, 218, 210, 219, 227, 235, 193, 185, 177, 169, 164, 167, 168, 176, 184, 175, 166, 172, 180, 188, 196, 237, 229, 221, 211, 203, 202, 201, 209, 220]
R3[223, 215, 214, 222, 230, 238, 280, 272, 271, 263, 255, 256, 264, 248, 253, 261, 269, 277, 236, 228, 212, 204, 206, 207, 205, 213, 208, 216, 224, 232, 174, 183, 191, 199, 154, 146, 138, 131, 123, 125, 128, 136, 135, 143, 151, 159, 114, 106, 98, 90, 82, 84, 86, 94, 102, 92, 81, 100, 108, 116, 77, 69, 61, 56, 48, 45, 53, 43, 44, 41, 49, 57, 65, 331, 339, 347, 355, 73, 320, 312, 304, 295, 287, 301, 317]
R4[4, 6, 14, 22, 30, 38, 74, 66, 58, 50, 51, 59, 67, 75, 113, 105, 97, 89, 150, 142, 134, 126, 127, 124, 121, 122, 130, 137, 145, 153, 198, 190, 182, 240, 26, 34, 239, 231, 315, 307, 299, 291, 282, 283, 285, 288, 296, 293, 309, 36, 28, 20, 12, 9, 18, 35, 27, 129, 132, 140, 148, 156, 37, 29, 158, 40, 32, 24, 16, 21, 19, 11, 3, 10, 1, 2, 13, 5, 8, 7]
------------------------------------------
