 
------------------------------------------
CANTIDAD DE EJECUCIONES: 100
HEURÍSTICA DE CONSTRUCCIÓN: SaveSequential
COSTO TOTAL: 1114.91
TOTAL DE RUTAS: 1
TIEMPO DE EJECUCIÓN: 369 milisegundos
 
R1[89, 52, 28, 26, 12, 54, 24, 29, 78, 34, 9, 81, 35, 65, 71, 66, 20, 32, 90, 63, 64, 62, 11, 49, 36, 47, 46, 45, 17, 86, 38, 44, 14, 43, 15, 41, 23, 67, 39, 25, 55, 4, 56, 75, 22, 74, 72, 73, 21, 57, 42, 100, 91, 16, 61, 85, 98, 37, 93, 59, 92, 97, 87, 2, 95, 99, 5, 84, 83, 8, 48, 19, 10, 30, 51, 33, 79, 3, 77, 68, 80, 76, 50, 1, 70, 31, 88, 7, 82, 18, 60, 96, 94, 6, 13, 58, 40, 53, 69, 27]
------------------------------------------
