 
------------------------------------------
HEURÍSTICA DE CONSTRUCCIÓN: Sweep
COSTO TOTAL: 3494.47
TOTAL DE RUTAS: 9
TIEMPO DE EJECUCIÓN: 1.7035439014434814
 
R1[62, 32, 6, 14, 55, 100, 9, 33, 40, 70, 19, 48, 35, 31, 39]
R2[11, 93, 82, 50, 99, 86, 90, 2, 51, 21]
R3[87, 45, 98, 61, 7, 96, 59, 15]
R4[85, 5, 30, 52, 92, 58, 79, 26]
R5[41, 83, 97, 18, 43, 54, 17, 22, 84, 91, 10, 88, 34, 71]
R6[69, 13, 44, 1, 46, 56, 16, 68, 60, 53, 38, 42]
R7[74, 80, 94, 49, 25, 76, 28, 77, 81]
R8[63, 89, 64, 29, 72, 75, 47, 23, 36]
R9[3, 65, 24, 57, 37, 95, 66, 27, 73, 67, 20, 4, 8, 78, 12]
------------------------------------------
