 
------------------------------------------
HEURÍSTICA DE CONSTRUCCIÓN: RandomMethod
COSTO TOTAL: 3269.37
TOTAL DE RUTAS: 10
TIEMPO DE EJECUCIÓN: 0.07584476470947266
 
R1[66, 67, 15, 40, 6, 77, 78, 54, 70, 71]
R2[94, 9, 34, 26, 37, 85, 41, 8, 42]
R3[58, 79, 12, 89, 14, 20, 25, 5, 96, 2]
R4[99, 27, 62, 64, 3, 18, 80, 10, 49, 21, 39]
R5[100, 24, 72, 55, 35, 87, 97, 73, 75, 36, 90, 83]
R6[93, 92, 95, 47, 59, 82, 30, 63, 57]
R7[56, 29, 32, 69, 38, 23, 48, 19]
R8[53, 33, 28, 45, 46, 98, 74, 60, 76, 88, 52, 17, 84, 44, 91, 7]
R9[61, 81, 65, 86, 68, 11, 50]
R10[1, 51, 13, 16, 4, 22, 31, 43]
------------------------------------------
