 
------------------------------------------
HEURÍSTICA DE CONSTRUCCIÓN: Sweep
COSTO TOTAL: 3126.42
TOTAL DE RUTAS: 9
TIEMPO DE EJECUCIÓN: 1.8181724548339844
 
R1[15, 23, 99, 22, 64, 62, 20, 41, 58, 43, 78, 74, 24, 42, 17, 49, 71, 14]
R2[86, 82, 80, 50, 28, 33, 83, 13, 12, 34]
R3[61, 72, 56, 65, 10, 96, 45, 7, 84, 27, 40, 9, 89, 18, 70, 26, 29]
R4[69, 75, 55, 39, 88, 73, 30, 36, 32, 48, 19]
R5[68, 3, 81, 87, 100, 92, 35, 25, 67]
R6[79, 1, 66, 51, 21, 63, 52, 6, 97, 37, 31]
R7[76, 85, 16, 2, 94, 57, 98, 95]
R8[93, 91, 5, 54, 8, 47, 90, 46, 60, 59, 4, 38]
R9[53, 77, 11, 44]
------------------------------------------
