 
------------------------------------------
HEURÍSTICA DE CONSTRUCCIÓN: CMT
COSTO TOTAL: 1282.79
TOTAL DE RUTAS: 10
TIEMPO DE EJECUCIÓN: 2.505399227142334
 
R1[54, 55, 24, 80, 3, 76, 80, 68, 12, 68, 80]
R2[23, 67, 39, 4, 75, 56, 75]
R3[41, 57, 2, 72, 73, 40, 58, 26, 40, 21, 73, 74, 42, 53]
R4[71, 65, 9, 78, 34, 34, 35, 34, 79]
R5[59, 37, 37, 92, 37, 6, 96, 97, 91, 93, 37, 98, 37]
R6[88, 64, 49, 36, 46, 17, 16, 44, 38, 86, 90, 60]
R7[5, 61, 85, 45, 83, 8, 47]
R8[11, 63, 32, 10, 51, 70, 30, 20, 62, 33]
R9[19, 48, 48, 7, 89, 89, 50, 1, 69]
R10[27, 95, 94, 13, 18, 31, 52, 28]
------------------------------------------
