 
------------------------------------------
HEURÍSTICA DE CONSTRUCCIÓN: CMT
COSTO TOTAL: 1289.71
TOTAL DE RUTAS: 11
TIEMPO DE EJECUCIÓN: 2.4794676303863525
 
R1[19, 10, 90, 11, 63, 11, 11, 64, 36, 47]
R2[81, 34, 78, 35, 65, 66, 71, 9, 33, 51]
R3[8, 82, 18, 83, 48, 46, 48, 46, 83, 84, 60]
R4[28, 79, 76, 24, 80, 68, 3, 3, 77, 77, 3]
R5[86, 38, 16, 44, 16, 14, 61, 91]
R6[95, 32, 20, 25, 67, 25, 39, 56]
R7[1, 30, 69, 70, 69, 31, 69, 27, 26, 52]
R8[22, 75, 74, 4, 73, 72, 57, 43, 41, 15, 42, 21, 2]
R9[59, 100, 5, 92, 85, 87, 40]
R10[13, 93, 98, 98, 37, 37, 37, 89, 6, 94]
R11[53, 58]
------------------------------------------
