 
------------------------------------------
HEURÍSTICA DE CONSTRUCCIÓN: RandomMethod
COSTO TOTAL: 3340.99
TOTAL DE RUTAS: 9
TIEMPO DE EJECUCIÓN: 0.06608223915100098
 
R1[26, 16, 9, 7, 4, 18, 22, 87, 60]
R2[72, 46, 50, 100, 47, 48, 82]
R3[59, 11, 61, 75, 35, 65, 1, 17, 21, 96]
R4[58, 3, 64, 53, 45, 52, 81, 80, 36, 98, 70, 69]
R5[95, 93, 15, 86, 97, 8, 84, 99, 71, 20, 90, 66, 57, 23, 29, 39]
R6[77, 32, 85, 25, 68, 94, 91]
R7[33, 42, 74, 2, 30, 51, 31, 49, 19, 44, 24, 38]
R8[13, 28, 67, 43, 37, 54, 79, 92, 63, 40]
R9[27, 73, 10, 76, 83, 88, 78, 5, 14, 41, 6, 55, 56, 34, 12, 62, 89]
------------------------------------------
