 
------------------------------------------
HEURÍSTICA DE CONSTRUCCIÓN: NearestNeighborWithRLC
COSTO TOTAL: 3049.29
TOTAL DE RUTAS: 8
TIEMPO DE EJECUCIÓN: 0.7672040462493896
 
R1[2, 99, 95, 98, 97, 100, 3, 96, 1, 94, 92, 89]
R2[93, 88, 77, 76, 73, 58, 69, 53, 28, 87]
R3[27, 85, 84, 60, 83, 82, 6, 59, 52, 70, 50]
R4[80, 5, 40, 74, 72, 91, 68, 79, 31, 57, 26, 62, 54]
R5[21, 37, 33, 61, 13, 18, 7, 12, 4, 81, 78, 10]
R6[75, 56, 55, 90, 51, 42, 9, 30, 8, 48, 44, 41, 45]
R7[22, 16, 24, 20, 17, 15, 29, 19, 14, 11, 25, 63, 47, 86, 46, 43, 34]
R8[32, 35, 39, 36, 38, 49, 64, 66, 71, 65, 67, 23]
------------------------------------------
