 
------------------------------------------
HEURÍSTICA DE CONSTRUCCIÓN: MoleJameson
COSTO TOTAL: 1158.09
TOTAL DE RUTAS: 9
TIEMPO DE EJECUCIÓN: 16.004297256469727
 
R1[30, 20, 66, 71, 65, 35, 9, 81, 33]
R2[21, 72, 56, 55, 25, 39, 23, 75, 41, 74, 73]
R3[93, 85, 17, 16, 44, 14, 91, 100, 37, 92]
R4[61, 86, 98, 59, 84, 46, 90, 60, 99, 96, 6, 94]
R5[1, 50, 76, 77, 3, 79, 34, 78, 29, 24, 54, 80, 68, 12]
R6[70, 7, 48, 47, 36, 49, 64, 32, 63, 11, 62, 19, 82, 8, 45, 83]
R7[27, 69, 51, 31, 10, 88, 18, 5, 52, 89]
R8[58, 2, 57, 15, 43, 38, 42, 87, 97, 95, 13]
R9[53, 40, 22, 67, 4, 26, 28]
------------------------------------------
