 
------------------------------------------
HEURÍSTICA DE CONSTRUCCIÓN: NearestNeighborWithRLC
COSTO TOTAL: 3010.09
TOTAL DE RUTAS: 10
TIEMPO DE EJECUCIÓN: 0.8093640804290771
 
R1[99, 97, 98, 96, 2, 1, 100, 3, 89, 94, 58]
R2[93, 53, 95, 28, 27, 6, 88, 5, 4, 8]
R3[92, 87, 91, 85, 84, 7, 90, 9, 10, 83, 82]
R4[13, 69, 80, 52, 79, 40, 78, 81, 26, 12]
R5[77, 74, 73, 72, 75, 70, 62, 61, 68]
R6[76, 57, 56, 54, 51, 50, 59, 48, 60, 45]
R7[55, 44, 42, 41, 31, 33, 29, 37, 24, 21, 30, 20, 16, 18]
R8[22, 15, 17, 14, 19, 11, 25, 86, 47]
R9[63, 39, 43, 32, 71, 34, 66, 46, 36, 35, 67, 23, 49, 38]
R10[65, 64]
------------------------------------------
