 
------------------------------------------
HEURÍSTICA DE CONSTRUCCIÓN: CMT
COSTO TOTAL: 1306.16
TOTAL DE RUTAS: 11
TIEMPO DE EJECUCIÓN: 2.7773404121398926
 
R1[19, 11, 63, 47, 36, 49, 64, 49, 46]
R2[4, 39, 23, 67, 56, 75, 22, 55]
R3[14, 38, 16, 100, 42, 43, 100, 44, 91, 100, 92, 17]
R4[54, 25, 80, 26, 21, 12, 21, 21, 73, 72, 74, 40, 2, 57]
R5[7, 48, 82, 8, 45, 83, 84, 5, 60, 18, 88]
R6[1, 66, 65, 71, 65, 34, 35, 71, 78]
R7[95, 59, 37, 98, 93, 97, 99, 96, 94, 6]
R8[62, 31, 70, 10, 32, 20, 30, 70, 9]
R9[13, 87, 89, 52, 29, 81, 58, 33, 69]
R10[53, 68, 3, 79, 3, 79, 76, 27]
R11[28]
------------------------------------------
