 
------------------------------------------
HEURÍSTICA DE CONSTRUCCIÓN: Sweep
COSTO TOTAL: 3368.89
TOTAL DE RUTAS: 10
TIEMPO DE EJECUCIÓN: 1.8680431842803955
 
R1[21, 48, 81, 36, 99, 76, 77, 34, 9, 66]
R2[80, 5, 88, 70, 41, 73, 57, 63, 92, 83, 67, 22, 64]
R3[100, 10, 56, 87, 72, 44, 59, 97, 86]
R4[37, 54, 94, 49, 45, 19, 1, 95]
R5[30, 62, 29, 13, 78, 32, 58, 18, 15, 69]
R6[61, 43, 26, 28, 17, 47, 27, 98, 96, 75, 14, 8, 11]
R7[93, 53, 68, 35, 12, 51, 20, 71, 39]
R8[55, 6, 31, 84, 91, 74, 40, 7, 3, 89, 85, 23]
R9[90, 38, 46, 42, 24, 33, 25, 82, 79, 16, 4, 2, 52, 65, 50]
R10[60]
------------------------------------------
