 
------------------------------------------
HEURÍSTICA DE CONSTRUCCIÓN: RandomMethod
COSTO TOTAL: 3425.1
TOTAL DE RUTAS: 10
TIEMPO DE EJECUCIÓN: 0.06458306312561035
 
R1[18, 45, 51, 8, 60, 44, 42, 16, 46, 78, 27, 73, 24, 77]
R2[32, 90, 41, 58, 49, 11, 55, 38, 54, 13]
R3[87, 47, 86, 97, 98, 71, 80, 89, 70]
R4[33, 5, 92, 95, 91, 2, 34, 52, 69, 65, 29, 96, 36, 84]
R5[53, 59, 94, 100, 4, 6, 39, 26, 20, 43]
R6[37, 62, 66, 19, 63, 75, 23, 3, 12, 10]
R7[93, 22, 15, 30, 28, 81, 79, 82]
R8[83, 56, 7, 1, 85, 35, 31, 48, 67, 88]
R9[21, 64, 25, 99, 74, 72, 50, 68, 76, 61, 14]
R10[40, 57, 17, 9]
------------------------------------------
