 
------------------------------------------
HEURÍSTICA DE CONSTRUCCIÓN: RandomMethod
COSTO TOTAL: 3431.15
TOTAL DE RUTAS: 10
TIEMPO DE EJECUCIÓN: 0.060974836349487305
 
R1[76, 59, 36, 79, 52, 15, 35, 81, 44, 24]
R2[97, 33, 31, 3, 73, 37, 46, 80, 72, 8, 64, 10]
R3[16, 93, 22, 14, 43, 92, 20, 6, 53, 91, 88, 18, 77, 29]
R4[1, 65, 95, 19, 94, 84, 87, 23, 4]
R5[100, 83, 13, 12, 5, 74, 39, 60, 98]
R6[21, 67, 66, 40, 61, 75, 96, 82, 99, 2]
R7[58, 78, 47, 70, 62, 11, 71, 27, 90, 48, 7]
R8[56, 68, 85, 9, 51, 28, 55, 34, 38]
R9[32, 26, 49, 45, 30, 41, 50, 86, 42, 89, 17]
R10[25, 69, 54, 57, 63]
------------------------------------------
