 
------------------------------------------
HEURÍSTICA DE CONSTRUCCIÓN: CMT
COSTO TOTAL: 1177.59
TOTAL DE RUTAS: 10
TIEMPO DE EJECUCIÓN: 2.533975839614868
 
R1[7, 82, 46, 49, 48, 47, 47, 48, 47]
R2[95, 96, 96, 93, 37, 92, 97, 59, 96, 99, 96, 17]
R3[71, 71, 9, 71, 71, 20, 66, 32, 63, 64, 51]
R4[53, 58, 40, 73, 21, 72, 21, 72, 21, 6]
R5[14, 44, 44, 44, 91, 42, 43, 42, 100, 15]
R6[1, 25, 23, 67, 55, 75, 22, 75, 41, 75, 74]
R7[2, 98, 85, 84, 5, 94, 89]
R8[76, 68, 68, 68, 29, 68, 24, 80, 68, 3]
R9[11, 26, 33, 78, 34, 78, 79, 78, 50, 28]
R10[88, 70, 10, 30, 69, 31, 62, 18, 52, 27]
------------------------------------------
