 
------------------------------------------
HEURÍSTICA DE CONSTRUCCIÓN: Sweep
COSTO TOTAL: 3297.56
TOTAL DE RUTAS: 10
TIEMPO DE EJECUCIÓN: 1.8471565246582031
 
R1[29, 75, 4, 2, 32, 80, 23, 14, 84, 97, 52]
R2[94, 16, 18, 85, 72, 55, 39, 42, 44, 36]
R3[22, 40, 35, 49, 13, 62, 30]
R4[79, 48, 77, 3, 98, 43, 45, 63, 82]
R5[58, 25, 66, 67, 12, 8, 60, 17, 59, 57]
R6[93, 96, 21, 91, 31, 11, 71, 26, 47, 7, 50]
R7[73, 24, 28, 81, 92, 9, 89, 15, 20, 64, 88, 6, 100, 38]
R8[53, 68, 78, 87, 27, 5, 61, 1, 41, 46]
R9[99, 56, 65, 19, 51, 37, 10, 34, 74, 90, 33, 95]
R10[83, 86, 76, 69, 54, 70]
------------------------------------------
