 
------------------------------------------
HEURÍSTICA DE CONSTRUCCIÓN: RandomMethod
COSTO TOTAL: 3340.82
TOTAL DE RUTAS: 9
TIEMPO DE EJECUCIÓN: 0.060236215591430664
 
R1[99, 95, 43, 17, 19, 5, 87, 21, 70, 71, 89, 29, 12, 11]
R2[96, 54, 77, 55, 59, 67, 76, 65, 75, 2]
R3[27, 30, 35, 6, 9, 63, 66, 45, 3, 62]
R4[69, 7, 40, 23, 41, 83, 57, 28, 94, 10, 49]
R5[73, 74, 92, 33, 85, 88, 24, 60, 84, 51, 22, 91, 56, 53]
R6[81, 68, 4, 48, 47, 25]
R7[58, 20, 34, 32, 50, 86, 98, 26, 46, 80, 31, 38, 82]
R8[72, 13, 37, 97, 100, 61, 36, 1, 44, 14, 52, 39, 15, 78]
R9[93, 8, 42, 90, 64, 18, 16, 79]
------------------------------------------
