 
------------------------------------------
HEURÍSTICA DE CONSTRUCCIÓN: Sweep
COSTO TOTAL: 3191.54
TOTAL DE RUTAS: 10
TIEMPO DE EJECUCIÓN: 1.854454755783081
 
R1[38, 26, 75, 73, 44, 96, 74, 24, 63, 32, 51, 4]
R2[69, 76, 77, 50, 1, 22, 43, 48, 47]
R3[16, 59, 70, 80, 6, 31, 30, 56, 49]
R4[83, 45, 36, 94, 85, 29, 19]
R5[87, 28, 3, 23, 40, 20, 78, 71, 100, 89]
R6[27, 15, 9, 57, 7, 99, 95, 72, 35, 68]
R7[93, 41, 61, 86, 5, 79, 62]
R8[97, 13, 46, 84, 14, 60, 8, 88, 34, 91, 42, 54, 92, 52, 39, 12, 18, 10, 82]
R9[81, 37, 17, 64, 65, 90, 2, 67, 33, 11, 53]
R10[58, 55, 21, 98, 25, 66]
------------------------------------------
