 
------------------------------------------
HEURÍSTICA DE CONSTRUCCIÓN: CMT
COSTO TOTAL: 1253.61
TOTAL DE RUTAS: 10
TIEMPO DE EJECUCIÓN: 2.4132699966430664
 
R1[77, 50, 79, 81, 76, 33, 1, 81, 81, 81, 81]
R2[41, 57, 15, 57, 57, 2, 73, 74, 22, 72, 56, 43]
R3[32, 90, 63, 20, 65, 20, 66, 20, 71, 11]
R4[54, 24, 80, 4, 39, 25, 55, 55, 25, 25, 21]
R5[14, 38, 86, 91, 100, 16, 44, 16, 16, 16]
R6[89, 10, 36, 47, 36, 49, 36, 36, 36, 36, 84]
R7[99, 59, 37, 98, 92, 97, 95, 93, 96, 94]
R8[40, 53, 58, 27, 28, 26, 68, 69]
R9[88, 31, 87, 83, 48, 62, 48, 7]
R10[6, 60, 18, 82, 8, 5, 85, 5, 13]
------------------------------------------
