 
------------------------------------------
HEURÍSTICA DE CONSTRUCCIÓN: Sweep
COSTO TOTAL: 3295.36
TOTAL DE RUTAS: 10
TIEMPO DE EJECUCIÓN: 1.6897993087768555
 
R1[26, 70, 67, 51, 32, 68, 77, 49, 28, 50, 78]
R2[22, 95, 88, 84, 79, 2, 1, 63, 35, 83, 55]
R3[94, 65, 36, 19, 47, 30, 74, 13]
R4[98, 5, 57, 72, 33, 27, 7, 76, 45, 54]
R5[75, 23, 42, 61, 17, 15, 59, 34, 80, 93, 86, 4]
R6[69, 40, 16, 73, 18, 82, 8, 29, 48, 21, 71]
R7[25, 66, 10, 100, 38, 90, 43, 24, 56, 3, 89, 92, 31]
R8[81, 11, 46, 96, 58, 60, 20, 9, 53, 12, 39]
R9[87, 97, 44, 41, 62, 64, 52, 37, 6, 85]
R10[91, 99, 14]
------------------------------------------
