 
------------------------------------------
HEURÍSTICA DE CONSTRUCCIÓN: CMT
COSTO TOTAL: 1365.27
TOTAL DE RUTAS: 11
TIEMPO DE EJECUCIÓN: 2.508319616317749
 
R1[23, 67, 39, 74, 22, 41, 56, 75, 41]
R2[38, 44, 14, 43, 14, 15, 42]
R3[29, 24, 79, 78, 34, 78, 3, 68, 80, 54, 77, 35]
R4[28, 12, 4, 72, 21, 26, 53, 40, 27]
R5[60, 5, 84, 17, 61, 16, 85, 6, 92, 98, 91, 93, 98]
R6[49, 36, 64, 65, 30, 37, 73, 57, 100, 45, 2]
R7[95, 13, 87, 97, 59, 94, 96]
R8[51, 9, 71, 20, 81, 33, 81, 33, 81, 1]
R9[19, 32, 90, 63, 11, 47, 63, 32, 90, 69, 70, 99]
R10[88, 10, 62, 7, 82, 48, 82, 18, 52]
R11[31]
------------------------------------------
