 
------------------------------------------
HEURÍSTICA DE CONSTRUCCIÓN: CMT
COSTO TOTAL: 1339.03
TOTAL DE RUTAS: 10
TIEMPO DE EJECUCIÓN: 2.548989772796631
 
R1[29, 34, 79, 78, 80, 24, 68, 3, 77, 12, 35]
R2[51, 50, 69, 1, 33, 33, 81, 33, 9, 65, 20]
R3[32, 66, 90, 70, 10, 63, 63, 64, 11, 63, 36]
R4[98, 92, 37, 59, 96, 95, 95, 97, 95, 99, 89, 42]
R5[38, 84, 8, 45, 17, 86, 16, 44, 16, 61, 84, 83]
R6[75, 19, 47, 49, 48, 82, 7]
R7[60, 18, 5, 88, 52, 27, 31, 52, 13]
R8[43, 14, 85, 100, 15, 57, 87, 2]
R9[22, 41, 23, 23, 67, 39, 4, 55, 56, 74]
R10[53, 54, 21, 73, 72, 73, 40, 58, 28]
------------------------------------------
