 
------------------------------------------
HEURÍSTICA DE CONSTRUCCIÓN: Sweep
COSTO TOTAL: 3350.57
TOTAL DE RUTAS: 10
TIEMPO DE EJECUCIÓN: 1.8508312702178955
 
R1[92, 95, 30, 43, 82, 57, 22, 32, 99, 17, 16, 90, 15, 24]
R2[41, 35, 38, 72, 51, 10, 2, 89, 46, 97, 77, 76]
R3[100, 86, 20, 62, 12, 7, 45, 44, 21, 42]
R4[69, 88, 36, 78, 87, 33, 29, 63, 40, 53, 6, 93, 31, 71, 65, 70]
R5[5, 75, 84, 8, 98, 68, 55, 54, 74]
R6[58, 25, 56, 34, 28, 81, 18, 80, 64, 11, 73, 37]
R7[79, 1, 59, 52, 66, 9, 3, 83, 50, 47, 23, 4]
R8[39, 85, 94, 91, 60, 61, 14, 19]
R9[13, 67, 48, 26, 49, 96]
R10[27]
------------------------------------------
