 
------------------------------------------
HEURÍSTICA DE CONSTRUCCIÓN: Sweep
COSTO TOTAL: 3217.38
TOTAL DE RUTAS: 9
TIEMPO DE EJECUCIÓN: 1.837963342666626
 
R1[1, 94, 86, 80, 24, 21, 76, 67, 56, 18, 4]
R2[5, 61, 53, 42, 72, 87, 57, 64, 100]
R3[85, 69, 11, 44, 93, 12, 91, 16, 83]
R4[96, 33, 78, 22, 27, 99, 10, 74, 77, 92, 26, 51, 47, 46, 15, 89]
R5[25, 81, 32, 41, 43, 60, 37, 73, 8, 75, 39, 35, 29, 50, 65]
R6[55, 2, 70, 19, 20, 84, 66, 9, 7, 90, 49, 30, 71, 54, 45]
R7[3, 82, 52, 63, 38, 59, 95, 88, 6]
R8[68, 98, 97, 58, 62, 36, 28, 14, 48]
R9[13, 17, 34, 79, 31, 40, 23]
------------------------------------------
