 
------------------------------------------
HEURÍSTICA DE CONSTRUCCIÓN: NearestNeighborWithRLC
COSTO TOTAL: 3092.93
TOTAL DE RUTAS: 9
TIEMPO DE EJECUCIÓN: 0.9106533527374268
 
R1[2, 100, 95, 3, 97, 96, 1, 99, 98, 94]
R2[93, 92, 89, 58, 87, 88, 53, 28, 77]
R3[85, 27, 84, 6, 76, 80, 83, 5, 82, 91, 74]
R4[79, 70, 4, 7, 72, 69, 81, 78, 68]
R5[60, 73, 59, 62, 75, 8, 61, 57, 56, 90, 55, 52, 54, 50, 51, 48, 9, 26]
R6[45, 13, 40, 37, 12, 33, 42, 44, 10, 30, 31, 24, 29]
R7[22, 41, 20, 21, 16, 18, 15, 14, 11, 86]
R8[63, 47, 19, 25, 39, 32, 46, 43, 23, 34, 71, 35, 66, 38, 17]
R9[67, 36, 65, 64, 49]
------------------------------------------
