 
------------------------------------------
HEURÍSTICA DE CONSTRUCCIÓN: MoleJameson
COSTO TOTAL: 1143.47
TOTAL DE RUTAS: 9
TIEMPO DE EJECUCIÓN: 15.028220176696777
 
R1[30, 20, 66, 71, 65, 35, 9, 81, 33]
R2[21, 72, 56, 75, 23, 39, 55, 25, 39, 74, 73]
R3[14, 44, 16, 17, 85, 93, 91, 100, 37, 92]
R4[6, 96, 99, 60, 90, 46, 84, 61, 86, 98, 59, 94]
R5[1, 50, 76, 77, 3, 79, 34, 78, 29, 24, 54, 80, 68, 12]
R6[70, 7, 48, 47, 36, 49, 64, 32, 63, 11, 62, 19, 82, 8, 45, 83]
R7[27, 69, 51, 31, 10, 88, 18, 5, 52, 89]
R8[38, 43, 15, 57, 2, 58, 42, 87, 97, 95, 13]
R9[53, 40, 22, 67, 4, 26, 28]
------------------------------------------
