 
------------------------------------------
HEURÍSTICA DE CONSTRUCCIÓN: RandomMethod
COSTO TOTAL: 3393.61
TOTAL DE RUTAS: 10
TIEMPO DE EJECUCIÓN: 0.06411051750183105
 
R1[63, 9, 20, 79, 68, 33, 7, 84, 61, 54]
R2[97, 1, 13, 92, 50, 42, 41, 94, 12, 82, 39]
R3[6, 51, 64, 34, 89, 74, 98, 70, 15, 26, 55, 76, 47, 80]
R4[77, 60, 21, 44, 73, 37, 31, 95, 99, 100, 11, 17]
R5[91, 38, 5, 22, 81, 43, 88, 28, 67]
R6[93, 18, 62, 14, 53, 59, 96, 2, 46, 65, 71]
R7[69, 27, 25, 72, 23, 90, 36, 35, 75, 30, 24, 57, 19]
R8[83, 45, 16, 8, 56, 85, 49]
R9[87, 78, 3, 66, 29, 10, 86, 52, 48]
R10[32, 4, 40, 58]
------------------------------------------
