 
------------------------------------------
HEURÍSTICA DE CONSTRUCCIÓN: NearestNeighborWithRLC
COSTO TOTAL: 3036.56
TOTAL DE RUTAS: 9
TIEMPO DE EJECUCIÓN: 0.821969747543335
 
R1[99, 95, 98, 94, 89, 2, 69, 97, 96, 100, 3]
R2[93, 92, 58, 53, 52, 88, 77, 40, 76, 87, 28]
R3[27, 26, 73, 13, 12, 85, 84, 83, 82]
R4[6, 80, 1, 60, 70, 59, 5, 91, 74, 79, 4, 50]
R5[81, 31, 72, 68, 78, 21, 18, 62, 7]
R6[75, 8, 57, 61, 56, 54, 55, 37, 90, 33, 9, 10, 45, 51, 48]
R7[41, 42, 30, 24, 22, 29, 44, 16, 17, 15, 20, 19, 14, 86]
R8[63, 47, 25, 11, 46, 43, 32, 71, 66, 34, 23, 35, 39, 67]
R9[49, 36, 65, 38, 64]
------------------------------------------
