 
------------------------------------------
HEURÍSTICA DE CONSTRUCCIÓN: RandomMethod
COSTO TOTAL: 3311.62
TOTAL DE RUTAS: 9
TIEMPO DE EJECUCIÓN: 0.06091570854187012
 
R1[29, 25, 45, 70, 17, 24, 87, 31, 11, 15, 98, 66]
R2[6, 19, 2, 23, 89, 48, 22]
R3[85, 68, 72, 75, 51, 55, 37, 14, 86, 57, 7, 52, 44, 38]
R4[12, 92, 18, 59, 47, 32, 60, 95, 40, 35, 28]
R5[83, 27, 96, 63, 5, 16, 9, 78, 99, 97, 56, 80, 54]
R6[69, 88, 42, 73, 3, 79, 58, 21, 1, 74, 4, 67]
R7[33, 71, 76, 26, 90, 50, 100, 10, 82, 77, 36]
R8[13, 53, 62, 34, 81, 65, 61, 30, 39]
R9[84, 8, 49, 91, 20, 94, 64, 46, 43, 41, 93]
------------------------------------------
