 
------------------------------------------
HEURÍSTICA DE CONSTRUCCIÓN: Sweep
COSTO TOTAL: 3282.53
TOTAL DE RUTAS: 10
TIEMPO DE EJECUCIÓN: 1.8284342288970947
 
R1[64, 30, 66, 25, 59, 83, 31, 91, 26, 42, 44, 35, 71, 54]
R2[22, 78, 33, 40, 53, 14, 27, 98, 75]
R3[85, 2, 74, 67, 72, 38, 65]
R4[73, 50, 5, 63, 89, 56, 99, 87, 46, 93, 10, 19, 8]
R5[3, 23, 80, 81, 70, 18, 7, 62, 58, 90]
R6[100, 4, 29, 9, 45, 51, 34, 37, 41, 88, 96, 36]
R7[97, 60, 76, 28, 13, 84, 82, 6, 39, 77, 12, 48]
R8[79, 86, 69, 20, 52, 95, 68, 49]
R9[1, 24, 92, 17, 61, 55, 21, 16, 11, 47, 43, 57, 32]
R10[94, 15]
------------------------------------------
