 
------------------------------------------
HEURÍSTICA DE CONSTRUCCIÓN: CMT
COSTO TOTAL: 1334.69
TOTAL DE RUTAS: 11
TIEMPO DE EJECUCIÓN: 2.5089356899261475
 
R1[64, 32, 63, 90, 10, 49, 19, 62, 11, 62, 70]
R2[67, 25, 39, 55, 23]
R3[38, 14, 43, 100, 91, 100, 91, 86, 16, 37]
R4[59, 93, 5, 84, 17, 45, 5, 8, 60, 83, 5, 17, 92]
R5[41, 15, 57, 73, 74, 22, 72, 75, 72, 2, 21, 87]
R6[35, 98, 85, 97, 48, 47, 82]
R7[96, 6, 89, 94, 95, 94, 95, 58, 40]
R8[71, 65, 66, 20, 34, 9, 78, 81]
R9[1, 29, 29, 54, 24, 54, 80, 68, 79, 80, 33]
R10[69, 3, 77, 77, 76, 77, 77, 50, 76, 77, 53]
R11[27, 31, 28]
------------------------------------------
