 
------------------------------------------
HEURÍSTICA DE CONSTRUCCIÓN: NearestNeighborWithRLC
COSTO TOTAL: 2971.46
TOTAL DE RUTAS: 9
TIEMPO DE EJECUCIÓN: 0.7897505760192871
 
R1[2, 100, 99, 98, 95, 97, 94, 89, 96, 93]
R2[3, 88, 69, 87, 58, 92, 85, 84, 53, 77]
R3[83, 52, 82, 80, 76, 74, 40, 60, 59, 73, 50, 31, 28]
R4[1, 6, 72, 27, 26, 70, 68, 5, 91, 57, 54]
R5[21, 37, 18, 33, 12, 79, 13, 7, 62, 4, 10]
R6[90, 9, 78, 81, 61, 56, 75, 42, 51, 55, 45, 30, 44, 8, 48, 29, 24]
R7[41, 16, 22, 15, 17, 20, 11, 86, 14, 25, 39]
R8[32, 47, 46, 43, 63, 34, 23, 71, 35, 19, 67, 66, 49, 38]
R9[36, 65, 64]
------------------------------------------
