 
------------------------------------------
HEURÍSTICA DE CONSTRUCCIÓN: RandomMethod
COSTO TOTAL: 3378.58
TOTAL DE RUTAS: 10
TIEMPO DE EJECUCIÓN: 0.06035614013671875
 
R1[82, 44, 52, 11, 63, 13, 57, 66, 22, 41]
R2[75, 60, 70, 56, 85, 69, 97, 86, 20, 36, 25]
R3[93, 81, 76, 3, 51, 84, 72, 31]
R4[61, 94, 54, 29, 62, 53, 37, 79]
R5[30, 45, 27, 99, 17, 49, 43, 55, 67, 71, 90, 89, 78, 28, 26]
R6[74, 9, 88, 19, 7, 83, 1, 92, 95, 38, 50, 42, 15, 2, 6, 23, 4]
R7[73, 39, 58, 40, 16, 100, 35, 21, 77]
R8[59, 14, 12, 34, 46, 65, 96, 48]
R9[68, 24, 98, 10, 64, 91, 8, 33, 80, 32, 5, 18, 47]
R10[87]
------------------------------------------
