 
------------------------------------------
HEURÍSTICA DE CONSTRUCCIÓN: Sweep
COSTO TOTAL: 3325.81
TOTAL DE RUTAS: 9
TIEMPO DE EJECUCIÓN: 1.8691918849945068
 
R1[78, 39, 67, 24, 2, 83, 54, 96, 4, 70, 31, 66]
R2[87, 98, 100, 11, 43, 21, 23, 38, 15, 14]
R3[90, 42, 40, 63, 55, 79, 92, 71, 49, 89, 68]
R4[81, 25, 44, 56, 28, 77, 47, 74, 95, 91, 10]
R5[84, 57, 75, 33, 18, 30, 22, 59, 99, 27, 48]
R6[97, 37, 7, 85, 5, 58, 34, 16, 9]
R7[32, 19, 8, 36, 26, 60, 93, 94, 88, 20, 6, 86, 64]
R8[69, 72, 53, 51, 76, 62, 82, 29, 35, 3]
R9[13, 50, 46, 1, 41, 45, 17, 52, 73, 12, 80, 65, 61]
------------------------------------------
