 
------------------------------------------
HEURÍSTICA DE CONSTRUCCIÓN: Sweep
COSTO TOTAL: 3386.8
TOTAL DE RUTAS: 10
TIEMPO DE EJECUCIÓN: 1.8450312614440918
 
R1[91, 57, 55, 72, 94, 18, 66, 9, 84, 64, 38]
R2[69, 11, 78, 47, 19, 29, 35, 99, 50, 58, 25, 33]
R3[27, 100, 90, 59, 98, 37, 15, 34, 74, 31]
R4[5, 41, 21, 65, 16, 97, 39, 2, 62]
R5[73, 48, 43, 44, 92, 4, 32, 82, 56, 42]
R6[77, 71, 23, 10, 28, 1, 51, 83, 3, 12]
R7[95, 6, 40, 20, 24, 80, 68, 13, 14, 36, 61, 49]
R8[22, 17, 26, 70, 81, 52, 85, 7, 76, 46, 88, 60]
R9[30, 87, 53, 54, 67, 8, 45, 63]
R10[75, 79, 86, 96, 93, 89]
------------------------------------------
