 
------------------------------------------
HEURÍSTICA DE CONSTRUCCIÓN: CMT
COSTO TOTAL: 1274.05
TOTAL DE RUTAS: 10
TIEMPO DE EJECUCIÓN: 2.4858973026275635
 
R1[61, 86, 44, 44, 16, 85, 91, 17, 92, 60]
R2[78, 81, 34, 71, 65, 35, 9, 51, 33, 79, 24]
R3[90, 11, 90, 32, 66, 64, 63, 90, 10]
R4[7, 48, 47, 19, 47, 36, 46, 82, 8]
R5[22, 22, 22, 75, 22, 41, 22, 74, 73, 57]
R6[27, 15, 15, 14, 43, 14, 42, 39, 39, 25, 39, 84, 6]
R7[1, 12, 68, 80, 3, 77, 76, 50, 70, 69, 88]
R8[93, 99, 59, 5, 83, 5, 18, 98, 18]
R9[31, 52, 54, 21, 26, 87, 100, 37, 28]
R10[53, 94, 95, 2, 97, 2, 13, 40, 58]
------------------------------------------
