 
------------------------------------------
HEURÍSTICA DE CONSTRUCCIÓN: RandomMethod
COSTO TOTAL: 3391.46
TOTAL DE RUTAS: 10
TIEMPO DE EJECUCIÓN: 0.06456232070922852
 
R1[47, 12, 10, 63, 16, 17, 38, 53, 30]
R2[59, 72, 14, 75, 25, 1, 97, 51, 88, 28, 34, 52, 50]
R3[87, 11, 82, 21, 32, 71, 70, 58]
R4[5, 91, 94, 36, 48, 77, 81, 80, 86]
R5[61, 20, 90, 66, 93, 89, 57, 60, 85, 69]
R6[76, 22, 35, 78, 15, 46, 54, 96, 74, 95, 40, 65, 7, 8]
R7[84, 49, 24, 37, 27, 100, 23, 26, 45, 64, 67]
R8[13, 41, 4, 83, 2, 98, 55, 43, 44, 73, 42, 6, 62, 9, 19]
R9[56, 68, 29, 92, 79, 3, 99, 18, 31, 39]
R10[33]
------------------------------------------
