 
------------------------------------------
HEURÍSTICA DE CONSTRUCCIÓN: SaveParallel
COSTO TOTAL: 869.89
TOTAL DE RUTAS: 6
TIEMPO DE EJECUCIÓN: 2.701045513153076
 
R1[7, 8, 17, 45, 46, 47, 36, 49, 64, 11, 63, 90, 32, 10, 62, 19, 48, 82]
R2[57, 42, 15, 43, 14, 44, 38, 86, 16, 61, 85, 91, 100, 37, 98, 93, 99]
R3[94, 95, 96, 59, 92, 97, 87, 2, 4, 25, 55, 39, 67, 23, 56, 75, 22, 41, 74, 72, 73, 21]
R4[29, 24, 54, 26, 79, 33, 51, 9, 81, 78, 34, 35, 65, 71, 66, 20, 30, 70, 1, 69]
R5[53, 40, 58, 13, 6, 5, 84, 83, 60, 18, 89]
R6[3, 76, 50, 77, 68, 80, 12, 28, 27, 31, 88, 52]
------------------------------------------
