 
------------------------------------------
HEURÍSTICA DE CONSTRUCCIÓN: NearestNeighborWithRLC
COSTO TOTAL: 3143.19
TOTAL DE RUTAS: 9
TIEMPO DE EJECUCIÓN: 0.7875795364379883
 
R1[99, 97, 96, 1, 98, 100, 95, 3, 94, 92, 89, 88]
R2[87, 76, 77, 73, 69, 93, 60, 59]
R3[85, 84, 83, 2, 82, 80, 58, 28, 27, 6, 70]
R4[5, 53, 74, 52, 91, 72, 68, 79, 57, 54]
R5[40, 31, 26, 50, 62, 61, 21, 42, 37, 4, 18]
R6[81, 33, 78, 13, 12, 75, 56, 7, 55, 10, 90, 9, 51, 45, 44, 48, 8]
R7[41, 24, 30, 22, 20, 17, 29, 19, 14, 15, 16, 86]
R8[25, 11, 39, 47, 32, 46, 71, 66, 43, 23, 35, 34, 67, 38]
R9[49, 64, 36, 65, 63]
------------------------------------------
