 
------------------------------------------
HEURÍSTICA DE CONSTRUCCIÓN: NearestNeighborWithRLC
COSTO TOTAL: 3072.56
TOTAL DE RUTAS: 9
TIEMPO DE EJECUCIÓN: 0.7666563987731934
 
R1[95, 99, 97, 96, 98, 2, 100, 3, 93, 94, 92]
R2[1, 88, 87, 89, 77, 85, 76, 73, 69, 84]
R3[60, 59, 83, 53, 82, 80, 28, 58, 74, 27, 52, 6, 70]
R4[5, 72, 50, 91, 79, 68, 62]
R5[61, 40, 4, 57, 31, 81, 78, 54, 75, 42]
R6[56, 37, 26, 55, 33, 30, 21, 18, 13, 51, 48, 7, 12, 10, 45, 8, 44]
R7[90, 41, 9, 22, 24, 20, 29, 16, 17, 15, 11, 19, 14, 86]
R8[25, 39, 63, 46, 47, 32, 34, 35, 71, 36, 43, 66, 23, 67, 38]
R9[65, 49, 64]
------------------------------------------
