 
------------------------------------------
HEURÍSTICA DE CONSTRUCCIÓN: NearestNeighborWithRLC
COSTO TOTAL: 3073.99
TOTAL DE RUTAS: 9
TIEMPO DE EJECUCIÓN: 0.7742106914520264
 
R1[95, 99, 94, 98, 89, 97, 2, 100, 69, 3, 96, 92]
R2[58, 88, 53, 87, 93, 85, 77]
R3[76, 73, 52, 40, 60, 84, 28, 27, 26, 13, 12]
R4[83, 59, 82, 80, 6, 1, 50, 74, 72, 31, 70]
R5[21, 5, 18, 68, 7, 8, 91, 57, 4, 54]
R6[37, 90, 9, 33, 81, 10, 79, 62, 78, 61, 51]
R7[75, 55, 45, 48, 44, 56, 42, 41, 24, 30, 16, 15, 17]
R8[22, 29, 20, 19, 14, 25, 39, 11, 63, 86, 47, 43, 34]
R9[32, 71, 35, 36, 23, 67, 38, 66, 64, 46, 49, 65]
------------------------------------------
