 
------------------------------------------
CANTIDAD DE EJECUCIONES: 100
HEURÍSTICA DE CONSTRUCCIÓN: RandomMethod
COSTO TOTAL: 3361.94
TOTAL DE RUTAS: 8
TIEMPO DE EJECUCIÓN: 47 milisegundos
 
R1[66, 50, 35, 9, 92, 41, 63, 71, 65, 64, 54, 2, 56, 83, 27, 14, 77, 28, 70]
R2[31, 61, 45, 23, 16, 72, 42, 46, 5, 80, 47, 8, 49, 57]
R3[75, 98, 84, 26, 68, 34, 29, 19, 82]
R4[20, 1, 94, 78, 53, 52, 40, 21, 85, 100, 55, 11, 60, 33, 10, 91, 17, 48, 7]
R5[81, 22, 39, 89, 86, 62]
R6[4, 18, 76, 12, 59, 51, 24, 3, 79, 44, 67, 30, 37, 90, 88, 99, 25]
R7[87, 74, 32, 96, 36, 97, 13, 38, 43, 15]
R8[58, 69, 73, 95, 6, 93]
------------------------------------------
