 
------------------------------------------
CANTIDAD DE EJECUCIONES: 100
HEURÍSTICA DE CONSTRUCCIÓN: RandomMethod
COSTO TOTAL: 3424.79
TOTAL DE RUTAS: 9
TIEMPO DE EJECUCIÓN: 49 milisegundos
 
R1[94, 57, 65, 12, 31, 46, 3, 51, 50]
R2[44, 93, 30, 6, 100, 92, 39, 43, 80, 38, 9, 8, 24, 81, 32, 70, 67]
R3[75, 74, 58, 64, 41, 28, 29, 1, 82, 78, 33, 60]
R4[68, 90, 34, 63, 86, 97, 73, 4, 84]
R5[25, 89, 88, 14, 37, 47, 22, 21, 55, 11, 20]
R6[87, 71, 15, 95, 13, 54, 72]
R7[66, 18, 5, 77, 79, 69, 26, 27, 48, 98, 40, 53, 23]
R8[16, 7, 52, 76, 91, 59, 36, 17, 62, 96, 19, 45]
R9[99, 85, 42, 83, 49, 61, 2, 10, 35, 56]
------------------------------------------
