 
------------------------------------------
CANTIDAD DE EJECUCIONES: 100
HEURÍSTICA DE CONSTRUCCIÓN: RandomMethod
COSTO TOTAL: 40719.59
TOTAL DE RUTAS: 23
TIEMPO DE EJECUCIÓN: 82 milisegundos
 
R1[142, 377, 17, 92, 317, 150, 64, 228, 307, 204, 214, 197, 373, 320, 222, 355, 131, 158]
R2[357, 21, 177, 145, 218, 196, 397, 293, 106, 277, 18, 332, 212, 60, 121, 2]
R3[186, 153, 19, 264, 348, 24, 87, 140, 65, 93, 384, 155, 223, 242, 157, 238, 69, 138, 105]
R4[85, 335, 376, 390, 188, 288, 267, 47, 391, 296, 81, 363, 83, 38, 241, 360, 1]
R5[11, 216, 199, 32, 101, 389, 161, 169, 51, 23, 144, 289, 310, 116, 49]
R6[269, 281, 209, 80, 229, 254, 395, 365, 176, 342, 171, 371, 351, 316, 364, 4, 79, 347, 283, 341]
R7[33, 135, 297, 119, 114, 268, 396, 27, 315, 120, 3, 202, 124, 16, 393, 279, 285, 29]
R8[174, 123, 358, 266, 210, 34, 331, 305, 244, 56, 95, 327, 14, 187, 227, 338, 250]
R9[115, 46, 104, 326, 245, 367, 353, 122, 303, 400, 102, 300, 368, 274, 12, 251, 146]
R10[349, 36, 263, 336, 31, 84, 385, 68, 166, 67, 359, 321, 345, 237, 195, 99, 308, 75, 312]
R11[6, 356, 262, 208, 137, 91, 180, 109, 154, 273, 182, 74, 271, 100, 346, 369, 224, 217, 61]
R12[200, 379, 275, 221, 318, 294, 375, 309, 48, 203, 184, 54, 198, 103, 240, 299, 170]
R13[149, 284, 181, 8, 66, 28, 39, 194, 25, 292, 255, 323, 52, 139, 370, 322, 125]
R14[107, 314, 234, 118, 160, 5, 220, 215, 350, 96, 45, 329, 63, 366, 78, 20, 15]
R15[57, 333, 90, 7, 143, 183, 282, 94, 134, 290, 211, 298, 179, 151, 77]
R16[286, 340, 35, 26, 89, 261, 226, 98, 311, 247, 112, 265, 10, 354, 58, 88, 253, 162, 190, 132]
R17[387, 97, 82, 113, 72, 164, 207, 59, 259, 343, 249, 246, 40, 260, 378]
R18[272, 295, 399, 236, 62, 175, 178, 243, 380, 324, 287, 127, 270, 206, 159]
R19[374, 76, 394, 70, 86, 304, 386, 148, 111, 230, 50, 173, 330, 302, 233, 382, 239, 167, 136, 205]
R20[361, 168, 37, 147, 339, 13, 362, 73, 252, 291, 117, 257, 192, 306, 185, 133, 108, 344, 258]
R21[156, 126, 41, 43, 392, 301, 129, 381, 71, 55, 398, 191, 44, 163, 110, 225, 22, 352, 388, 42, 383]
R22[256, 328, 201, 128, 313, 319, 232, 280, 172, 130, 189, 193]
R23[235, 219, 9, 325, 248, 337, 278, 334, 165, 213, 276, 372, 53, 152, 141, 231, 30]
------------------------------------------
