 
------------------------------------------
CANTIDAD DE EJECUCIONES: 100
HEURÍSTICA DE CONSTRUCCIÓN: NearestNeighborWithRLC
COSTO TOTAL: 26346.28
TOTAL DE RUTAS: 23
TIEMPO DE EJECUCIÓN: 2450 milisegundos
 
R1[366, 354, 399, 393, 398, 400, 394, 391, 387, 397, 396, 374, 382, 392, 372, 356, 383, 388, 385]
R2[384, 376, 381, 395, 347, 377, 306, 386, 378, 375, 390, 389, 380, 371, 1, 363, 359, 349, 379]
R3[373, 367, 370, 368, 336, 365, 364, 369, 290, 362, 353, 360, 357, 358, 2, 355]
R4[3, 351, 348, 352, 5, 361, 346, 350, 342, 344, 4, 7, 345, 287, 248]
R5[343, 340, 339, 341, 338, 335, 337, 333, 332, 329, 6, 327, 331, 325, 321, 299, 328]
R6[322, 334, 330, 320, 319, 260, 230, 326, 309, 324, 317, 316, 318, 269, 208, 323, 8, 312, 311, 305]
R7[10, 315, 9, 291, 12, 314, 302, 307, 313, 310, 308, 304, 288, 14, 278, 301, 300]
R8[303, 298, 13, 297, 11, 296, 15, 294, 16, 295, 293, 292, 18, 289, 19, 20, 284]
R9[280, 281, 272, 227, 17, 283, 286, 21, 282, 263, 285, 279, 23, 276, 270, 264]
R10[259, 22, 265, 201, 70, 277, 275, 273, 24, 268, 26, 266, 262, 274, 267, 257, 255, 212, 241]
R11[25, 28, 249, 243, 271, 250, 253, 252, 246, 261, 258, 256, 251, 254, 247, 238, 242]
R12[194, 237, 219, 239, 29, 217, 27, 192, 245, 210, 205, 233, 229, 235, 228, 232, 231, 244, 30, 196]
R13[198, 169, 240, 236, 234, 225, 224, 222, 223, 218, 31, 221, 213, 32, 34, 33, 209]
R14[206, 191, 226, 36, 220, 204, 215, 214, 216, 207, 211, 35, 203, 202, 38]
R15[37, 200, 199, 39, 189, 195, 188, 41, 43, 197, 190, 193, 184, 185, 187, 186, 155, 183, 40, 172]
R16[168, 176, 162, 158, 42, 154, 166, 153, 160, 143, 89, 46, 147, 144, 181, 44, 139, 175, 173, 180, 47]
R17[182, 178, 48, 179, 49, 156, 177, 171, 157, 174, 167, 165, 170, 163, 50, 161, 151]
R18[150, 164, 152, 149, 148, 45, 146, 159, 145, 141, 140, 135, 136, 132, 52]
R19[53, 131, 51, 142, 137, 134, 133, 130, 54, 126, 115, 138, 128, 108, 112, 101, 55]
R20[121, 120, 56, 110, 102, 125, 113, 71, 59, 106, 124, 122, 114, 129, 105, 123, 119, 117, 109]
R21[104, 103, 127, 111, 116, 107, 99, 118, 93, 82, 100, 58, 91, 97, 96, 90, 98, 57]
R22[95, 87, 85, 73, 67, 80, 94, 92, 60, 86, 88, 79, 83, 66, 61]
R23[81, 78, 74, 69, 77, 68, 64, 84, 76, 62, 75, 65, 72, 63]
------------------------------------------
