 
------------------------------------------
CANTIDAD DE EJECUCIONES: 100
HEURÍSTICA DE CONSTRUCCIÓN: CMT
COSTO TOTAL: 8209.39
TOTAL DE RUTAS: 25
TIEMPO DE EJECUCIÓN: 3125 milisegundos
 
R1[307, 396, 65, 67, 259, 51, 127, 1, 389, 181, 242, 32, 39, 245, 116, 380]
R2[232, 42, 341, 273, 365, 200, 187, 203, 72, 207, 119, 183, 123, 228, 75, 397, 109, 350, 26, 172, 292]
R3[21, 154, 358, 334, 216, 45, 346, 342, 309, 118, 186, 381, 202, 195, 238]
R4[377, 17, 162, 352, 226, 214, 117, 320, 247, 168, 283, 306, 272, 361, 326, 355, 40, 227, 104, 289]
R5[382, 256, 233, 173, 151, 193, 270, 324, 156, 205, 338, 210, 133, 19, 55, 121, 50, 294]
R6[68, 394, 304, 102, 159, 71, 211, 222, 69]
R7[327, 164, 378, 148, 364, 340, 391, 367, 373, 167, 253, 267]
R8[255, 212, 169, 157, 28, 249, 47, 219, 321, 196, 299, 360, 9, 305, 237, 29, 33, 393, 90, 12, 112]
R9[319, 260, 125, 231, 323, 278, 78, 225, 188, 285, 282, 18, 387]
R10[6, 288, 14, 178, 74, 59, 113]
R11[122, 337, 330, 143, 153, 215, 46, 147, 89, 166, 160, 258, 5, 204, 295, 103, 176, 129, 220]
R12[111, 363, 316, 251, 142, 38, 371, 276, 333, 194, 374, 62, 264, 49, 298, 87, 96, 70, 25, 353]
R13[224, 332, 41, 230, 34, 43, 8, 400, 262, 92, 310, 339, 266, 146, 165, 308, 79, 197]
R14[86, 221, 322, 120, 63, 335, 124]
R15[336, 286, 152, 64, 208, 100, 145, 163, 343, 329, 297, 106, 269, 318, 10, 185, 88]
R16[174, 250, 189, 390, 271, 244, 57, 234, 11, 218, 98, 345, 48, 182, 290, 369, 61, 110]
R17[199, 82, 131, 383, 161, 313, 53, 60, 296, 293, 359, 254, 24, 144, 93, 229, 303, 385, 281]
R18[357, 386, 379, 312, 246, 81, 84, 179, 180, 54, 94, 268, 77]
R19[344, 80, 315, 351, 284, 23, 134, 107, 356, 58, 91, 130, 175, 184, 372, 213]
R20[280, 376, 395, 347, 2, 155, 105, 158, 384, 137, 235, 388, 263, 114, 348, 44, 301, 209]
R21[108, 27, 128, 192, 239, 248, 362, 287, 31, 171, 243, 136, 52, 16, 314, 291, 132]
R22[68, 223, 35, 236, 274, 56, 275, 138, 170, 4, 240, 190, 370, 252]
R23[392, 139, 36, 191, 261, 349, 217, 3]
R24[149, 30, 95, 177, 328, 85, 265, 317, 73, 22, 399, 141, 201, 302]
R25[7, 13, 15, 20, 37, 66, 76, 83, 97, 99, 101, 115, 126, 135, 140, 150, 198, 206, 241, 257, 277, 279, 300, 311, 325, 331, 354, 366, 368, 375, 398]
------------------------------------------
