 
------------------------------------------
CANTIDAD DE EJECUCIONES: 100
HEURÍSTICA DE CONSTRUCCIÓN: SaveSequential
COSTO TOTAL: 5600.26
TOTAL DE RUTAS: 23
TIEMPO DE EJECUCIÓN: 2458 milisegundos
 
R1[193, 19, 256, 382, 210, 133, 156, 338, 205, 324, 62, 39, 65, 67, 32, 307, 396]
R2[189, 174, 271, 57, 48, 345, 98, 250, 244, 390, 234, 11, 369, 110, 35, 61, 218, 236]
R3[397, 341, 207, 187, 200, 123, 183, 40, 117, 320, 283, 289, 168, 247, 162, 355, 214, 352, 282, 350, 26, 75, 326]
R4[297, 334, 195, 216, 358, 285, 18, 238, 273, 365, 203, 119, 228, 172, 109]
R5[399, 22, 317, 314, 16, 52, 136, 287, 192, 239, 243, 171, 248, 108, 362, 31, 128, 27]
R6[134, 23, 333, 374, 264, 245, 127, 1, 389, 181, 116, 51, 242, 259, 111, 194, 363, 251]
R7[178, 74, 394, 68, 71, 222, 240, 190, 223, 182, 290, 370, 252, 274, 138, 170, 4, 275, 56, 141]
R8[211, 327, 14, 288, 6, 77, 357, 94, 54, 180, 179, 386, 379, 312, 246, 81, 197, 84]
R9[255, 237, 219, 140, 291, 132, 380, 328, 85, 265, 177, 95, 30, 73, 298]
R10[7, 393, 279, 321, 196, 90, 135, 112, 198, 12, 9, 47, 299, 360, 249, 157]
R11[235, 129, 46, 147, 89, 153, 215, 143, 166, 258, 160, 337, 330, 5, 176, 263, 281, 388, 137]
R12[43, 230, 34, 8, 225, 125, 231, 188, 78, 278, 323, 387, 400, 262, 339, 165, 308]
R13[58, 270, 55, 233, 173, 161, 50, 383, 121, 213, 261, 131, 63, 120, 294, 151, 254]
R14[185, 348, 44, 384, 114, 204, 295, 229, 103, 122, 220, 24, 93, 144, 303, 385, 82, 359]
R15[106, 72, 42, 232, 226, 292, 17, 158, 104, 227, 377, 306, 124, 2, 347, 272, 361, 395, 155, 376]
R16[319, 260, 332, 41, 224, 310, 92, 266, 146, 268, 79, 113, 59, 304, 159, 102, 69, 253]
R17[375, 33, 169, 212, 28, 305, 29, 302, 87, 70, 201, 25, 96, 49, 353, 316, 276, 142]
R18[37, 325, 277, 66, 398, 331, 364, 340, 373, 167, 148, 378, 164, 367, 267, 391]
R19[372, 130, 91, 344, 293, 60, 53, 296, 199, 313, 86, 335, 322, 38, 371, 221, 284, 351]
R20[99, 184, 107, 356, 315, 80, 191, 36, 392, 280, 139, 349, 301, 105, 154, 381, 186, 309]
R21[150, 83, 354, 175, 206, 241, 311, 76, 300, 13, 15, 257, 101, 149, 97, 368, 20, 126, 115]
R22[286, 209, 10, 152, 202, 118, 21, 346, 342, 45, 318, 145, 100, 208, 64, 269]
R23[163, 329, 343, 336, 88, 217, 3, 366]
------------------------------------------
