 
------------------------------------------
CANTIDAD DE EJECUCIONES: 100
HEURÍSTICA DE CONSTRUCCIÓN: CMT
COSTO TOTAL: 9435.03
TOTAL DE RUTAS: 25
TIEMPO DE EJECUCIÓN: 3219 milisegundos
 
R1[117, 247, 228, 282, 292, 361, 347, 306, 272, 326, 355, 320, 350, 352, 226, 214, 203, 200, 187, 183, 172, 123]
R2[77, 74, 357, 327, 178, 6, 394, 288, 68, 14]
R3[33, 255]
R4[30, 302, 73, 317, 95, 85, 380, 328, 177, 265, 136, 314, 22, 399, 16, 132]
R5[358, 216, 334, 238, 18, 285, 195, 207, 341, 397, 273, 365]
R6[338, 256, 205, 324, 156, 62, 333, 133, 210, 382, 19, 38, 371, 23, 193]
R7[383, 161, 173, 233, 50, 121, 213, 261, 131, 254, 120, 294, 63, 55, 270, 151, 359]
R8[165, 54, 94, 308, 266, 386, 179, 180, 268, 79, 146, 84, 197, 246, 312, 81, 379]
R9[28, 305, 9, 299, 360, 47, 12, 198, 219, 140, 135, 237, 112, 249, 393, 157]
R10[253, 59, 113, 211, 71, 304, 159, 102, 222, 69, 164, 378, 367, 167, 148, 391]
R11[259, 242, 245, 116, 51, 389, 181, 1, 127, 307, 396, 65, 67, 32, 39, 264]
R12[149, 375, 29, 196, 90, 126, 115, 169, 212, 20, 368, 37, 97, 331, 398, 66, 277, 325]
R13[281, 46, 215, 153, 147, 89, 166, 337, 143, 330, 160, 5, 176, 129, 258, 263]
R14[117, 40, 26, 109, 75, 119, 17, 162]
R15[289, 283, 168, 158, 104, 227, 377, 124, 2]
R16[257, 101, 7, 15, 13, 241, 311, 76, 99, 300, 321, 279, 291, 150, 354, 366, 83, 52]
R17[170, 4, 190, 223, 370, 290, 56, 240, 275, 340, 364, 252, 218, 110, 182, 35, 236, 138, 274, 141]
R18[388, 235, 137, 384, 44, 348, 114, 204, 229, 103, 295, 122, 220, 93, 24, 144, 303]
R19[118, 21, 309, 202, 381, 342, 346, 395, 105, 72, 42, 232, 155, 376, 154, 186, 45]
R20[34, 224, 230, 43, 8, 225, 262, 400, 278, 78, 231, 125, 387, 323, 310, 339, 92, 188]
R21[269, 64, 286, 88, 185, 10, 152, 336, 329, 343, 163, 373, 267, 332, 41, 209]
R22[139, 191, 36, 392, 91, 280, 356, 58, 349, 344, 374, 322, 284, 351, 221, 80, 315, 111, 194]
R23[271, 250, 57, 244, 390, 174, 234, 189, 128, 98, 345, 48, 192, 239, 11, 369, 248, 108]
R24[318, 61, 363, 27, 287, 362, 171, 243, 31, 298, 87, 251, 316, 70, 276, 201, 49]
R25[3, 25, 53, 60, 82, 86, 96, 100, 106, 107, 130, 134, 142, 145, 175, 184, 199, 206, 208, 217, 260, 293, 296, 297, 301, 313, 319, 335, 353, 372, 385]
------------------------------------------
