 
------------------------------------------
CANTIDAD DE EJECUCIONES: 100
HEURÍSTICA DE CONSTRUCCIÓN: Sweep
COSTO TOTAL: 21076.05
TOTAL DE RUTAS: 24
TIEMPO DE EJECUCIÓN: 259 milisegundos
 
R1[378, 128, 148, 167, 373, 364, 340, 253, 189, 390, 174, 141, 56, 102, 271, 240, 244, 57]
R2[59, 275, 250, 48, 69, 357, 234, 252, 274, 327, 304, 170, 370, 159, 4, 211, 190, 138]
R3[113, 98, 222, 77, 345, 71, 178, 290, 6, 288, 14, 74, 182, 218, 11, 236]
R4[394, 61, 369, 223, 35, 110, 68, 123, 40, 183, 289, 283, 320, 117, 350, 168, 282, 26, 75, 187, 247, 207, 352]
R5[162, 358, 355, 341, 172, 228, 214, 200, 158, 109, 226, 216, 326, 119, 203, 365, 273, 104]
R6[195, 285, 17, 227, 292, 72, 397, 42, 166, 232, 334, 258, 147, 89, 153, 18, 143, 46, 160]
R7[215, 330, 337, 5, 238, 377, 361, 272, 306, 124, 2, 347, 155, 395, 105, 376]
R8[21, 176, 118, 263, 137, 129, 281, 154, 309, 381, 384, 346, 342, 388, 202, 235, 186]
R9[45, 44, 348, 114, 204, 295, 122, 103, 229, 220, 93, 24, 144, 303, 188, 385, 199, 335, 82]
R10[254, 359, 296, 293, 53, 86, 60, 313, 231, 125, 225, 161, 173, 131, 383, 50, 233, 261]
R11[323, 121, 213, 63, 278, 120, 78, 294, 55, 318, 145, 280, 100, 36, 151, 392]
R12[256, 301, 221, 382, 106, 139, 270, 19, 205, 208, 338, 191, 297, 193, 349, 324, 64]
R13[210, 319, 315, 344, 80, 329, 322, 91, 269, 130, 156, 343, 351, 284, 372, 58, 133, 356]
R14[387, 260, 23, 134, 333, 107, 209, 62, 152, 10, 163, 185, 39, 371, 38, 43]
R15[32, 8, 374, 67, 88, 111, 34, 230, 194, 142, 276, 316, 400, 217, 65, 251, 363, 307]
R16[286, 264, 336, 396, 262, 3, 224, 41, 175, 245, 332, 242, 259, 184, 127, 206]
R17[339, 366, 116, 1, 83, 150, 354, 310, 92, 389, 181, 51, 99, 49, 379, 81]
R18[353, 266, 96, 197, 246, 312, 25, 87, 70, 84, 165, 298, 201, 308, 300]
R19[146, 13, 302, 179, 241, 15, 311, 76, 257, 30, 386, 101, 180, 177, 7, 79, 95]
R20[149, 73, 375, 126, 328, 85, 380, 265, 97, 268, 20, 115, 37, 368, 325, 54, 33]
R21[331, 398, 255, 94, 321, 66, 212, 169, 317, 277, 196, 157, 29, 399, 237, 90, 22, 28, 393]
R22[132, 314, 279, 249, 16, 291, 112, 52, 136, 135, 219, 140, 360, 305]
R23[299, 47, 198, 9, 12, 391, 31, 171, 267, 243, 362, 287, 108, 248, 367, 27, 192]
R24[239, 164]
------------------------------------------
