 
------------------------------------------
CANTIDAD DE EJECUCIONES: 100
HEURÍSTICA DE CONSTRUCCIÓN: RandomMethod
COSTO TOTAL: 41747.74
TOTAL DE RUTAS: 23
TIEMPO DE EJECUCIÓN: 80 milisegundos
 
R1[324, 106, 25, 19, 271, 382, 353, 335, 331, 399, 173, 307, 80, 146, 358]
R2[344, 74, 209, 159, 65, 277, 328, 177, 115, 308, 46, 309, 175, 379, 13]
R3[105, 306, 356, 281, 130, 33, 35, 333, 144, 49, 282, 296, 22, 367, 248, 112, 126, 214]
R4[182, 93, 217, 254, 355, 143, 104, 4, 109, 79, 386, 387, 329, 286, 98, 252, 111, 57]
R5[110, 54, 132, 205, 389, 116, 400, 165, 69, 233, 378, 246, 162, 133, 187, 316, 141, 321, 117]
R6[186, 47, 67, 204, 81, 75, 97, 120, 194, 385, 323, 330, 322, 139, 226]
R7[235, 178, 266, 129, 121, 185, 44, 301, 166, 396, 348, 71, 232, 150, 284, 53]
R8[101, 100, 312, 73, 92, 334, 190, 40, 343, 370, 43, 354, 1, 134, 107, 28, 84]
R9[313, 210, 241, 230, 304, 70, 52, 391, 135, 357, 45, 72, 381, 10, 291]
R10[16, 207, 256, 229, 212, 380, 11, 227, 191, 58, 15, 174, 119, 145, 34, 203]
R11[220, 170, 199, 257, 171, 269, 255, 108, 390, 161, 200, 192, 156, 326, 362, 86, 270, 372, 278, 89]
R12[275, 238, 172, 8, 262, 96, 310, 197, 365, 393, 392, 341, 151, 320, 155, 26, 180, 383, 337]
R13[128, 2, 201, 168, 124, 113, 228, 279, 99, 140, 7, 87, 136, 395, 59]
R14[342, 83, 82, 375, 289, 261, 319, 242, 95, 292, 50, 272, 327, 179, 102, 198]
R15[397, 63, 189, 264, 21, 222, 78, 384, 311, 346, 88, 265, 224, 56, 219, 122, 103]
R16[294, 91, 184, 388, 60, 38, 244, 142, 352, 263, 41, 239, 48, 285, 114, 206, 325, 176]
R17[138, 377, 267, 361, 23, 85, 338, 250, 245, 5, 164, 181, 37, 297, 14, 240, 259, 249, 253]
R18[369, 243, 64, 298, 221, 315, 349, 147, 290, 123, 188, 336, 90, 247, 351, 32, 131, 213, 231]
R19[293, 283, 287, 148, 332, 345, 137, 314, 153, 208, 68, 167, 299, 31, 24, 303, 20, 30, 274]
R20[374, 42, 125, 202, 350, 6, 39, 237, 347, 273, 394, 288, 305, 118, 12, 9, 127, 251]
R21[216, 17, 368, 339, 376, 183, 3, 360, 169, 225, 234, 366, 295, 94, 66, 373]
R22[51, 158, 160, 36, 55, 300, 268, 236, 398, 163, 371, 340, 196, 363, 29, 152, 280, 218, 62, 193, 211, 149, 364]
R23[18, 302, 77, 27, 260, 317, 61, 359, 223, 157, 318, 154, 258, 195, 276, 76, 215]
------------------------------------------
