 
------------------------------------------
CANTIDAD DE EJECUCIONES: 100
HEURÍSTICA DE CONSTRUCCIÓN: RandomMethod
COSTO TOTAL: 42283.87
TOTAL DE RUTAS: 23
TIEMPO DE EJECUCIÓN: 92 milisegundos
 
R1[85, 164, 356, 151, 149, 290, 155, 234, 92, 229, 157, 86, 365, 19, 238, 274, 6, 264, 325]
R2[178, 266, 201, 145, 223, 53, 216, 348, 30, 16, 341, 81, 69]
R3[258, 67, 309, 279, 203, 130, 314, 271, 40, 393, 390, 315, 29, 31, 196, 185, 103, 355, 100]
R4[125, 141, 302, 385, 62, 35, 320, 251, 291, 277, 190, 304, 71, 285, 68, 195, 358, 166]
R5[212, 207, 255, 364, 280, 219, 267, 159, 14, 63, 311, 322, 50, 23, 379, 160, 199, 41, 108, 34, 126]
R6[66, 38, 20, 398, 324, 184, 236, 45, 122, 79, 95, 117, 273, 368, 131, 150, 78]
R7[215, 74, 101, 346, 310, 148, 119, 61, 11, 359, 36, 82, 278, 110, 281, 340, 57, 106]
R8[345, 262, 88, 221, 58, 371, 301, 308, 256, 378, 193, 392, 329, 94, 56, 361]
R9[253, 209, 350, 89, 263, 142, 296, 204, 143, 112, 44, 114, 376, 107, 292, 137, 306, 214, 75]
R10[194, 26, 98, 192, 342, 312, 183, 370, 282, 182, 120, 316, 383, 331, 111, 83, 244, 132]
R11[90, 64, 261, 167, 27, 270, 76, 188, 175, 49, 7, 109, 51, 48, 227, 300, 297]
R12[252, 91, 52, 28, 260, 136, 200, 268, 115, 181, 305, 239, 205, 13, 9, 330, 12]
R13[294, 15, 152, 174, 154, 17, 339, 369, 317, 289, 217, 349, 210, 105, 173, 275, 388]
R14[360, 186, 139, 387, 269, 96, 232, 225, 293, 226, 121, 93, 326, 287, 123, 170, 323, 84]
R15[213, 265, 128, 5, 220, 362, 146, 380, 235, 187, 335, 72, 288, 124, 336, 25, 1, 33, 327, 395, 158]
R16[113, 118, 144, 134, 386, 191, 202, 337, 319, 87, 73, 65, 286, 104]
R17[176, 347, 218, 42, 147, 241, 375, 18, 257, 328, 2, 276, 245, 4, 198, 179, 24, 240]
R18[389, 230, 381, 161, 242, 55, 169, 133, 138, 47, 321, 333, 177, 135, 116, 384, 354, 303]
R19[59, 206, 372, 140, 254, 334, 366, 99, 54, 224, 299, 284, 70, 295, 77, 248, 165]
R20[80, 129, 153, 233, 391, 168, 163, 272, 367, 156, 396, 399, 397, 171, 172, 283, 21]
R21[313, 357, 32, 351, 60, 46, 208, 249, 352, 197, 400, 237, 39, 363, 43, 343, 373, 298]
R22[243, 250, 102, 222, 211, 22, 162, 3, 332, 259, 228, 377, 338, 8, 307, 394]
R23[344, 382, 37, 318, 127, 97, 247, 246, 180, 189, 374, 10, 353, 231]
------------------------------------------
