 
------------------------------------------
CANTIDAD DE EJECUCIONES: 100
HEURÍSTICA DE CONSTRUCCIÓN: HeuristicType.CMT
COSTO TOTAL: 861.31
TOTAL DE RUTAS: 6
TIEMPO DE EJECUCIÓN: 1.3715929985046387 milisegundos
 
R1[41, 56, 43, 23, 1, 64, 42, 22, 63, 33, 73]
R2[46, 26, 34, 67, 52, 46, 34, 34, 67, 8, 35, 4, 7, 75]
R3[74, 2, 21, 48, 6, 62, 2, 2, 62, 2, 28, 2]
R4[59, 14, 53, 11, 66, 58, 10, 38, 65, 38, 72]
R5[20, 70, 36, 71, 60, 71, 60, 69, 5, 57, 47]
R6[3, 18, 50, 50, 50, 25, 18, 32, 50, 50, 9, 50, 40, 44, 51, 17]
------------------------------------------
