 
------------------------------------------
CANTIDAD DE EJECUCIONES: 100
HEURÍSTICA DE CONSTRUCCIÓN: HeuristicType.CMT
COSTO TOTAL: 852.4
TOTAL DE RUTAS: 6
TIEMPO DE EJECUCIÓN: 1.374523401260376 milisegundos
 
R1[11, 38, 65, 65, 38, 66, 65, 65, 65, 65, 72, 39, 9]
R2[69, 48, 47, 21, 36, 71, 60, 71, 5, 20, 60, 37, 5, 2, 30, 28]
R3[35, 14, 14, 53, 53, 53, 12, 7, 26, 40, 46, 67]
R4[64, 42]
R5[1, 43, 22, 56, 23, 41, 73, 33, 16, 62, 18, 50, 63, 49, 49, 3, 44, 32, 51, 6]
R6[13, 15, 57, 29, 45, 52, 27, 34, 17, 34, 75, 4]
------------------------------------------
