 
------------------------------------------
CANTIDAD DE EJECUCIONES: 100
HEURÍSTICA DE CONSTRUCCIÓN: HeuristicType.CMT
COSTO TOTAL: 900.11
TOTAL DE RUTAS: 6
TIEMPO DE EJECUCIÓN: 1.39082932472229 milisegundos
 
R1[59, 14]
R2[66, 65, 11, 38, 53]
R3[18, 55, 50, 9, 39, 25, 55, 50, 32, 40, 72, 39, 58, 12, 3]
R4[5, 47, 48, 60, 37, 36, 60, 60, 60, 71, 36, 21, 29, 57, 30, 74, 61, 45]
R5[7, 35, 8, 19, 8, 34, 13, 27, 46, 52, 46, 67, 4, 75]
R6[64, 41, 42, 22, 43, 23, 56, 24, 23, 49, 28, 73, 16, 63, 62, 33, 2, 68, 51, 17, 6]
------------------------------------------
