 
------------------------------------------
CANTIDAD DE EJECUCIONES: 100
HEURÍSTICA DE CONSTRUCCIÓN: HeuristicType.CMT
COSTO TOTAL: 811.48
TOTAL DE RUTAS: 6
TIEMPO DE EJECUCIÓN: 1.442657232284546 milisegundos
 
R1[7, 35, 46, 75, 52, 8, 8, 35, 35, 34, 46, 46, 46, 35, 46, 46, 4, 75, 27, 65, 38]
R2[55, 25, 50, 18, 32, 3, 44, 49, 24, 16]
R3[74, 28, 2, 62, 2, 68, 6, 2, 33]
R4[41, 42, 43, 1, 23, 56, 64, 22, 73, 63]
R5[39, 72, 9, 31, 10, 58, 40, 12, 17, 51]
R6[69, 47, 20, 70, 70, 60, 70, 71, 60, 36, 21, 5, 29, 45, 48]
------------------------------------------
