 
------------------------------------------
CANTIDAD DE EJECUCIONES: 100
HEURÍSTICA DE CONSTRUCCIÓN: HeuristicType.CMT
COSTO TOTAL: 802.23
TOTAL DE RUTAS: 6
TIEMPO DE EJECUCIÓN: 1.3589580059051514 milisegundos
 
R1[31, 55, 25, 18, 18, 50, 18, 9, 39, 32]
R2[64, 42, 41, 43, 22, 62, 28, 73, 1, 73, 74, 61, 33, 63, 23, 49, 24]
R3[53, 14, 66, 65, 38, 11, 38, 11, 35, 7, 19]
R4[68, 6, 75, 51, 16, 51, 17, 40, 3, 44, 12, 26, 30, 4, 67]
R5[27, 8, 52, 46, 34, 46, 34, 45, 57, 15, 29]
R6[47, 69, 36, 37, 60, 70, 71, 70, 37, 5, 48]
------------------------------------------
