 
------------------------------------------
CANTIDAD DE EJECUCIONES: 100
HEURÍSTICA DE CONSTRUCCIÓN: NearestNeighborWithRLC
COSTO TOTAL: 19304.31
TOTAL DE RUTAS: 4
TIEMPO DE EJECUCIÓN: 4489 milisegundos
 
R1[5, 21, 29, 156, 240, 237, 236, 315, 2, 3, 13, 4, 6, 7, 8, 23, 1, 20, 36, 317, 312, 9, 17, 309, 10, 26, 11, 35, 232, 12, 15, 74, 67, 355, 357, 16, 75, 158, 14, 320, 347, 354, 18, 34, 299, 346, 356, 22, 24, 19, 25, 314, 319, 353, 358, 359, 352, 360, 351, 350, 349, 344, 343, 342, 348, 341, 345, 338, 339, 337, 340, 334, 336, 335, 331, 333, 329, 332, 330, 328, 327, 324, 323, 325, 321, 326, 311, 316, 28, 30, 73, 304, 310, 318, 31, 66, 65, 322, 313, 307, 27, 198, 239, 301, 306, 33, 308, 303, 302, 300, 298, 296, 295, 297, 293, 32, 113, 160, 200, 199, 235, 290, 294, 292, 305, 289, 291, 288, 286]
R2[285, 38, 287, 283, 282, 281, 284, 279, 37, 150, 39, 59, 69, 118, 120, 40, 148, 231, 278, 42, 41, 43, 61, 53, 45, 47, 48, 55, 71, 80, 44, 46, 63, 79, 110, 159, 192, 277, 49, 52, 60, 68, 54, 78, 50, 58, 56, 51, 57, 62, 76, 70, 72, 77, 64, 119, 112, 109, 101, 104, 111, 103, 102, 82, 90, 106, 151, 149, 191, 280, 276, 275, 81, 83, 85, 84, 86, 100, 87, 95, 94, 108, 92, 116, 89, 114, 152, 144, 157, 197, 269, 273, 88, 96]
R3[91, 117, 107, 143, 154, 229, 97, 142, 140, 98, 105, 134, 153, 264, 99, 115, 93, 136, 133, 131, 123, 122, 125, 128, 127, 135, 124, 121, 129, 132, 130, 146, 190, 188, 137, 138, 139, 155, 184, 189, 195, 227, 274, 272, 126, 145, 224, 230, 271, 268, 270, 141, 147, 182, 162, 163, 165, 173, 181, 176, 168, 175, 183, 174, 166, 164, 180, 161, 169, 186, 194, 178, 179, 171, 187, 177, 193, 219, 226, 267, 266, 262, 263, 261, 260, 259, 258, 265, 257, 255, 256, 253]
R4[254, 251, 250, 252, 248, 247, 246, 249, 243, 242, 245, 244, 241, 233, 234, 228, 225, 223, 238, 222, 220, 218, 216, 167, 172, 185, 170, 221, 213, 215, 212, 214, 207, 208, 211, 210, 202, 201, 209, 217, 203, 205, 204, 196, 206]
------------------------------------------
