 
------------------------------------------
HEURÍSTICA DE CONSTRUCCIÓN: RandomMethod
COSTO TOTAL: 3286.22
TOTAL DE RUTAS: 4
TIEMPO DE EJECUCIÓN: 0.06503772735595703
 
R1[80, 26, 92, 9, 54, 4, 12, 67, 32, 69, 94, 27, 96, 88, 45, 8, 61, 60, 14, 89, 3, 1, 75, 42, 87, 29, 99, 40]
R2[62, 63, 17, 6, 77, 78, 100, 21, 97, 5, 65, 38, 41, 74, 25, 81, 70, 50, 10, 79, 35, 73, 59, 86, 22, 48]
R3[66, 52, 72, 7, 46, 53, 28, 56, 18, 37, 24, 30, 43, 83, 91, 57, 33, 85, 55, 44, 39, 36, 11, 16, 49, 47, 31, 90]
R4[23, 20, 34, 84, 95, 64, 98, 2, 19, 71, 68, 51, 58, 15, 93, 13, 82, 76]
------------------------------------------
