 
------------------------------------------
HEURÍSTICA DE CONSTRUCCIÓN: RandomMethod
COSTO TOTAL: 3275.03
TOTAL DE RUTAS: 4
 
R1[64, 78, 49, 77, 3, 26, 97, 79, 2, 23, 4, 28, 96, 83, 99, 66, 42, 89, 10, 13, 93, 53, 88, 67, 50]
R2[31, 85, 71, 11, 51, 59, 81, 100, 14, 15, 27, 61, 54, 87, 76, 35, 86, 57, 38, 7, 22, 12]
R3[9, 48, 17, 32, 20, 5, 98, 58, 19, 44, 29, 8, 1, 30, 18, 37, 95, 6, 34, 63, 94, 56, 62, 73, 46, 36, 65, 33, 92, 91]
R4[52, 40, 43, 70, 72, 75, 39, 80, 24, 68, 82, 16, 45, 60, 41, 55, 21, 74, 25, 90, 69, 47, 84]
------------------------------------------
