 
------------------------------------------
HEURÍSTICA DE CONSTRUCCIÓN: RandomMethod
COSTO TOTAL: 3142.93
TOTAL DE RUTAS: 4
 
R1[71, 82, 77, 99, 34, 57, 5, 31, 42, 94, 29, 49, 68, 66, 26, 22, 73, 27, 67, 25, 80, 63, 1, 18]
R2[81, 40, 75, 74, 90, 32, 38, 85, 8, 84, 37, 86, 16, 97, 93, 89, 45, 87, 56, 44, 98, 17, 88, 46, 69, 24, 51, 36, 61, 6]
R3[13, 2, 79, 96, 60, 19, 100, 83, 55, 39, 58, 43, 76, 70, 28, 53, 23, 11, 48, 72, 4, 78, 9, 21, 59]
R4[15, 30, 91, 10, 54, 92, 47, 95, 12, 3, 50, 35, 64, 65, 7, 14, 52, 33, 41, 62, 20]
------------------------------------------
