 
------------------------------------------
HEURÍSTICA DE CONSTRUCCIÓN: RandomMethod
COSTO TOTAL: 3281.97
TOTAL DE RUTAS: 4
TIEMPO DE EJECUCIÓN: 0.0630502700805664
 
R1[84, 87, 51, 17, 21, 49, 14, 58, 41, 10, 7, 81, 64, 63, 79, 60, 38, 1, 98, 6, 44, 3, 36, 57, 22, 26, 52, 28, 88, 47]
R2[20, 91, 30, 19, 62, 53, 18, 75, 56, 48, 46, 82, 94, 16, 78, 93, 96, 83, 31, 69, 33, 25, 9, 100, 80, 66, 13]
R3[92, 55, 24, 34, 35, 89, 76, 12, 54, 77, 85, 86, 37, 8, 15, 95, 59, 40, 4, 90, 67, 68, 5, 11, 50]
R4[27, 23, 61, 32, 45, 65, 97, 29, 2, 70, 42, 43, 72, 39, 74, 73, 99, 71]
------------------------------------------
