 
------------------------------------------
HEURÍSTICA DE CONSTRUCCIÓN: RandomMethod
COSTO TOTAL: 3342.27
TOTAL DE RUTAS: 4
TIEMPO DE EJECUCIÓN: 0.06266093254089355
 
R1[13, 73, 57, 74, 23, 6, 93, 42, 3, 20, 7, 75, 86, 19, 60, 24, 81, 39, 26, 40, 97, 46, 4, 43, 68, 70, 14]
R2[96, 1, 78, 10, 22, 66, 55, 36, 69, 18, 77, 95, 72, 11, 5, 85, 47, 62, 82, 12, 25, 45, 8, 38, 89, 56]
R3[84, 2, 9, 51, 30, 90, 44, 16, 100, 31, 33, 92, 88, 21, 37, 80, 15, 83, 52, 63, 91, 65, 41, 29, 67, 61, 98, 53, 49, 32, 35]
R4[79, 94, 59, 71, 54, 87, 28, 99, 50, 34, 76, 58, 17, 64, 48, 27]
------------------------------------------
