5 100 4
200
200
200
200
 1 37 52 600
 2 49 49 300
 3 52 64 160
 4 20 26 300
 5 40 30 210
 6 21 47 150
 7 17 63 190
 8 31 62 230
 9 52 33 110
10 51 21 250 
11 42 41 188
12 31 32 29
13  5 25 23
14 12 42 21
15 36 16 10
16 52 41 15
17 27 23 30 
18 17 33 41
19 13 13 9 
20 57 58 28
21 62 42 8 
22 42 57 8 
23 16 57 16
24  8 52 10
25  7 38 28
26 27 68 7 
27 30 48 15
28 43 67 14
29 58 48 6 
30 58 27 19
31 37 69 11
32 38 46 12
33 46 10 23
34 61 33 26
35 62 63 17
36 63 69 6
37 32 22 9
38 45 35 15
39 59 15 14
40 5 6 7 
41 10 17 27
42 21 10 13
43  5 64 11
44 30 15 16
45 39 10 10
46 32 39 5
47 25 32 25
48 25 55 17
49 48 28 18
50 56 37 10
51 -29.730  64.136  2 
52 -30.664   5.463  7 
53  51.642   5.469 21 
54 -13.171  69.336 24  
55 -67.413  68.323  1 
56  48.907   6.274 17 
57   5.243  22.260  6 
58 -65.002  77.234  5 
59  -4.175  -1.569  7 
60  23.029  11.639  1 
61  25.482   6.287  4 
62 -42.615 -26.392 10  
63 -76.672  99.341  2  
64 -20.673  57.892 16 
65 -52.039   6.567 23 
66 -41.376  50.824 18 
67 -91.943  27.588  3 
68 -65.118  30.212 15 
69  18.597  96.716 13 
70 -40.942  83.209 10 
71 -37.756 -33.325  4 
72  23.767  29.083 23 
73 -43.030  20.453 20 
74 -35.297 -24.896 10 
75 -54.755  14.368  4 
76 -49.329  33.374  2 
77  57.404  23.822 23 
78 -22.754  55.408  6 
79 -56.622  73.340  8 
80 -38.562  -3.705 10 
81 -16.779  19.537  7 
82 -11.560  11.615  1 
83 -46.545  97.974 21 
84  16.229   9.320 106 
85   1.294   7.349  4 
86 -26.404  29.529 13 
87   4.352  14.685  9 
88 -50.665 -23.126 22 
89 -22.833  -9.814 22 
90 -71.100 -18.616 18 
91  -7.849  32.074 10 
92  11.877 -24.933 25 
93 -18.927 -23.730 23 
94 -11.920  11.755  4 
95  29.840  11.633  9 
96  12.268 -55.811 17 
97 -37.933 -21.613 10 
98  42.883 -2.966 17 
99  41 49 20	
100 35 17 10
101 20 20
102 30 40
103 50 30
104 60 50