 
------------------------------------------
HEURÍSTICA DE CONSTRUCCIÓN: SaveSequential
COSTO TOTAL: 6219.52
TOTAL DE RUTAS: 4
 
R1[105, 81, 88, 96, 104, 112, 120, 117, 109, 101, 93, 85, 87, 95, 103, 111, 119, 102, 110, 118, 80, 72, 64, 79, 71, 63, 55, 62, 70, 78, 360, 352, 359, 358, 350, 342, 334, 356, 348, 340, 332, 326, 335, 343, 351, 327, 324, 321, 329, 337, 345, 353, 318, 310, 302, 316, 308, 300, 292, 297, 305, 313, 278, 270, 276, 273, 265, 257, 249, 274, 266, 258, 250, 241, 252, 260, 268, 244, 242, 243, 251, 259, 267, 275, 233, 225, 217, 234, 226, 218, 210, 219, 227, 235, 193, 185, 194, 195, 187, 179, 171, 197, 189, 181, 173, 163, 170, 178, 186, 162, 165, 184, 200]
R2[22, 30, 38, 323, 322, 325, 328, 336, 344, 333, 341, 349, 357, 76, 68, 60, 54, 46, 47, 48, 56, 53, 61, 69, 77, 116, 94, 86, 84, 82, 83, 91, 99, 107, 115, 160, 152, 144, 157, 149, 141, 133, 139, 147, 155, 192, 176, 168, 167, 164, 161, 169, 177, 172, 166, 175, 183, 191, 199, 154, 146, 138, 131, 123, 125, 128, 136, 135, 143, 151, 159, 114, 106, 98, 90, 92, 100, 108, 89, 97, 113, 75, 67, 59, 51, 58, 66, 74]
R3[40, 158, 150, 142, 134, 126, 127, 124, 121, 122, 130, 137, 145, 153, 198, 190, 182, 174, 180, 188, 196, 237, 229, 221, 213, 211, 203, 202, 201, 209, 220, 228, 236, 277, 269, 261, 253, 245, 247, 246, 254, 262, 255, 248, 263, 271, 279, 314, 306, 298, 289, 281, 284, 286, 294, 295, 303, 311, 319, 354, 346, 338, 330, 331, 339, 347, 355, 73, 65, 57, 52, 44, 41, 42, 45, 43, 50, 49, 320, 312, 304, 296, 287, 317]
R4[5, 2, 3, 11, 13, 8, 7, 6, 14, 15, 23, 31, 39, 16, 24, 32, 21, 29, 37, 156, 148, 140, 132, 129, 19, 27, 35, 240, 232, 224, 216, 205, 208, 207, 204, 212, 206, 214, 222, 230, 256, 264, 272, 280, 238, 315, 307, 299, 290, 282, 283, 285, 288, 293, 291, 301, 309, 36, 28, 20, 33, 25, 17, 215, 223, 231, 239, 34, 26, 18, 10, 9, 1, 12, 4]
------------------------------------------
