 
------------------------------------------
HEURÍSTICA DE CONSTRUCCIÓN: SaveSequential
COSTO TOTAL: 6233.69
TOTAL DE RUTAS: 4
 
R1[133, 141, 149, 157, 144, 152, 160, 115, 107, 99, 91, 83, 85, 93, 101, 109, 117, 120, 112, 104, 96, 119, 111, 103, 95, 88, 87, 86, 94, 102, 110, 118, 80, 72, 64, 79, 71, 63, 55, 62, 70, 78, 360, 352, 359, 358, 350, 342, 334, 356, 348, 340, 332, 326, 335, 343, 351, 327, 324, 321, 329, 337, 345, 353, 318, 310, 302, 316, 308, 300, 292, 297, 305, 313, 278, 270, 276, 273, 265, 257, 249, 274, 266, 258, 250, 241, 252, 260, 268, 244, 242, 243, 251, 259, 267, 275, 233, 225, 217, 234, 226, 218, 210, 219, 227, 235, 193, 185, 194, 195, 187, 179, 171, 197, 189, 181, 173]
R2[188, 180, 164, 161, 169, 196, 237, 229, 221, 213, 208, 205, 203, 211, 177, 186, 178, 170, 163, 162, 165, 168, 176, 184, 192, 200, 155, 147, 139, 131, 123, 125, 128, 136, 135, 143, 151, 159, 114, 106, 98, 90, 82, 84, 92, 81, 100, 108, 116, 77, 69, 61, 56, 48, 47, 46, 54, 344, 336, 328, 325, 322, 330, 323, 333, 341, 349, 357, 76, 68, 60, 52, 44, 41]
R3[145, 137, 129, 121, 126, 127, 132, 140, 124, 122, 130, 138, 146, 154, 199, 191, 183, 175, 167, 166, 172, 174, 182, 190, 198, 153, 240, 232, 224, 216, 202, 201, 209, 212, 220, 228, 236, 277, 269, 261, 253, 245, 247, 246, 254, 262, 255, 248, 263, 271, 279, 314, 306, 298, 289, 281, 284, 286, 294, 295, 303, 311, 319, 354, 346, 338, 331, 339, 347, 355, 73, 65, 57, 49, 42, 45, 53, 43, 51, 59, 67, 89, 97, 105, 113]
R4[5, 7, 15, 8, 16, 13, 3, 11, 19, 27, 35, 21, 29, 37, 156, 148, 134, 142, 150, 158, 75, 40, 32, 24, 50, 58, 66, 74, 39, 31, 23, 38, 320, 312, 304, 296, 287, 288, 285, 282, 290, 283, 291, 299, 307, 256, 264, 272, 280, 238, 230, 222, 214, 204, 206, 207, 215, 223, 231, 239, 34, 26, 18, 33, 315, 25, 17, 293, 301, 309, 317, 36, 28, 20, 30, 22, 14, 6, 12, 9, 1, 10, 2, 4]
------------------------------------------
