 
------------------------------------------
CANTIDAD DE EJECUCIONES: 100
HEURÍSTICA DE CONSTRUCCIÓN: HeuristicType.SaveSequential
COSTO TOTAL: 6148.88
TOTAL DE RUTAS: 4
TIEMPO DE EJECUCIÓN: 91.78505492210388 milisegundos
 
R1[25, 33, 241, 249, 257, 265, 273, 274, 266, 258, 250, 242, 244, 252, 260, 268, 276, 262, 270, 278, 313, 305, 297, 316, 308, 300, 292, 302, 310, 318, 353, 345, 356, 358, 350, 342, 334, 359, 351, 343, 335, 326, 332, 340, 348, 324, 327, 328, 336, 344, 352, 360, 78, 70, 62, 79, 71, 63, 55, 64, 72, 80, 118, 110, 119, 120, 112, 104, 96, 117, 109, 101, 93, 88, 95, 103, 111, 87, 85, 83, 91, 99, 107, 115, 160, 152, 144, 157, 149, 141, 133, 139, 147, 155, 200, 192, 197, 195, 187, 179, 171, 194, 186, 178, 170, 163, 173, 181, 189, 165, 162, 161, 177]
R2[68, 76, 357, 349, 341, 331, 319, 354, 346, 338, 330, 323, 333, 325, 322, 321, 329, 337, 311, 303, 294, 286, 284, 281, 289, 290, 298, 306, 314, 279, 254, 246, 247, 245, 243, 251, 259, 267, 275, 233, 225, 217, 234, 226, 218, 210, 219, 227, 235, 193, 185, 169, 164, 167, 168, 176, 184, 175, 166, 172, 180, 188, 196, 237, 229, 221, 211, 203, 202, 201, 209, 212, 220, 228, 236, 277, 269, 261, 253, 248, 255, 263, 271, 256, 264, 272, 280]
R3[29, 37, 156, 148, 140, 132, 158, 150, 142, 134, 126, 135, 127, 124, 121, 122, 129, 137, 145, 153, 198, 190, 182, 174, 183, 191, 199, 154, 146, 138, 130, 131, 123, 125, 128, 136, 143, 151, 159, 114, 106, 98, 90, 81, 82, 84, 86, 94, 102, 92, 100, 108, 116, 77, 69, 61, 56, 48, 47, 46, 54, 52, 60, 44, 41, 42, 45, 53, 43, 51, 59, 67, 89, 97, 105, 113, 75, 40, 32, 24, 50, 49, 57, 65]
R4[2, 3, 5, 8, 7, 6, 14, 15, 23, 31, 39, 74, 66, 58, 16, 13, 21, 11, 10, 18, 26, 34, 239, 231, 223, 215, 216, 19, 27, 35, 240, 232, 224, 213, 205, 208, 207, 204, 206, 214, 222, 230, 238, 315, 307, 299, 291, 282, 283, 285, 287, 295, 288, 296, 304, 312, 339, 347, 355, 73, 320, 38, 30, 22, 293, 301, 309, 317, 36, 28, 20, 17, 9, 1, 12, 4]
------------------------------------------
