 
------------------------------------------
HEURÍSTICA DE CONSTRUCCIÓN: SaveSequential
COSTO TOTAL: 6145.42
TOTAL DE RUTAS: 4
 
R1[16, 24, 32, 40, 81, 88, 96, 104, 112, 120, 117, 109, 101, 93, 85, 87, 95, 103, 111, 119, 102, 110, 118, 80, 72, 64, 79, 71, 63, 55, 62, 70, 78, 360, 352, 359, 358, 350, 342, 334, 356, 348, 340, 332, 326, 335, 343, 351, 327, 324, 321, 329, 337, 345, 353, 318, 310, 302, 316, 308, 300, 292, 297, 305, 313, 278, 270, 276, 273, 265, 257, 249, 274, 266, 258, 250, 241, 252, 260, 268, 244, 242, 243, 251, 259, 267, 275, 233, 225, 217, 234, 226, 218, 210, 219, 227, 235, 193, 185, 194, 195, 187, 179, 171, 197, 189, 181, 173, 163, 170, 178, 186, 162, 177]
R2[57, 52, 60, 68, 76, 357, 349, 341, 333, 323, 330, 322, 325, 328, 336, 344, 54, 46, 47, 48, 56, 61, 69, 77, 116, 108, 100, 92, 94, 86, 84, 82, 83, 91, 99, 107, 115, 160, 152, 144, 157, 149, 141, 133, 139, 147, 155, 200, 192, 184, 176, 168, 165, 167, 164, 161, 169, 172, 166, 175, 183, 191, 199, 154, 146, 138, 131, 123, 125, 128, 136, 135, 143, 151, 159, 114, 106, 98, 90, 89, 97, 105, 113, 75, 158]
R3[66, 58, 50, 67, 59, 51, 43, 53, 45, 42, 41, 44, 49, 65, 73, 355, 347, 339, 331, 338, 346, 354, 319, 311, 303, 295, 294, 286, 284, 281, 289, 298, 306, 314, 279, 271, 263, 248, 255, 262, 254, 246, 247, 245, 253, 261, 269, 277, 236, 228, 220, 209, 201, 202, 203, 211, 213, 221, 229, 237, 196, 188, 180, 174, 182, 190, 198, 153, 145, 137, 130, 122, 121, 124, 127, 126, 134, 142, 150, 132, 129, 140, 148]
R4[4, 2, 3, 13, 21, 29, 37, 156, 11, 10, 1, 9, 12, 20, 28, 36, 317, 309, 301, 293, 17, 25, 315, 33, 18, 26, 34, 239, 231, 223, 214, 215, 19, 27, 35, 240, 232, 224, 216, 208, 205, 207, 206, 204, 212, 222, 230, 238, 280, 272, 264, 256, 307, 299, 291, 283, 290, 282, 285, 288, 287, 296, 304, 312, 320, 38, 39, 74, 31, 23, 30, 22, 14, 6, 15, 7, 8, 5]
------------------------------------------
