 
------------------------------------------
CANTIDAD DE EJECUCIONES: 100
HEURÍSTICA DE CONSTRUCCIÓN: HeuristicType.SaveSequential
COSTO TOTAL: 6337.83
TOTAL DE RUTAS: 4
TIEMPO DE EJECUCIÓN: 46.115649700164795 milisegundos
 
R1[292, 300, 308, 316, 302, 310, 318, 353, 345, 337, 329, 321, 332, 340, 348, 356, 358, 350, 342, 334, 359, 351, 343, 335, 326, 324, 327, 328, 336, 344, 352, 360, 78, 70, 62, 79, 71, 63, 55, 64, 72, 80, 118, 110, 119, 120, 112, 104, 96, 117, 109, 101, 93, 88, 95, 103, 111, 87, 85, 83, 91, 99, 107, 115, 160, 152, 144, 157, 149, 141, 133, 139, 147, 155, 200, 192, 197, 195, 187, 179, 171, 194, 186, 178, 170, 163, 173, 181, 189, 165, 162, 161, 169, 177, 185, 193, 235, 227, 219, 234, 226, 218, 210, 217, 225, 233, 275, 267, 274, 273, 265, 257, 249, 276, 268, 260, 252]
R2[295, 294, 286, 284, 281, 289, 297, 305, 313, 278, 270, 262, 254, 246, 244, 241, 250, 258, 266, 242, 243, 251, 259, 245, 247, 255, 248, 253, 261, 269, 277, 236, 228, 220, 209, 201, 202, 203, 211, 213, 221, 229, 237, 196, 188, 180, 172, 164, 167, 168, 176, 184, 175, 166, 183, 191, 199, 154, 146, 138, 131, 123, 125, 128, 136, 135, 143, 151, 159, 114, 106, 98, 90, 82, 94]
R3[137, 145, 153, 198, 190, 182, 174, 232, 224, 216, 208, 205, 207, 206, 204, 212, 222, 230, 238, 280, 272, 264, 256, 263, 271, 279, 314, 306, 298, 290, 282, 285, 288, 287, 303, 311, 319, 354, 346, 338, 330, 331, 347, 323, 322, 325, 333, 341, 349, 357, 76, 68, 60, 54, 46, 47, 48, 56, 102, 86, 84, 92, 81, 100, 108, 116, 77, 69, 61, 53, 45, 43, 42, 44, 52, 41, 49, 57, 65, 339, 355, 73, 320, 312, 38]
R4[7, 15, 8, 16, 24, 32, 13, 3, 11, 10, 1, 9, 17, 25, 20, 28, 36, 317, 309, 301, 304, 296, 293, 283, 291, 299, 307, 315, 33, 18, 26, 34, 239, 231, 223, 214, 215, 19, 27, 240, 35, 21, 29, 37, 156, 148, 140, 132, 129, 121, 130, 122, 124, 126, 127, 134, 142, 150, 158, 40, 89, 97, 105, 113, 75, 67, 59, 51, 50, 58, 66, 74, 39, 31, 23, 30, 22, 14, 6, 12, 4, 2, 5]
------------------------------------------
