 
------------------------------------------
CANTIDAD DE EJECUCIONES: 100
HEURÍSTICA DE CONSTRUCCIÓN: CMT
COSTO TOTAL: 1443.9
TOTAL DE RUTAS: 13
TIEMPO DE EJECUCIÓN: 433 milisegundos
 
R1[96, 99, 100, 97, 95, 93, 94]
R2[79, 77, 76, 71, 70, 73, 80, 78, 81]
R3[29, 34, 36, 37, 38, 39, 33]
R4[50, 51, 48, 45, 56, 58, 60, 59, 53]
R5[28, 26, 30, 32, 35, 31, 27, 25]
R6[15, 16, 14, 19, 12]
R7[23, 22, 21, 20, 52, 49, 47, 46, 24, 43, 44]
R8[13, 17, 18, 11, 10, 8, 9, 6, 4]
R9[86, 92, 55, 54, 57, 40, 42]
R10[63, 82, 83, 87, 84, 67, 65, 90]
R11[69, 68, 64, 61, 72, 66, 62, 74, 41]
R12[3, 2, 1, 98, 7]
R13[5, 91, 89, 85, 88, 75]
------------------------------------------
