 
------------------------------------------
CANTIDAD DE EJECUCIONES: 100
HEURÍSTICA DE CONSTRUCCIÓN: CMT
COSTO TOTAL: 1491.12
TOTAL DE RUTAS: 13
TIEMPO DE EJECUCIÓN: 429 milisegundos
 
R1[76, 78, 77, 71, 70, 73, 79, 80, 81]
R2[89, 87, 82, 83, 86, 84, 85, 88]
R3[18, 19, 16, 14, 15, 17]
R4[34, 36, 39, 38, 37, 33, 35]
R5[22, 21, 20, 23]
R6[47, 43, 41, 40, 42, 44, 46, 57, 55]
R7[52, 49, 50, 45, 48, 51, 31, 60, 58, 59]
R8[25, 24, 27, 29, 30, 28, 26, 32]
R9[65, 66, 68, 62, 61, 72, 64, 53, 54, 69]
R10[75, 56, 93, 92, 94, 12, 96]
R11[98, 95, 97, 99, 100, 91, 90]
R12[3, 6, 4, 1, 2, 9, 8, 11, 13]
R13[5, 74, 63, 67, 7, 10]
------------------------------------------
