 
------------------------------------------
CANTIDAD DE EJECUCIONES: 100
HEURÍSTICA DE CONSTRUCCIÓN: CMT
COSTO TOTAL: 1430.14
TOTAL DE RUTAS: 14
TIEMPO DE EJECUCIÓN: 458 milisegundos
 
R1[64, 61, 72, 74, 62, 66, 68, 69, 65, 67]
R2[39, 36, 34]
R3[54, 53, 56, 58, 60, 55]
R4[80, 73, 70, 71, 76, 77, 79, 78, 81]
R5[28, 26, 30, 29, 27, 25, 24, 22, 23, 20]
R6[38, 37, 35, 33, 32, 31]
R7[8, 10, 9, 11, 6, 12, 14, 16, 4]
R8[48, 51, 50]
R9[86, 84, 83, 82, 85, 87, 88, 89]
R10[47, 21, 13, 17, 15, 19, 7]
R11[45, 96, 100, 97, 94, 92, 93, 99]
R12[40, 59, 57, 44, 46, 42, 41, 43, 49]
R13[1, 2, 95, 98, 91, 90, 75]
R14[3, 18, 52, 63, 5]
------------------------------------------
