 
------------------------------------------
CANTIDAD DE EJECUCIONES: 100
HEURÍSTICA DE CONSTRUCCIÓN: CMT
COSTO TOTAL: 1404.04
TOTAL DE RUTAS: 13
TIEMPO DE EJECUCIÓN: 436 milisegundos
 
R1[88, 89, 91, 90, 95, 94, 93, 96]
R2[53, 56, 58, 60, 54, 55]
R3[78, 76, 71, 70, 73, 79, 77, 80, 81]
R4[29, 34, 36, 37, 38, 39, 33]
R5[61, 72, 64, 68, 57, 74]
R6[4, 3, 6, 2, 1, 75, 5, 9, 11, 7]
R7[66, 62, 63, 65, 67, 69]
R8[84, 87, 86, 83, 82, 85, 92, 98]
R9[42, 44, 46, 45, 48, 51, 47, 43, 40, 59, 41, 50]
R10[25, 97, 100, 99, 14, 16]
R11[21, 22, 20, 49, 52, 31, 27, 32, 35, 24]
R12[10, 12, 15, 19, 18, 17, 13]
R13[26, 8, 30, 23, 28]
------------------------------------------
