 
------------------------------------------
CANTIDAD DE EJECUCIONES: 20
HEURÍSTICA DE CONSTRUCCIÓN: HeuristicType.MatchingBasedSavingAlgorithm
COSTO TOTAL: 1235.8
TOTAL DE RUTAS: 3
TIEMPO DE EJECUCIÓN: 3.5650932788848877 milisegundos
 
R1[40, 17, 38, 6, 67, 7, 26, 35, 75, 6, 42, 33, 26, 14, 11, 66, 65, 10, 72, 58, 51, 10, 12]
R2[9, 62, 74, 37, 47, 36, 70, 37, 20, 47, 60, 69, 71, 21, 23, 28, 16, 63, 55, 18, 3, 61, 22, 49, 49, 49, 25, 44, 32, 31]
R3[1, 39, 4, 52, 8, 57, 45, 46, 34, 27, 13, 52, 15, 29, 30, 2, 73, 41, 43, 41, 68, 2]
------------------------------------------
