 
------------------------------------------
CANTIDAD DE EJECUCIONES: 20
HEURÍSTICA DE CONSTRUCCIÓN: HeuristicType.MatchingBasedSavingAlgorithm
COSTO TOTAL: 1213.88
TOTAL DE RUTAS: 3
TIEMPO DE EJECUCIÓN: 3.5223281383514404 milisegundos
 
R1[9, 21, 36, 5, 47, 20, 37, 70, 37, 60, 69, 71, 28, 61, 63, 49, 24, 55, 18, 25, 50, 31, 32, 44, 16, 3, 62, 74, 23, 22]
R2[35, 6, 26, 11, 14, 7, 59, 67, 26, 67, 33, 6, 26, 58, 51, 10, 12, 10, 72]
R3[1, 39, 40, 17, 38, 4, 4, 2, 30, 48, 57, 4, 43, 41, 73, 4, 29, 15, 29, 46, 8, 19, 8, 54, 52, 4]
------------------------------------------
