 
------------------------------------------
CANTIDAD DE EJECUCIONES: 20
HEURÍSTICA DE CONSTRUCCIÓN: HeuristicType.MatchingBasedSavingAlgorithm
COSTO TOTAL: 1216.11
TOTAL DE RUTAS: 3
TIEMPO DE EJECUCIÓN: 3.716423511505127 milisegundos
 
R1[33, 30, 14, 29, 27, 45, 68, 4, 34, 8, 35, 2, 13, 54, 19, 8, 46, 67, 75, 73, 41, 43, 68, 57, 66]
R2[9, 3, 16, 63, 24, 18, 63, 49, 22, 63, 63, 49, 44, 32, 15, 47, 20, 37, 70, 69, 60, 71, 69, 36, 48, 5, 28, 21, 56, 62, 74]
R3[1, 7, 11, 26, 12, 26, 6, 17, 6, 26, 51, 39, 31, 40, 72, 10, 58, 10, 65]
------------------------------------------
