 
------------------------------------------
HEURÍSTICA DE CONSTRUCCIÓN: KilbyAlgorithm
COSTO TOTAL: 1265.13
TOTAL DE RUTAS: 9
TIEMPO DE EJECUCIÓN: 5.56012225151062
 
R1[3, 17, 51, 44, 40, 12, 32, 9, 49, 39, 72, 50, 24, 18]
R2[1, 33, 73, 62, 61, 56, 41, 42, 23, 22, 28, 63, 16, 43, 28]
R3[7, 26, 53, 31, 66, 65, 11, 10, 58, 38, 10]
R4[2, 68, 64, 70, 60]
R5[4]
R6[5, 27, 30, 48, 45, 29, 45, 74, 15, 37, 13, 21, 57, 36, 69, 71]
R7[6]
R8[8, 67, 59, 14, 54, 19, 35, 46, 34, 52, 35]
R9[75]
------------------------------------------
