 
------------------------------------------
HEURÍSTICA DE CONSTRUCCIÓN: KilbyAlgorithm
COSTO TOTAL: 1264.67
TOTAL DE RUTAS: 9
TIEMPO DE EJECUCIÓN: 5.415195465087891
 
R1[3, 17, 51, 44, 40, 12, 72, 39, 49, 9, 32, 50, 24, 18]
R2[1, 33, 73, 62, 63, 16, 43, 28, 22, 23, 56, 41, 42, 61, 25]
R3[7, 26, 53, 58, 38, 10, 31, 66, 65, 11, 65]
R4[2, 68, 64, 70, 60]
R5[4]
R6[5, 29, 45, 48, 30, 27, 47, 74, 21, 13, 37, 15, 57, 36, 69, 71]
R7[6]
R8[8, 19, 35, 52, 34, 67, 46, 34, 14, 59, 20]
R9[75]
------------------------------------------
