 
------------------------------------------
CANTIDAD DE EJECUCIONES: 100
HEURÍSTICA DE CONSTRUCCIÓN: CMT
COSTO TOTAL: 1997.14
TOTAL DE RUTAS: 16
TIEMPO DE EJECUCIÓN: 760 milisegundos
 
R1[58, 53, 105, 21, 74, 73, 40, 13, 133]
R2[11, 49, 36, 143, 64, 107, 19, 47, 123]
R3[87, 142, 43, 15, 145, 2, 115, 144, 42, 57, 41, 14, 38]
R4[130, 55, 25, 39, 67, 23, 139, 4, 110]
R5[10, 108, 63, 126, 90, 32, 70, 101, 62]
R6[20, 66, 128, 131, 30, 136, 35, 65, 71, 103]
R7[88, 127, 31, 148, 7, 48, 106, 124, 82]
R8[109, 149, 72, 26, 56, 75, 22, 138, 12]
R9[80, 150, 134, 54, 24, 29, 121, 68, 116, 77]
R10[102, 33, 81, 120, 34, 135, 9, 78]
R11[6, 86, 140, 44, 122, 3, 79, 129, 51, 46, 113, 17, 91]
R12[114, 8, 125, 45, 84, 83]
R13[89, 52, 69, 146, 27, 132, 1, 50, 111, 76, 28, 18, 60]
R14[119, 141, 61, 16, 5, 118, 137, 117, 92]
R15[95, 97, 98, 37, 100, 85, 59, 104]
R16[112, 94, 96, 93, 99, 147]
------------------------------------------
