 
------------------------------------------
CANTIDAD DE EJECUCIONES: 100
HEURÍSTICA DE CONSTRUCCIÓN: RandomMethod
COSTO TOTAL: 5064.69
TOTAL DE RUTAS: 11
TIEMPO DE EJECUCIÓN: 72 milisegundos
 
R1[35, 150, 88, 78, 34, 28, 42, 137, 92, 91, 147, 54]
R2[48, 85, 120, 145, 17, 89, 36, 32, 139, 58, 83, 126, 123, 119, 124]
R3[52, 61, 76, 7, 107, 31, 122, 71, 95, 125, 97, 44, 127, 82, 74, 93]
R4[144, 105, 10, 9, 128, 62, 65, 72, 146, 5, 79, 103, 104]
R5[118, 57, 112, 142, 13, 55, 131, 63, 11]
R6[16, 98, 20, 37, 110, 18, 99, 86, 111, 84, 56, 15, 49, 53, 43, 106, 51, 114, 69]
R7[40, 108, 75, 100, 38, 117, 113, 134, 133, 47, 148, 80, 33]
R8[68, 149, 25, 135, 4, 94, 14]
R9[26, 130, 136, 138, 12, 116, 22, 67, 29, 64, 66, 59, 77, 21, 24]
R10[23, 30, 70, 27, 140, 73, 129, 1, 8, 19, 39, 81, 46, 87, 50, 41, 115]
R11[102, 121, 141, 101, 96, 90, 3, 2, 132, 6, 109, 60, 45, 143]
------------------------------------------
