 
------------------------------------------
CANTIDAD DE EJECUCIONES: 100
HEURÍSTICA DE CONSTRUCCIÓN: RandomMethod
COSTO TOTAL: 5168.93
TOTAL DE RUTAS: 10
TIEMPO DE EJECUCIÓN: 61 milisegundos
 
R1[77, 138, 15, 98, 100, 92, 70, 17, 89, 104, 119, 4, 35, 20]
R2[95, 93, 68, 150, 32, 82, 56, 118, 62, 88, 107]
R3[48, 65, 42, 11, 90, 71, 131, 66, 96, 111, 19, 16, 106, 130, 79]
R4[52, 91, 137, 25, 34, 124, 3, 40, 50, 55, 43, 33, 122, 9, 114, 47, 78, 102, 74, 142, 46, 139]
R5[103, 60, 128, 69, 27, 1, 108, 141, 126, 61, 123, 18, 72, 105, 30, 29, 41]
R6[64, 23, 21, 75, 57, 97, 76, 109, 144, 51, 133, 67, 83, 45, 140, 24]
R7[85, 143, 127, 10, 37, 80, 135, 36, 38, 121, 63, 101, 7, 53, 112, 134, 2]
R8[94, 117, 147, 86, 5, 146, 125, 8, 26, 116, 13, 132, 73, 145]
R9[39, 49, 12, 59, 87, 6, 58, 110, 148, 31, 44, 129]
R10[81, 149, 54, 22, 113, 84, 120, 28, 14, 115, 136, 99]
------------------------------------------
