 
------------------------------------------
CANTIDAD DE EJECUCIONES: 100
HEURÍSTICA DE CONSTRUCCIÓN: RandomMethod
COSTO TOTAL: 5150.35
TOTAL DE RUTAS: 11
TIEMPO DE EJECUCIÓN: 58 milisegundos
 
R1[19, 110, 140, 44, 84, 139, 30, 70, 31, 104, 13, 80, 92, 97, 42, 145, 73, 101, 21, 57, 75, 25]
R2[126, 132, 50, 59, 122, 23, 81, 8, 106]
R3[94, 43, 7, 100, 5, 34, 150, 60, 46, 119, 128, 85, 56, 121, 69, 26, 9, 61]
R4[66, 133, 113, 118, 83, 2, 11, 98, 149, 111, 6, 102, 79]
R5[39, 109, 87, 10, 54, 123, 51, 116, 136, 53, 64, 67, 95, 127, 124]
R6[22, 47, 103, 117, 48, 49, 135]
R7[147, 18, 82, 137, 143, 36, 52, 114, 40, 131, 65]
R8[1, 33, 90, 14, 96, 62, 99, 115, 55, 15, 142, 77, 72, 41, 71, 12, 91, 16, 58, 27]
R9[28, 125, 89, 38, 4, 20, 17, 88, 63, 148, 35, 68, 29, 130, 146, 74]
R10[134, 24, 108, 138, 141, 3, 32, 93, 76, 37, 144, 105, 78, 129]
R11[86, 112, 45, 107, 120]
------------------------------------------
