 
------------------------------------------
CANTIDAD DE EJECUCIONES: 100
HEURÍSTICA DE CONSTRUCCIÓN: NearestNeighborWithRLC
COSTO TOTAL: 3299.86
TOTAL DE RUTAS: 13
TIEMPO DE EJECUCIÓN: 618 milisegundos
 
R1[150, 134, 130, 139, 149, 146, 148, 132, 69]
R2[147, 144, 145, 142, 119, 140, 141, 137, 117, 138, 116]
R3[77, 3, 135, 136, 1, 128, 129, 131, 2, 4, 5]
R4[125, 118, 104, 114, 8, 124, 123, 143, 6]
R5[133, 7, 107, 127, 122, 108, 10, 101, 120]
R6[126, 112, 111, 76, 102, 121, 109, 9, 110, 115]
R7[105, 53, 58, 99, 106, 96, 98, 97, 95, 94, 100, 92, 113, 91, 89, 88, 82, 84]
R8[11, 12, 93, 14, 44, 87, 57, 73, 85, 86, 16, 83, 90]
R9[81, 13, 75, 74, 79, 103, 71, 78, 72, 56, 80, 70, 68, 67, 55]
R10[54, 59, 60, 61, 45, 17, 52, 62, 63, 64]
R11[49, 36, 48, 19, 18, 51, 33, 50, 31, 32, 66, 65, 40, 21]
R12[22, 41, 15, 23, 25, 24, 34, 20, 30, 27, 26]
R13[43, 42, 29, 39, 35, 37, 38, 46, 28, 47]
------------------------------------------
