 
------------------------------------------
CANTIDAD DE EJECUCIONES: 100
HEURÍSTICA DE CONSTRUCCIÓN: CMT
COSTO TOTAL: 1953.29
TOTAL DE RUTAS: 17
TIEMPO DE EJECUCIÓN: 775 milisegundos
 
R1[52, 146, 27, 28, 148, 88, 127, 7]
R2[100, 141, 44, 119, 38, 140, 86, 91, 16]
R3[36, 143, 49, 64, 107, 11, 19, 47, 123]
R4[114, 8, 45, 17, 125, 46, 124, 48, 82, 84]
R5[97, 87, 115, 145, 41, 43, 42, 142, 15, 57, 144, 14, 37, 92]
R6[101, 31, 69, 132, 111, 70, 1, 10, 62, 108]
R7[18, 106, 83, 60, 118]
R8[20, 66, 128, 32, 131, 126, 63, 90, 30, 65, 136]
R9[33, 81, 9, 120, 78, 34, 35, 135, 71, 129, 24, 55]
R10[6, 25, 39, 67, 103, 29, 121, 139, 23, 56, 117]
R11[150, 80, 68, 116, 77, 3, 79, 51, 50, 122]
R12[110, 133, 22, 74, 75, 4, 72, 73, 21]
R13[104, 99, 93, 85, 113, 61, 98, 96]
R14[112, 89, 147, 94, 5, 59]
R15[149, 54, 130, 134, 102, 95, 2, 137]
R16[13, 138, 76, 12, 109, 26, 40, 58, 105]
R17[53]
------------------------------------------
