 
------------------------------------------
CANTIDAD DE EJECUCIONES: 100
HEURÍSTICA DE CONSTRUCCIÓN: CMT
COSTO TOTAL: 2008.57
TOTAL DE RUTAS: 16
TIEMPO DE EJECUCIÓN: 773 milisegundos
 
R1[104, 99, 96, 6, 37, 98, 93, 95, 92, 97, 59, 91, 89]
R2[128, 20, 66, 65, 136, 51, 122, 30, 103, 71, 70]
R3[67, 39, 139, 25, 55, 75, 23, 56, 4]
R4[58, 73, 2, 137, 13, 112, 40, 53, 74, 133]
R5[79, 129, 78, 34, 35, 135, 120, 9, 81, 29]
R6[116, 68, 80, 150, 54, 134, 24, 109, 130, 110]
R7[63, 64, 49, 143, 11, 126, 107, 19, 123, 62]
R8[14, 119, 44, 140, 38, 41, 42, 142, 15, 43, 57, 145, 22, 117]
R9[125, 45, 46, 8, 36, 47, 124, 48, 82]
R10[90, 32, 131, 108, 10, 101, 102, 1, 33, 50]
R11[84, 121, 3, 77, 76, 12, 149, 21, 72, 7, 148]
R12[52, 127, 88, 31, 69, 27, 106, 18, 111, 146, 132]
R13[61, 17, 113, 86, 16, 5, 83, 114]
R14[144, 141, 100, 85, 118, 60]
R15[28, 147, 94, 87, 115, 26, 138]
R16[105]
------------------------------------------
