 
------------------------------------------
CANTIDAD DE EJECUCIONES: 100
HEURÍSTICA DE CONSTRUCCIÓN: CMT
COSTO TOTAL: 1988.12
TOTAL DE RUTAS: 16
TIEMPO DE EJECUCIÓN: 759 milisegundos
 
R1[129, 116, 29, 50, 102, 77, 3, 79, 78, 121, 76]
R2[120, 9, 71, 136, 65, 135, 35, 103, 51, 34]
R3[85, 141, 91, 16, 44, 38, 140, 119, 17]
R4[93, 100, 86, 113, 61, 84, 98, 37, 92]
R5[15, 43, 142, 42, 144, 57, 41, 145, 115, 2, 14]
R6[139, 23, 67, 39, 56, 75, 133, 55]
R7[134, 80, 150, 24, 25, 54, 130, 4, 68, 110]
R8[124, 47, 46, 36, 143, 49, 19, 48, 64]
R9[96, 87, 117, 95, 97, 59, 104, 99, 5, 60, 6]
R10[27, 66, 131, 128, 107, 11, 126, 63, 32, 90, 20]
R11[70, 81, 33, 30, 1, 122, 101, 69, 132, 127, 52]
R12[26, 105, 109, 12, 111, 28, 138, 149, 53]
R13[73, 22, 74, 72, 21, 40, 137, 58, 13]
R14[10, 114, 8, 45, 125, 83, 118, 7]
R15[146, 31, 62, 108, 88, 148, 123, 106, 82]
R16[112, 18, 94, 147, 89]
------------------------------------------
