 
------------------------------------------
CANTIDAD DE EJECUCIONES: 100
HEURÍSTICA DE CONSTRUCCIÓN: NearestNeighborWithRLC
COSTO TOTAL: 3477.09
TOTAL DE RUTAS: 10
TIEMPO DE EJECUCIÓN: 559 milisegundos
 
R1[149, 138, 146, 148, 150, 139, 147, 145, 133, 144, 87, 142, 119, 141, 143]
R2[132, 127, 131, 136, 129, 79, 135, 128, 1, 122, 134]
R3[3, 130, 55, 137, 117, 140, 118, 60, 125, 124, 123, 126, 121, 120, 112, 111, 110]
R4[115, 109, 105, 116, 103, 108, 2, 4, 104, 99, 98]
R5[100, 114, 84, 6, 106, 7, 107, 101, 90, 70, 89, 96, 113, 86, 97, 5, 95]
R6[94, 102, 9, 81, 80, 92, 93, 8, 88, 62, 83, 91, 10, 82, 69, 77, 76]
R7[50, 71, 78, 75, 85, 61, 74, 72, 73, 68, 58, 53, 59, 52]
R8[31, 63, 32, 12, 67, 13, 40, 57, 15, 43, 56, 54, 51, 65, 66]
R9[49, 11, 47, 64, 46, 36, 19, 45, 18, 37, 44, 16, 14, 17, 21, 41, 48]
R10[30, 20, 34, 35, 39, 23, 22, 26, 27, 24, 29, 25, 33, 42, 28, 38]
------------------------------------------
