 
------------------------------------------
CANTIDAD DE EJECUCIONES: 100
HEURÍSTICA DE CONSTRUCCIÓN: CMT
COSTO TOTAL: 2009.67
TOTAL DE RUTAS: 16
TIEMPO DE EJECUCIÓN: 743 milisegundos
 
R1[51, 103, 9, 20, 128, 66, 65, 136, 71, 131, 35]
R2[109, 12, 150, 80, 138, 28, 26, 149]
R3[83, 5, 84, 17, 45, 125, 46, 114, 8, 60, 113, 6]
R4[3, 68, 121, 29, 77, 116, 78, 129, 79, 34]
R5[54, 134, 24, 130, 55, 25, 4, 139, 67]
R6[21, 110, 39, 56, 75, 72, 73, 74, 23, 41]
R7[127, 31, 10, 90, 63, 126, 108, 101, 69, 62, 148]
R8[142, 42, 38, 140, 14, 44, 119, 43, 15, 57, 100, 91, 144, 92, 117]
R9[102, 120, 135, 81, 33, 76, 50, 122]
R10[52, 64, 49, 143, 36, 86, 133, 22, 145]
R11[47, 124, 48, 123, 19, 107, 11]
R12[93, 61, 16, 141, 104, 99, 85, 98]
R13[7, 82, 32, 30, 70, 88, 106, 18, 1, 132, 146, 27]
R14[2, 111, 89, 118, 96, 59, 37, 97, 40]
R15[53, 115, 87, 137, 147, 94, 95, 58]
R16[112, 13, 105]
------------------------------------------
