 
------------------------------------------
CANTIDAD DE EJECUCIONES: 100
HEURÍSTICA DE CONSTRUCCIÓN: RandomMethod
COSTO TOTAL: 5125.35
TOTAL DE RUTAS: 10
TIEMPO DE EJECUCIÓN: 59 milisegundos
 
R1[41, 140, 18, 75, 134, 93, 66, 17, 99, 115, 119, 34, 49, 59, 36]
R2[85, 144, 96, 20, 146, 14, 103, 135, 53, 73, 60, 86, 114, 2, 52, 88]
R3[116, 81, 71, 19, 48, 6, 26, 24, 54, 23, 28, 120, 150, 64, 78]
R4[50, 12, 130, 22, 126, 33, 77, 131, 89, 105, 61, 106, 95, 80, 100, 35, 107]
R5[25, 149, 129, 56, 102, 121, 69, 148, 98, 47, 40, 68, 133, 97, 11, 16]
R6[111, 57, 110, 117, 128, 7, 90, 72, 4, 137, 3, 13, 37, 142, 147, 8, 42, 108, 104, 132]
R7[44, 118, 63, 84, 123, 38, 62, 21]
R8[39, 58, 51, 32, 9, 55, 122, 109, 101, 83, 87, 143, 70, 127, 5, 43]
R9[112, 31, 141, 91, 74, 138, 139, 15, 76, 79, 1, 125, 27, 92, 145]
R10[67, 113, 94, 29, 30, 65, 124, 136, 46, 10, 82, 45]
------------------------------------------
