 
------------------------------------------
CANTIDAD DE EJECUCIONES: 100
HEURÍSTICA DE CONSTRUCCIÓN: CMT
COSTO TOTAL: 1981.72
TOTAL DE RUTAS: 16
TIEMPO DE EJECUCIÓN: 778 milisegundos
 
R1[10, 108, 90, 32, 131, 63, 126, 148, 88, 62]
R2[130, 134, 55, 138, 109, 67, 139, 110, 149, 25]
R3[101, 122, 30, 70, 1, 50, 111, 127, 31, 132, 69]
R4[145, 41, 15, 56, 23, 22, 133, 75, 74, 72]
R5[29, 121, 129, 78, 24, 102, 77, 79, 3, 68]
R6[130, 54, 4, 39, 116, 150, 80, 12, 76]
R7[35, 136, 65, 71, 135, 34, 120, 9, 103, 51]
R8[147, 6, 94, 112, 89, 28, 27, 146, 53]
R9[123, 7, 11, 19, 107, 20, 66, 128, 81]
R10[47, 143, 49, 64, 36, 124, 46, 48, 82]
R11[60, 83, 84, 17, 18, 114, 8, 45, 125, 118]
R12[115, 38, 140, 86, 113, 141, 44, 92, 91, 33]
R13[99, 104, 93, 85, 61, 16, 98, 100, 37]
R14[96, 52, 106, 5, 59, 95, 117, 13, 97]
R15[43, 14, 119, 142, 105, 73, 21, 26, 40, 2, 57, 58]
R16[42, 144, 137, 87]
------------------------------------------
