 
------------------------------------------
CANTIDAD DE EJECUCIONES: 100
HEURÍSTICA DE CONSTRUCCIÓN: CMT
COSTO TOTAL: 2009.52
TOTAL DE RUTAS: 17
TIEMPO DE EJECUCIÓN: 747 milisegundos
 
R1[99, 104, 61, 96, 6, 112, 147, 93, 16]
R2[126, 64, 49, 11, 107, 63, 32, 90, 143, 19, 36]
R3[18, 82, 124, 47, 48, 106, 52, 114, 46]
R4[4, 110, 130, 149, 109, 150, 80, 29, 24, 134, 54, 55]
R5[118, 60, 125, 45, 8, 83, 84, 5, 17]
R6[74, 72, 75, 21, 73, 133, 22, 41, 145]
R7[66, 71, 65, 136, 35, 103, 135, 9, 20, 128]
R8[139, 25, 39, 67, 23, 56]
R9[59, 113, 86, 91, 85, 98, 92, 37]
R10[31, 108, 10, 88, 148, 62, 7, 123, 131, 70]
R11[2, 144, 57, 115, 15, 43, 42, 142, 38, 14, 87, 140, 117]
R12[132, 141, 44, 119, 100, 34, 78, 120, 121, 129, 122]
R13[97, 95, 137, 13, 94, 89, 40, 58, 53]
R14[101, 30, 127, 69, 146, 27, 1]
R15[50, 81, 51, 33, 3, 79, 68, 26]
R16[138, 12, 76, 116, 77, 102, 111, 105]
R17[28]
------------------------------------------
