 
------------------------------------------
CANTIDAD DE EJECUCIONES: 100
HEURÍSTICA DE CONSTRUCCIÓN: CMT
COSTO TOTAL: 1937.97
TOTAL DE RUTAS: 16
TIEMPO DE EJECUCIÓN: 754 milisegundos
 
R1[29, 24, 134, 3, 129, 79, 121, 68, 150, 80, 78]
R2[86, 140, 38, 44, 141, 119, 14]
R3[4, 55, 130, 67, 56, 139, 110, 149, 109, 54, 25]
R4[73, 40, 21, 72, 74, 22, 41, 133, 75, 145]
R5[61, 5, 91, 16, 113, 85, 100, 98]
R6[125, 45, 17, 8, 46, 36, 124, 47, 143, 114, 84, 83]
R7[4, 39, 23, 26, 12]
R8[6, 96, 92, 59, 99, 104, 93, 94, 95, 117, 60]
R9[35, 71, 66, 65, 136, 135, 34, 120, 9]
R10[144, 42, 142, 43, 15, 57, 115, 2, 87, 137, 97, 37, 58]
R11[132, 1, 122, 102, 33, 81, 103, 51, 20, 50, 70]
R12[89, 49, 64, 63, 32, 131, 128, 126, 90, 11, 123]
R13[48, 19, 107, 62, 108, 10, 148]
R14[147, 13, 112, 53, 105, 138, 28, 146]
R15[82, 31, 30, 101, 76, 77, 116, 111, 69, 88]
R16[118, 7, 106, 127, 52, 27, 18]
------------------------------------------
