 
------------------------------------------
CANTIDAD DE EJECUCIONES: 100
HEURÍSTICA DE CONSTRUCCIÓN: NearestNeighborWithRLC
COSTO TOTAL: 2059.33
TOTAL DE RUTAS: 8
TIEMPO DE EJECUCIÓN: 368 milisegundos
 
R1[120, 2, 3, 5, 6, 15, 14, 4, 1, 11, 9, 13, 8, 7, 118, 10, 16, 17, 114]
R2[18, 12, 19, 22, 31, 36, 34, 20, 23, 32, 30, 24, 25, 35, 27, 33]
R3[29, 26, 28, 21, 37, 38, 41, 51, 50, 49, 47, 48, 46, 44, 42, 39, 45, 65, 40, 43]
R4[61, 66, 62, 63, 64, 58, 59, 54, 57, 56, 52]
R5[55, 80, 53, 60, 78, 79, 77, 74, 67, 69, 76, 68]
R6[75, 73, 72, 70, 71, 81, 117, 84, 112, 113, 111, 88, 82]
R7[87, 95, 106, 107, 105, 119, 102, 103, 116, 115, 85, 96, 99, 101, 104, 100, 97, 94, 110, 109, 108, 90, 91]
R8[93, 92, 83, 86, 89, 98]
------------------------------------------
