 
------------------------------------------
CANTIDAD DE EJECUCIONES: 100
HEURÍSTICA DE CONSTRUCCIÓN: NearestNeighborWithRLC
COSTO TOTAL: 2137.88
TOTAL DE RUTAS: 6
TIEMPO DE EJECUCIÓN: 349 milisegundos
 
R1[120, 119, 117, 116, 118, 114, 112, 113, 111, 115, 110, 107, 109, 108, 104, 103, 102, 105, 106, 99, 100, 98, 97, 95, 101]
R2[94, 93, 91, 96, 89, 92, 88, 90, 87, 85, 86, 83, 82]
R3[81, 84, 7, 11, 10, 14, 9, 13, 12, 15, 6, 5, 2, 4, 3, 8, 1, 18, 79, 80, 16]
R4[20, 17, 23, 19, 28, 36, 35, 32, 33, 30, 31, 34, 25, 27, 24, 22, 26, 37, 38, 50, 51, 66, 65, 78]
R5[21, 49, 47, 39, 48, 45, 43, 40, 42, 44, 46, 52, 77, 75, 76, 72, 74, 71, 70]
R6[68, 69, 67, 73, 64, 61, 63, 62, 59, 57, 58, 60, 56, 55, 53, 54, 29, 41]
------------------------------------------
