 
------------------------------------------
HEURÍSTICA DE CONSTRUCCIÓN: MoleJameson
COSTO TOTAL: 801.6
TOTAL DE RUTAS: 6
TIEMPO DE EJECUCIÓN: 8.769728899002075
 
R1[29, 5, 37, 20, 70, 71, 36, 69, 47, 21, 61, 22, 28, 72]
R2[27, 15, 57, 13, 54, 19, 14, 35, 7, 8, 46, 52, 34, 67]
R3[16, 63, 23, 49, 24, 18, 50, 25, 55, 31, 39, 9, 32, 44, 3]
R4[40, 12, 58, 38, 10, 38, 65, 66, 11, 53]
R5[33, 1, 43, 56, 41, 42, 62, 74, 30, 2, 68, 73, 6, 75]
R6[48, 45, 4, 51, 17, 26]
------------------------------------------
