 
------------------------------------------
HEURÍSTICA DE CONSTRUCCIÓN: MoleJameson
COSTO TOTAL: 802.33
TOTAL DE RUTAS: 6
TIEMPO DE EJECUCIÓN: 8.504961967468262
 
R1[69, 36, 71, 70, 20, 37, 5, 29, 47, 21, 61, 22, 28, 72]
R2[27, 15, 57, 13, 54, 19, 14, 35, 7, 8, 46, 52, 34, 67]
R3[73, 16, 23, 41, 56, 49, 24, 18, 55, 25, 50, 39, 9, 32, 44]
R4[68, 45, 30, 48, 74, 2, 62, 1, 42, 43, 63, 33, 6, 51]
R5[12, 58, 10, 31, 38, 65, 66, 59, 11, 53]
R6[3, 40, 26, 17, 75, 4]
------------------------------------------
