 
------------------------------------------
HEURÍSTICA DE CONSTRUCCIÓN: MoleJameson
COSTO TOTAL: 818.63
TOTAL DE RUTAS: 6
TIEMPO DE EJECUCIÓN: 8.686445474624634
 
R1[29, 5, 37, 20, 70, 71, 36, 69, 47, 21, 61, 22, 28, 72]
R2[27, 15, 57, 13, 54, 19, 14, 35, 7, 8, 46, 52, 34, 67]
R3[40, 39, 9, 10, 65, 31, 25, 55, 18, 50, 32, 44, 3]
R4[68, 30, 48, 74, 62, 42, 41, 56, 49, 23, 43, 1, 1, 73, 63, 33]
R5[4, 45, 75, 26, 38, 58, 17, 6, 51, 51, 51, 16]
R6[59, 66, 11, 53]
------------------------------------------
