 
------------------------------------------
HEURÍSTICA DE CONSTRUCCIÓN: RandomMethod
COSTO TOTAL: 43228.05
TOTAL DE RUTAS: 37
TIEMPO DE EJECUCIÓN: 0.06837320327758789
 
R1[251, 388, 233, 383, 94, 123, 357, 126, 13, 314, 167, 372, 98]
R2[204, 140, 95, 237, 70, 71, 200, 282, 352, 30, 283]
R3[50, 214, 257, 61, 338, 366, 77, 160, 173, 363, 371, 39, 60]
R4[385, 256, 43, 169, 163, 116, 395, 110, 315, 65, 189]
R5[96, 310, 69, 291, 216, 286, 344, 67, 121]
R6[87, 300, 81, 20, 342, 76, 57, 318, 345, 290]
R7[279, 99, 136, 128, 181, 139, 40, 73, 326, 5, 312, 249, 394]
R8[117, 145, 187, 356, 303, 270, 206, 8, 208, 360]
R9[263, 149, 391, 170, 221, 297, 165, 399]
R10[298, 219, 1, 26, 27, 364, 112, 268, 276, 32, 54, 375]
R11[228, 220, 41, 273, 192, 107, 331, 292, 68, 38, 293]
R12[280, 150, 379, 74, 243, 365, 185, 113, 22, 203]
R13[223, 252, 374, 138, 135, 37, 348, 21, 101, 301]
R14[6, 222, 321, 309, 266, 346, 269, 86, 131, 320, 211]
R15[63, 158, 278, 218, 23, 129, 193, 89, 179, 271, 201]
R16[397, 335, 258, 330, 234, 159, 188, 361, 197, 400, 299, 108, 157]
R17[66, 235, 389, 272, 368, 329, 347, 162, 178, 55]
R18[109, 304, 161, 168, 3, 17, 324, 230, 72, 317, 332]
R19[262, 295, 212, 239, 190, 100, 248, 127, 327, 261, 156, 386]
R20[307, 250, 82, 120, 253, 102, 316, 18, 340, 351, 46]
R21[376, 275, 133, 302, 373, 42, 176, 294, 319, 343, 132]
R22[137, 195, 209, 241, 19, 62, 260, 14, 355, 106, 2, 333, 362]
R23[7, 180, 367, 34, 196, 45, 246, 147, 224, 392, 154, 281]
R24[242, 124, 177, 36, 217, 244, 25, 79, 287, 202]
R25[58, 9, 166, 232, 323, 198, 91, 4, 93, 111, 83]
R26[35, 142, 236, 285, 78, 398, 47, 97, 284]
R27[289, 104, 16, 151, 247, 125, 238, 84, 118, 174]
R28[227, 240, 255, 393, 31, 384, 12, 390, 92, 325, 103]
R29[134, 259, 245, 306, 28, 199, 105, 328]
R30[49, 141, 143, 194, 225, 144, 115, 88, 311, 378, 24, 130, 382]
R31[387, 183, 264, 210, 33, 56, 175, 334, 377, 381, 296]
R32[358, 396, 339, 254, 213, 380, 267, 90, 186, 172]
R33[51, 205, 122, 119, 146, 337, 370, 44, 53]
R34[359, 353, 52, 313, 148, 265, 153, 350, 48, 369]
R35[80, 305, 164, 215, 59, 349, 64, 11, 171, 231, 274]
R36[288, 226, 182, 184, 322, 155, 336, 29, 277, 152]
R37[308, 191, 354, 15, 85, 207, 10, 114, 341, 75, 229]
------------------------------------------
