 
------------------------------------------
HEURÍSTICA DE CONSTRUCCIÓN: Sweep
COSTO TOTAL: 43318.58
TOTAL DE RUTAS: 38
TIEMPO DE EJECUCIÓN: 10.80556583404541
 
R1[67, 388, 284, 175, 270, 241, 71, 230, 322, 320, 347]
R2[339, 366, 105, 317, 104, 216, 30, 57, 351, 380]
R3[213, 54, 22, 79, 89, 325, 39, 158, 376, 248, 200, 8]
R4[344, 399, 368, 266, 199, 155, 264, 43, 190, 3, 390, 144]
R5[236, 278, 36, 150, 189, 78, 10, 154, 86]
R6[177, 281, 120, 229, 163, 114, 254, 40, 378, 364, 169]
R7[21, 302, 371, 162, 367, 384, 338, 306, 50, 204, 153, 4, 232]
R8[288, 291, 210, 205, 147, 167, 350, 23, 296, 149]
R9[111, 19, 389, 75, 34, 182, 379, 208, 184, 310, 228, 396]
R10[107, 121, 128, 395, 285, 46, 136, 374, 181, 117, 110, 381, 275, 354]
R11[250, 337, 32, 125, 90, 360, 127, 330]
R12[207, 252, 161, 56, 297, 321, 29, 41, 172]
R13[256, 308, 83, 258, 233, 115, 168, 159, 14]
R14[53, 31, 27, 123, 58, 282, 18, 92, 290, 73, 100]
R15[271, 345, 122, 286, 143, 94, 16, 253, 126]
R16[357, 35, 342, 276, 119, 5, 186, 38]
R17[353, 202, 261, 77, 214, 273, 76, 369]
R18[313, 197, 244, 333, 312, 221, 225, 98, 96, 6, 193, 359, 318, 118, 2]
R19[188, 7, 332, 141, 194, 311, 139, 97, 397, 106, 195, 309]
R20[42, 238, 341, 103, 352, 217, 1, 385, 102, 383, 263, 9]
R21[70, 303, 373, 52, 157, 156, 133, 178, 335, 108, 319, 64, 355]
R22[298, 164, 294, 148, 69, 48, 289, 59, 74, 280, 267]
R23[255, 269, 101, 283, 235, 138, 44, 249, 387]
R24[198, 17, 392, 356, 287, 61, 246, 343, 372]
R25[173, 192, 262, 166, 134, 272, 222, 91, 375]
R26[211, 129, 224, 245, 370, 63, 49, 45, 346, 20]
R27[220, 146, 326, 65, 239, 206, 13, 219, 223]
R28[259, 251, 363, 51, 340, 85, 112, 99, 349, 292]
R29[361, 234, 116, 176, 315, 180, 327, 237, 55, 187, 358, 11]
R30[391, 365, 151, 215, 231, 140, 196, 279, 174, 226]
R31[185, 37, 145, 277, 300, 301, 260, 299, 348, 212]
R32[242, 268, 334, 95, 377, 314, 135, 265, 82, 131]
R33[24, 113, 124, 84, 243, 165, 68, 62, 171, 295, 47, 274]
R34[132, 329, 191, 15, 307, 142, 328, 305, 398, 362]
R35[87, 201, 66, 218, 25, 393, 130, 227, 109, 394, 323]
R36[80, 183, 316, 137, 60, 160, 12, 203, 331, 26, 247, 324]
R37[152, 336, 304, 382, 28, 240, 293, 257, 400, 179, 88, 93, 386, 72]
R38[81, 209, 33, 170]
------------------------------------------
