 
------------------------------------------
CANTIDAD DE EJECUCIONES: 100
HEURÍSTICA DE CONSTRUCCIÓN: RandomMethod
COSTO TOTAL: 4124.83
TOTAL DE RUTAS: 10
TIEMPO DE EJECUCIÓN: 76 milisegundos
 
R1[61, 77, 49, 20, 31, 93, 96, 99, 89, 23]
R2[97, 84, 63, 30, 43, 6, 24, 32, 16, 95]
R3[40, 80, 8, 98, 94, 15, 13, 11]
R4[82, 35, 28, 52, 5, 81, 79, 76, 90, 75, 7, 100, 92, 57]
R5[44, 64, 2, 60, 53, 72, 45, 39, 86]
R6[22, 73, 1, 71, 46, 38, 12]
R7[74, 4, 50, 55, 10, 9, 70, 67, 25, 42, 27, 54]
R8[59, 91, 85, 47, 3, 58, 36, 62, 34]
R9[41, 21, 18, 78, 87, 14, 66, 33]
R10[88, 48, 19, 68, 69, 51, 37, 56, 17, 26, 65, 83, 29]
------------------------------------------
