 
------------------------------------------
HEURÍSTICA DE CONSTRUCCIÓN: SaveSequential
COSTO TOTAL: 691.91
TOTAL DE RUTAS: 3
TIEMPO DE EJECUCIÓN: 1.375291347503662
 
R1[62, 28, 21, 47, 36, 37, 20, 70, 60, 71, 69, 61, 22, 1, 73, 64, 42, 41, 43, 56, 23, 49, 24, 18, 55, 25, 50, 32, 9, 72]
R2[52, 27, 45, 29, 48, 5, 15, 57, 13, 54, 19, 35, 14, 59, 66, 65, 11, 38, 10, 31, 39, 58, 53, 7]
R3[75, 68, 6, 51, 17, 12, 40, 44, 3, 16, 63, 33, 2, 74, 30, 4, 34, 46, 8, 67, 26]
------------------------------------------
