 
------------------------------------------
HEURÍSTICA DE CONSTRUCCIÓN: SaveSequential
COSTO TOTAL: 701.89
TOTAL DE RUTAS: 3
TIEMPO DE EJECUCIÓN: 1.343541145324707
 
R1[72, 39, 9, 32, 50, 25, 55, 18, 24, 49, 23, 56, 43, 41, 42, 64, 61, 69, 71, 60, 70, 20, 37, 36, 47, 21, 28, 22, 1, 73]
R2[7, 8, 35, 19, 14, 53, 58, 31, 10, 38, 11, 65, 66, 59, 54, 13, 57, 15, 5, 48, 29, 45, 27, 52]
R3[75, 67, 46, 34, 4, 68, 51, 6, 2, 30, 74, 62, 33, 63, 16, 3, 44, 40, 12, 17, 26]
------------------------------------------
