 
------------------------------------------
HEURÍSTICA DE CONSTRUCCIÓN: SaveSequential
COSTO TOTAL: 723.08
TOTAL DE RUTAS: 3
TIEMPO DE EJECUCIÓN: 1.2561750411987305
 
R1[73, 62, 28, 21, 47, 36, 37, 20, 70, 60, 71, 69, 61, 22, 1, 42, 64, 41, 43, 56, 23, 49, 24, 18, 55, 25, 50, 32, 9, 72]
R2[75, 74, 48, 5, 15, 57, 13, 54, 59, 66, 65, 11, 38, 10, 31, 39, 58, 53, 14, 19, 35, 8, 7, 46]
R3[26, 67, 4, 34, 52, 27, 45, 29, 30, 2, 6, 33, 63, 16, 3, 44, 40, 12, 17, 51, 68]
------------------------------------------
