 
------------------------------------------
HEURÍSTICA DE CONSTRUCCIÓN: SaveSequential
COSTO TOTAL: 710.64
TOTAL DE RUTAS: 3
TIEMPO DE EJECUCIÓN: 1.347381353378296
 
R1[62, 28, 21, 47, 36, 37, 20, 70, 60, 71, 69, 61, 22, 1, 73, 64, 42, 41, 43, 56, 23, 49, 24, 18, 55, 25, 50, 32, 9, 72]
R2[52, 27, 45, 29, 48, 5, 15, 57, 13, 54, 19, 35, 14, 59, 66, 65, 11, 38, 10, 31, 39, 58, 53, 7]
R3[26, 67, 8, 46, 34, 4, 68, 30, 74, 2, 6, 33, 63, 16, 3, 44, 40, 12, 17, 51, 75]
------------------------------------------
