 
------------------------------------------
HEURÍSTICA DE CONSTRUCCIÓN: NearestNeighborWithRLC
COSTO TOTAL: 2250.17
TOTAL DE RUTAS: 3
TIEMPO DE EJECUCIÓN: 0.4156608581542969
 
R1[75, 68, 67, 2, 52, 26, 74, 4, 51, 46, 72, 63, 73, 45, 62, 58, 48, 53, 44, 39, 35, 3, 40, 17, 6, 34]
R2[33, 30, 29, 32, 27, 19, 16, 28, 13, 9, 12, 7, 1, 8, 5, 54, 57, 49, 47, 21, 38, 14, 10, 15, 65]
R3[66, 11, 18, 61, 23, 22, 43, 50, 24, 37, 20, 36, 41, 42, 25, 31, 56, 69, 55, 71, 70, 60, 64, 59]
------------------------------------------
