 
------------------------------------------
HEURÍSTICA DE CONSTRUCCIÓN: NearestNeighborWithRLC
COSTO TOTAL: 2257.16
TOTAL DE RUTAS: 3
TIEMPO DE EJECUCIÓN: 0.41123342514038086
 
R1[2, 67, 75, 68, 74, 52, 73, 51, 46, 45, 40, 26, 72, 63, 62, 4, 53, 35, 58, 44, 34, 33, 48, 30, 39, 29]
R2[32, 3, 17, 27, 19, 28, 13, 16, 6, 12, 8, 5, 9, 10, 7, 57, 54, 49, 47, 21, 1, 14, 15, 38, 65]
R3[66, 18, 50, 11, 22, 61, 43, 42, 41, 37, 36, 23, 24, 20, 31, 71, 70, 69, 59, 55, 56, 60, 25, 64]
------------------------------------------
