 
------------------------------------------
HEURÍSTICA DE CONSTRUCCIÓN: NearestNeighborWithRLC
COSTO TOTAL: 2081.68
TOTAL DE RUTAS: 3
TIEMPO DE EJECUCIÓN: 0.4134674072265625
 
R1[75, 2, 74, 73, 68, 67, 52, 26, 51, 4, 63, 62, 72, 58, 46, 48, 45, 44, 3, 40, 53, 35, 17, 6, 12, 34]
R2[39, 32, 7, 8, 29, 33, 30, 28, 27, 13, 19, 16, 1, 10, 57, 54, 49, 9, 38, 5, 15, 21, 65, 14, 47]
R3[11, 66, 50, 22, 61, 43, 23, 36, 42, 37, 24, 25, 41, 31, 18, 56, 71, 69, 20, 55, 64, 59, 60, 70]
------------------------------------------
