 
------------------------------------------
HEURÍSTICA DE CONSTRUCCIÓN: NearestNeighborWithRLC
COSTO TOTAL: 2219.27
TOTAL DE RUTAS: 3
TIEMPO DE EJECUCIÓN: 0.4047541618347168
 
R1[2, 68, 26, 75, 4, 67, 73, 52, 72, 74, 63, 51, 62, 46, 58, 45, 48, 40, 44, 53, 3, 35, 17, 34, 6, 33]
R2[39, 32, 30, 28, 27, 29, 19, 12, 16, 9, 7, 8, 5, 1, 13, 57, 47, 38, 21, 15, 14, 10, 66]
R3[54, 49, 11, 65, 50, 18, 23, 43, 37, 61, 42, 22, 41, 24, 36, 20, 31, 56, 25, 69, 55, 71, 70, 64, 60, 59]
------------------------------------------
