 
------------------------------------------
CANTIDAD DE EJECUCIONES: 100
HEURÍSTICA DE CONSTRUCCIÓN: HeuristicType.KilbyAlgorithm
COSTO TOTAL: 1251.43
TOTAL DE RUTAS: 9
TIEMPO DE EJECUCIÓN: 6.175786733627319 milisegundos
 
R1[3, 17, 51, 44, 50, 24, 18, 72, 39, 49, 9, 32, 12, 40]
R2[1, 33, 73, 62, 63, 16, 43, 28, 61, 56, 41, 42, 23, 22, 23]
R3[7, 26, 53, 31, 66, 65, 11, 10, 38, 58, 38]
R4[2, 68, 64, 70, 60]
R5[4]
R6[5, 29, 45, 48, 30, 27, 47, 74, 21, 13, 37, 15, 57, 36, 69, 71]
R7[6]
R8[8, 67, 46, 14, 54, 19, 35, 52, 34, 52, 20]
R9[75]
------------------------------------------
