 
------------------------------------------
CANTIDAD DE EJECUCIONES: 100
HEURÍSTICA DE CONSTRUCCIÓN: HeuristicType.KilbyAlgorithm
COSTO TOTAL: 1255.3
TOTAL DE RUTAS: 9
TIEMPO DE EJECUCIÓN: 6.216281175613403 milisegundos
 
R1[3, 17, 51, 49, 39, 72, 44, 40, 12, 32, 9, 50, 24, 18]
R2[1, 33, 73, 62, 61, 56, 63, 16, 43, 28, 22, 23, 42, 41, 56]
R3[7, 26, 53, 58, 38, 10, 11, 65, 66, 31, 55]
R4[2, 68, 64, 70, 60]
R5[4]
R6[5, 29, 45, 48, 30, 27, 47, 74, 21, 57, 36, 69, 71, 15, 37, 13]
R7[6]
R8[8, 67, 46, 34, 59, 14, 54, 52, 35, 19, 54]
R9[75]
------------------------------------------
