Antes de iniciar JVM
Antes de llamar a Controller
Antes de apagar la JVM
FIN
 
------------------------------------------
HEURÍSTICA DE CONSTRUCCIÓN: Sweep
COSTO TOTAL: 7983.93
TOTAL DE RUTAS: 16
TIEMPO DE EJECUCIÓN: 0.6881389617919922
 
R1[27, 30, 38, 14, 39, 28, 34, 3, 10, 35, 19, 11, 21, 25, 18]
R2[9, 6, 26, 1, 23, 7, 40]
R3[8, 5, 15, 20, 36, 31, 37, 4, 24]
R4[12, 2, 33, 16, 32, 13, 29, 22, 17]
R5[54, 68, 48, 53, 80, 45, 78, 52, 60]
R6[42, 67, 73, 59, 72, 47, 66, 69, 63, 79, 64, 75, 43, 74]
R7[55, 70, 49, 65, 61, 41, 62, 44]
R8[46, 71, 51, 57, 76, 50, 58, 56, 77]
R9[116, 108, 114, 107, 117, 102, 101, 106, 84, 120, 103, 111, 113, 92, 118, 87]
R10[98, 110, 119, 112, 96, 88, 83, 97, 115, 105, 99]
R11[82, 85, 100, 93, 95, 89, 91]
R12[109, 104, 94, 90, 81, 86]
R13[127, 123, 157, 136, 126, 151, 132, 160, 153, 155]
R14[135, 148, 125, 139, 142, 156, 143, 141, 152, 128]
R15[129, 146, 140, 122, 147, 130, 131, 137, 144]
R16[124, 121, 134, 138, 158, 150, 154, 133, 149, 159, 145]
------------------------------------------
