Antes de iniciar JVM
Antes de llamar a Controller
Antes de apagar la JVM
FIN
 
------------------------------------------
HEURÍSTICA DE CONSTRUCCIÓN: Sweep
COSTO TOTAL: 8274.79
TOTAL DE RUTAS: 16
TIEMPO DE EJECUCIÓN: 0.7185356616973877
 
R1[30, 16, 25, 4, 24, 39, 26, 35, 31, 37, 5, 6]
R2[17, 9, 38, 32, 34, 8, 3, 2, 29, 21]
R3[23, 11, 20, 22, 28, 40, 10, 27, 36, 1, 18, 15, 33]
R4[19, 12, 13, 7, 14]
R5[65, 44, 76, 56, 80, 52, 47, 67, 69, 41]
R6[42, 68, 46, 66, 49, 77, 59, 71, 61, 72]
R7[48, 63, 73, 54, 55, 53, 51]
R8[45, 78, 64, 50, 79, 70, 43, 60, 58, 74, 57, 62, 75]
R9[102, 83, 91, 87, 88, 100, 116, 118, 119, 109, 120, 111]
R10[84, 89, 110, 81, 90, 85, 106]
R11[93, 117, 115, 99, 86, 96, 104, 95, 114, 101, 112, 113, 98]
R12[103, 82, 105, 92, 107, 97, 94, 108]
R13[133, 148, 145, 125, 147, 153, 121, 142, 143, 155, 131, 158]
R14[123, 146, 129, 160, 152, 127, 156, 132, 154, 144, 139, 149]
R15[122, 140, 157, 137, 159, 135, 128, 126]
R16[124, 151, 136, 134, 141, 138, 130, 150]
------------------------------------------
