Antes de iniciar JVM
Antes de llamar a Controller
Antes de apagar la JVM
FIN
 
------------------------------------------
HEURÍSTICA DE CONSTRUCCIÓN: Sweep
COSTO TOTAL: 8141.64
TOTAL DE RUTAS: 16
TIEMPO DE EJECUCIÓN: 0.6804261207580566
 
R1[25, 1, 28, 20, 23, 37, 8, 13, 21, 29, 32]
R2[5, 12, 6, 27, 26, 15, 10, 11]
R3[35, 9, 2, 30, 14, 39, 31, 40, 3, 7]
R4[19, 34, 4, 36, 18, 16, 24, 38, 33, 17, 22]
R5[73, 62, 64, 68, 43, 69, 76, 56, 60, 47, 55]
R6[59, 63, 49, 46, 65, 72, 53, 66, 80, 48, 74, 61]
R7[71, 79, 78, 51, 67, 58, 57, 50, 45, 44, 77]
R8[41, 70, 54, 52, 75, 42]
R9[103, 82, 91, 83, 99, 92, 81]
R10[86, 100, 88, 110, 118, 98, 90, 101, 94]
R11[87, 104, 95, 96, 106, 112, 107, 102, 115, 85, 97, 120]
R12[109, 89, 108, 113, 114, 111, 116, 105, 119, 84, 117, 93]
R13[130, 146, 123, 159, 139, 131, 155, 148, 152, 156, 142, 140]
R14[126, 125, 136, 145, 154, 158, 157, 138, 149, 153, 137, 133]
R15[128, 122, 121, 135, 144, 160, 134]
R16[141, 147, 132, 151, 143, 124, 150, 127, 129]
------------------------------------------
