Antes de iniciar JVM
Antes de llamar a Controller
Antes de apagar la JVM
FIN
 
------------------------------------------
HEURÍSTICA DE CONSTRUCCIÓN: Sweep
COSTO TOTAL: 8160.2
TOTAL DE RUTAS: 16
TIEMPO DE EJECUCIÓN: 0.6976172924041748
 
R1[40, 24, 11, 25, 5, 15, 32, 12, 22, 35]
R2[6, 39, 1, 38, 36, 7, 16, 31, 13, 27]
R3[3, 23, 17, 28, 20, 33, 10, 14, 30, 8]
R4[18, 19, 34, 9, 29, 26, 21, 37, 4, 2]
R5[78, 57, 70, 72, 80, 62, 74, 51, 47, 55, 41]
R6[44, 77, 43, 61, 46, 66, 60, 68]
R7[42, 79, 50, 67, 65, 63, 45, 75, 56, 71, 69]
R8[53, 64, 58, 59, 48, 54, 76, 52, 49, 73]
R9[106, 91, 83, 103, 81, 114, 111, 86]
R10[89, 102, 84, 101, 90, 87, 105]
R11[88, 98, 85, 120, 113, 100, 116, 92, 110, 117, 119, 115, 104, 109]
R12[95, 107, 94, 112, 97, 82, 99, 93, 108, 118, 96]
R13[141, 127, 152, 151, 121, 150, 137, 148, 145, 160, 149, 133]
R14[132, 138, 131, 122, 124, 128]
R15[126, 144, 136, 153, 146, 158, 134, 142, 130, 135, 147, 156]
R16[125, 123, 159, 139, 154, 155, 143, 140, 129, 157]
------------------------------------------
