 
------------------------------------------
HEURÍSTICA DE CONSTRUCCIÓN: NearestNeighborWithRLC
COSTO TOTAL: 2743.36
TOTAL DE RUTAS: 4
TIEMPO DE EJECUCIÓN: 0.8900251388549805
 
R1[99, 1, 2, 83, 60, 100, 5, 98, 97, 96, 3, 95, 89, 84, 45, 94, 93, 92, 91, 90, 88, 85, 18, 87, 82, 61, 86]
R2[8, 80, 59, 52, 17, 77, 7, 6, 81, 69, 79, 76, 75, 62, 58, 74, 73, 72, 57, 53, 70, 68, 64, 48, 4, 10, 50]
R3[49, 47, 11, 63, 46, 44, 37, 16, 43, 42, 40, 13, 56, 31, 27, 14, 36, 38, 26, 54, 51, 19, 28, 21, 41, 33, 12]
R4[30, 15, 32, 9, 78, 55, 22, 24, 29, 23, 66, 71, 25, 39, 34, 20, 65, 35, 67]
------------------------------------------
