 
------------------------------------------
HEURÍSTICA DE CONSTRUCCIÓN: NearestNeighborWithRLC
COSTO TOTAL: 2754.91
TOTAL DE RUTAS: 4
TIEMPO DE EJECUCIÓN: 0.8371474742889404
 
R1[1, 2, 3, 100, 99, 98, 96, 89, 84, 97, 95, 94, 5, 83, 93, 92, 85, 82, 61, 91, 6, 60, 59, 52, 90, 88, 45, 87]
R2[86, 80, 8, 77, 76, 81, 79, 18, 75, 4, 69, 74, 62, 58, 17, 57, 53, 48, 7, 47, 10, 70, 50, 46, 49, 11]
R3[44, 43, 42, 73, 37, 40, 38, 36, 72, 16, 31, 13, 27, 28, 68, 26, 64, 21, 19, 15, 14, 63, 56, 51, 41, 54, 33]
R4[32, 30, 22, 12, 20, 9, 55, 23, 78, 66, 29, 24, 39, 34, 71, 67, 25, 35, 65]
------------------------------------------
