 
------------------------------------------
HEURÍSTICA DE CONSTRUCCIÓN: RandomMethod
COSTO TOTAL: 2369.34
TOTAL DE RUTAS: 3
TIEMPO DE EJECUCIÓN: 0.0678093433380127
 
R1[5, 7, 16, 56, 26, 65, 46, 22, 69, 33, 47, 61, 6, 34, 64, 55, 25, 13, 75, 9, 40, 32, 37, 39, 35]
R2[10, 52, 15, 17, 31, 38, 57, 19, 27, 41, 63, 49, 68, 24, 1, 71, 60, 54, 45, 50, 74, 14, 48, 53, 4, 51, 70, 29]
R3[67, 2, 59, 62, 8, 12, 23, 73, 18, 42, 28, 3, 44, 72, 21, 11, 36, 20, 30, 66, 58, 43]
------------------------------------------
