 
------------------------------------------
HEURÍSTICA DE CONSTRUCCIÓN: RandomMethod
COSTO TOTAL: 2396.52
TOTAL DE RUTAS: 3
TIEMPO DE EJECUCIÓN: 0.048284053802490234
 
R1[40, 28, 39, 48, 5, 22, 13, 61, 41, 47, 16, 62, 43, 60, 26, 66, 17, 50, 75, 23, 14, 73, 11]
R2[2, 33, 15, 74, 27, 1, 42, 54, 46, 65, 44, 25, 52, 34, 58, 19, 20, 63, 51, 7, 38, 49, 55, 18, 6, 3, 36, 57, 45]
R3[10, 72, 35, 69, 64, 24, 59, 53, 8, 71, 67, 70, 4, 21, 32, 12, 30, 56, 9, 37, 29, 31, 68]
------------------------------------------
