 
------------------------------------------
HEURÍSTICA DE CONSTRUCCIÓN: RandomMethod
COSTO TOTAL: 2224.48
TOTAL DE RUTAS: 3
TIEMPO DE EJECUCIÓN: 0.05506587028503418
 
R1[8, 30, 21, 75, 51, 24, 41, 52, 35, 14, 3, 62, 63, 38, 69, 19, 13, 59, 73, 61, 70, 33, 64, 27, 57, 12, 58]
R2[26, 36, 9, 25, 34, 1, 16, 66, 11, 48, 23, 42, 56, 40, 68, 54, 18, 39, 15, 46, 43, 47, 28, 37, 74]
R3[29, 65, 22, 5, 60, 53, 55, 44, 7, 31, 17, 6, 2, 20, 71, 49, 50, 72, 32, 10, 67, 4, 45]
------------------------------------------
