 
------------------------------------------
CANTIDAD DE EJECUCIONES: 100
HEURÍSTICA DE CONSTRUCCIÓN: HeuristicType.Sweep
COSTO TOTAL: 2016.09
TOTAL DE RUTAS: 5
TIEMPO DE EJECUCIÓN: 0.9732780456542969 milisegundos
 
R1[44, 26, 59, 7, 22, 27, 71, 62, 2, 68, 37, 51, 29, 28, 35]
R2[8, 10, 70, 38, 5, 48, 32, 72, 30, 65, 53, 13, 3, 74]
R3[47, 15, 6, 12, 19, 43, 9, 21, 23, 50, 25, 54, 60, 34]
R4[1, 24, 49, 39, 58, 66, 31, 18, 57, 69, 67, 73, 42, 41]
R5[14, 4, 46, 36, 61, 63, 20, 16, 40, 17, 75]
------------------------------------------
