 
------------------------------------------
CANTIDAD DE EJECUCIONES: 100
HEURÍSTICA DE CONSTRUCCIÓN: HeuristicType.Sweep
COSTO TOTAL: 2081.77
TOTAL DE RUTAS: 5
TIEMPO DE EJECUCIÓN: 0.8074765205383301 milisegundos
 
R1[5, 23, 55, 67, 2, 24, 12, 46, 15, 14, 58, 43, 73]
R2[62, 36, 22, 60, 10, 42, 64, 37, 32, 66, 38]
R3[4, 11, 34, 21, 49, 57, 63, 75, 13, 53, 16, 19, 18]
R4[30, 29, 20, 71, 45, 3, 68, 27, 74, 1, 28, 69, 6, 48, 41]
R5[8, 54, 61, 33, 59, 9, 50, 47, 44, 56, 7, 52]
------------------------------------------
