 
------------------------------------------
CANTIDAD DE EJECUCIONES: 100
HEURÍSTICA DE CONSTRUCCIÓN: CMT
COSTO TOTAL: 1388.33
TOTAL DE RUTAS: 13
TIEMPO DE EJECUCIÓN: 452 milisegundos
 
R1[27, 29, 30, 26, 28, 19, 18, 17, 13]
R2[1, 75, 2, 6, 4, 3, 5, 7, 9, 90]
R3[25, 12, 14, 16, 15]
R4[92, 93, 94, 97, 95, 96, 99]
R5[41, 69, 66, 67, 65, 63, 62, 61, 64, 68]
R6[37, 39, 38, 36, 34]
R7[57, 55, 72, 54, 53, 56]
R8[44, 42, 40, 43, 46, 45, 48, 47, 49, 50, 51, 52]
R9[80, 79, 77, 73, 70, 71, 76, 78, 81]
R10[35, 31, 33, 32]
R11[24, 22, 23, 20, 21, 10, 11, 8, 100, 98]
R12[59, 82, 83, 84, 85, 88, 89, 86, 91]
R13[87, 60, 58, 74]
------------------------------------------
