 
------------------------------------------
HEURÍSTICA DE CONSTRUCCIÓN: MatchingBasedSavingAlgorithm
COSTO TOTAL: 36350.79
TOTAL DE RUTAS: 4
TIEMPO DE EJECUCIÓN: 192.3284375667572
 
R1[150, 114, 99, 271, 252, 315, 255, 315, 83, 101, 109, 238, 8, 9, 17, 17, 33, 248, 272, 75, 95, 75, 103, 86, 92, 246, 280, 33, 25, 25, 17, 17, 264, 263, 106, 258, 265, 243, 253, 245, 242, 98, 104, 105, 112, 113, 120, 85, 82, 244, 247, 87, 84, 158, 93, 269, 102, 116, 67, 16, 24, 32, 40, 89, 97, 96, 81, 88, 89, 111, 100, 117, 254, 276, 254, 268, 108, 261, 119, 251, 274, 251, 266, 107, 5, 159, 270, 151, 262, 279, 307, 142, 151, 314]
R2[41, 6, 44, 46, 60, 68, 57, 78, 69, 267, 259, 277, 230, 110, 7, 77, 225, 56, 220, 233, 228, 275, 31, 43, 222, 23, 51, 39, 74, 48, 45, 39, 217, 209, 58, 50, 42, 55, 42, 47, 42, 214, 80, 61, 64, 72, 53, 63, 71, 79, 357, 221, 235, 360, 216, 14, 4, 70, 231, 211, 208, 34, 203, 239, 205, 62, 215, 223, 49, 52, 54, 218, 234, 226, 234, 202, 207, 352, 76, 65, 26, 219, 213, 26, 206, 204, 201, 59, 118, 236]
R3[167, 38, 335, 333, 343, 355, 328, 355, 196, 190, 165, 178, 171, 179, 187, 171, 174, 346, 356, 329, 312, 240, 325, 19, 311, 191, 194, 169, 186, 182, 163, 166, 162, 338, 164, 195, 312, 354, 337, 35, 168, 198, 173, 175, 181, 347, 327, 339, 350, 321, 330, 332, 323, 326, 342, 334, 320, 232, 188, 172, 170, 161, 10, 12, 331, 186, 180, 322, 358, 20, 191, 353, 304, 176, 197, 183, 189, 319, 27, 153, 183, 18, 349, 73, 344, 229, 22, 229, 185, 224, 30, 341, 336, 341, 359, 351]
R4[1, 121, 123, 122, 3, 154, 28, 11, 296, 199, 295, 200, 145, 192, 301, 293, 287, 155, 137, 146, 36, 285, 300, 292, 300, 316, 308, 129, 131, 130, 138, 286, 317, 317, 294, 288, 147, 309, 283, 282, 281, 2, 303, 310, 302, 318, 157, 149, 141, 127, 128, 133, 132, 124, 160, 143, 126, 29, 125, 140, 297, 290, 156, 37, 148, 289, 291, 298, 136, 299, 152, 134, 144, 21, 135, 278, 306, 299, 13, 305]
------------------------------------------
