 
------------------------------------------
HEURÍSTICA DE CONSTRUCCIÓN: MatchingBasedSavingAlgorithm
COSTO TOTAL: 35417.11
TOTAL DE RUTAS: 4
TIEMPO DE EJECUCIÓN: 193.31581258773804
 
R1[150, 114, 99, 271, 8, 9, 280, 256, 241, 265, 248, 249, 257, 273, 264, 272, 33, 263, 276, 254, 258, 100, 111, 260, 25, 17, 238, 253, 243, 250, 238, 86, 103, 75, 95, 90, 315, 106, 117, 98, 109, 244, 247, 255, 315, 252, 246, 101, 104, 105, 112, 113, 158, 93, 269, 102, 116, 67, 16, 24, 32, 40, 81, 88, 89, 96, 97, 104, 85, 82, 245, 242, 84, 87, 91, 268, 108, 261, 119, 251, 274, 251, 266, 159, 5, 151, 142, 262, 107, 307, 279, 262, 115, 314]
R2[181, 175, 35, 27, 319, 304, 176, 191, 20, 191, 311, 19, 168, 198, 173, 168, 189, 197, 198, 183, 153, 353, 153, 167, 177, 162, 178, 38, 328, 355, 312, 240, 343, 333, 328, 38, 196, 171, 180, 339, 327, 347, 325, 18, 22, 224, 349, 229, 190, 165, 358, 346, 356, 195, 164, 179, 163, 166, 187, 182, 172, 170, 171, 240, 332, 330, 321, 331, 171, 169, 232, 194, 188, 320, 342, 334, 350, 323, 326, 322, 332, 12, 10, 161, 348, 329, 349, 193, 185, 237, 30, 341, 336, 351, 359, 73]
R3[41, 6, 4, 46, 44, 206, 204, 201, 214, 209, 217, 71, 63, 45, 55, 48, 79, 357, 360, 235, 221, 213, 219, 227, 216, 26, 76, 352, 14, 78, 57, 54, 52, 218, 234, 226, 210, 202, 226, 60, 57, 215, 223, 65, 49, 205, 65, 61, 53, 23, 64, 51, 72, 56, 42, 50, 50, 58, 212, 66, 39, 74, 239, 231, 70, 68, 34, 203, 208, 211, 220, 31, 43, 233, 228, 275, 15, 222, 225, 110, 7, 77, 118, 267, 69, 59, 230, 277, 259, 277]
R4[1, 121, 122, 123, 146, 138, 286, 317, 129, 131, 284, 300, 2, 3, 283, 282, 281, 147, 155, 137, 288, 294, 287, 28, 11, 28, 154, 28, 199, 145, 192, 285, 284, 292, 300, 308, 300, 309, 36, 293, 301, 129, 295, 296, 303, 318, 157, 149, 141, 133, 125, 160, 124, 37, 127, 148, 132, 297, 291, 289, 127, 156, 37, 299, 306, 13, 21, 134, 152, 135, 143, 140, 128, 144, 313, 306, 29, 298, 136, 305]
------------------------------------------
