 
------------------------------------------
CANTIDAD DE EJECUCIONES: 100
HEURÍSTICA DE CONSTRUCCIÓN: RandomMethod
COSTO TOTAL: 2640.7
TOTAL DE RUTAS: 12
TIEMPO DE EJECUCIÓN: 89 milisegundos
 
R1[39, 74, 72, 65, 36, 22, 45, 73]
R2[67, 60, 15, 20, 43]
R3[26, 42, 2, 7, 70, 63, 34, 50, 64, 30]
R4[31, 35, 19, 38, 59, 11, 41, 71, 10]
R5[9, 6, 16, 55, 17]
R6[75, 4, 21, 51]
R7[57, 13, 54, 28, 53]
R8[56, 5, 3, 24, 40, 48, 27, 61, 46]
R9[29, 37, 12, 33, 1]
R10[44, 23, 68, 66, 47]
R11[32, 52, 8, 18, 25, 49]
R12[14, 58, 62, 69]
------------------------------------------
