 
------------------------------------------
CANTIDAD DE EJECUCIONES: 100
HEURÍSTICA DE CONSTRUCCIÓN: RandomMethod
COSTO TOTAL: 2629.84
TOTAL DE RUTAS: 11
TIEMPO DE EJECUCIÓN: 90 milisegundos
 
R1[26, 69, 46, 28, 73, 31, 42, 5, 65, 59]
R2[11, 2, 35, 19, 36, 50, 44, 12, 1, 43]
R3[32, 47, 21, 60]
R4[33, 34, 6, 16]
R5[4, 63, 72, 30, 45]
R6[58, 68, 70, 9, 51]
R7[52, 40, 74, 54, 8]
R8[53, 7, 15, 64, 41, 18, 10, 49, 22, 61, 17, 23, 25]
R9[13, 27, 55, 14, 75, 39, 38, 71, 66, 67]
R10[29, 57, 48, 3, 62]
R11[24, 56, 20, 37]
------------------------------------------
