 
------------------------------------------
HEURÍSTICA DE CONSTRUCCIÓN: MoleJameson
COSTO TOTAL: 818.44
TOTAL DE RUTAS: 4
TIEMPO DE EJECUCIÓN: 37.11516308784485
 
R1[9, 81, 33, 51, 20, 66, 71, 35, 34, 78, 79, 3, 68, 80, 29, 24, 54, 55, 25, 39, 23, 56, 75, 74, 73, 91]
R2[85, 100, 42, 43, 15, 41, 22, 72, 4, 21, 12, 77, 50, 76, 28, 26, 40, 58, 2, 57, 87, 92, 59, 98, 37, 98, 93, 6]
R3[17, 8, 82, 7, 88, 31, 10, 90, 62, 11, 19, 48, 47, 46, 36, 49, 64, 63, 32, 30, 1, 70, 69, 27, 53, 89, 60, 52, 18, 83]
R4[99, 96, 94, 13, 95, 14, 38, 44, 16, 86, 61, 5, 84, 45]
------------------------------------------
