 
------------------------------------------
HEURÍSTICA DE CONSTRUCCIÓN: MoleJameson
COSTO TOTAL: 858.73
TOTAL DE RUTAS: 4
TIEMPO DE EJECUCIÓN: 35.93191862106323
 
R1[20, 66, 71, 35, 34, 9, 81, 33, 78, 79, 3, 77, 68, 80, 29, 24, 54, 55, 25, 39, 23, 56, 75, 74, 41, 91]
R2[85, 92, 98, 37, 100, 42, 43, 15, 57, 22, 72, 4, 21, 73, 12, 76, 50, 51, 70, 1, 69, 28, 26, 40, 2, 87, 97, 59, 93]
R3[46, 17, 86, 16, 44, 38, 14, 44, 95, 13, 58, 53, 27, 31, 10, 32, 90, 88, 52, 89, 94, 6, 96, 99, 5, 84]
R4[60, 18, 82, 7, 48, 19, 62, 11, 30, 63, 64, 49, 36, 47, 8, 45, 83]
------------------------------------------
