 
------------------------------------------
HEURÍSTICA DE CONSTRUCCIÓN: MoleJameson
COSTO TOTAL: 833.83
TOTAL DE RUTAS: 4
TIEMPO DE EJECUCIÓN: 35.710566997528076
 
R1[33, 81, 9, 20, 66, 71, 35, 34, 78, 79, 3, 77, 68, 80, 29, 24, 54, 55, 25, 39, 23, 56, 75, 74, 41, 91]
R2[85, 100, 42, 43, 15, 57, 22, 72, 73, 21, 4, 12, 76, 50, 51, 70, 1, 69, 28, 26, 40, 2, 87, 97, 92, 59, 37, 98, 93]
R3[8, 82, 47, 19, 11, 62, 88, 10, 30, 90, 32, 63, 64, 49, 36, 46, 45, 17, 86, 38, 14, 44, 16, 61, 5, 84]
R4[60, 89, 94, 6, 96, 99, 95, 13, 58, 53, 27, 31, 7, 48, 52, 18, 83]
------------------------------------------
