4 100 4
200
200
200
200
1 37 52 7
 2 49 49 30
 3 52 64 16
 4 20 26 9
 5 40 30 21
 6 21 47 15
 7 17 63 19
 8 31 62 23
 9 52 33 11
10 51 21 5
11 42 41 19
12 31 32 29
13 5 25 23
14 12 42 21
15 36 16 10
16 52 41 15
17 27 23 3
18 17 33 41
19 13 13 9
20 57 58 28
21 62 42 8
22 42 57 8
23 16 57 16
24 8 52 10
25 7 38 28
26 27 68 7
27 30 48 15
28 43 67 14
29 58 48 6
30 58 27 19
31 37 69 11
32 38 46 12
33 46 10 23
34 61 33 26
35 62 63 17
36 63 69 6
37 32 22 9
38 45 35 15
39 59 15 14
40 5 6 7
41 10 17 27
42 21 10 13
43 5 64 11
44 30 15 16
45 39 10 10
46 32 39 5
47 25 32 25
48 25 55 17
49 48 28 18
50 56 37 10
51 29 39 12
52 54 38 19
53 55 57 22
54 67 41 16
55 10 70 7
56  6 25 26
57 65 27 14
58 40 60 21
59 70 64 24
60 64  4 13
61 36  6 15
62 30 20 18
63 20 30 11
64 15  5 28
65 50 70 9
66 57 72 37
67 45 42 30
68 38 33 10
69 50  4 8
70 66  8 11
71 59  5 3
72 35 60 1
73 27 24 6
74 40 20 10
75 40 37 20
76 49.329  33.374  12 
77  57.404  23.822 23 
78 22.754  55.408  16 
79 56.622  73.340  18 
80 38.562  3.705 1 
81 16.779  19.537  17 
82 11.560  11.615  21 
83 46.545  97.974 21 
84  16.229   9.320  16 
85   1.294   7.349  49 
86 26.404  29.529 13 
87   4.352  14.685  39 
88 50.665 23.126 22 
89 22.833  9.814 22 
90 71.100 18.616 18 
91 7.849  32.074 10 
92  11.877 24.933 25 
93 18.927 23.730 23 
94 11.920  11.755  94 
95  29.840  11.633  90 
96  12.268 55.811 17 
97 37.933 21.613 1 
98 42.883 2.966 17 
99  41 49 20	
100 35 17 10
101 20 20
102 30 40
103 50 30
104 60 50