1 48 4
200
200
200
200
  1 -29.730  64.136  2 
  2 -30.664   5.463  7 
  3  51.642   5.469 21 
  4 -13.171  69.336 24  
  5 -67.413  68.323  1 
  6  48.907   6.274 17 
  7   5.243  22.260  6 
  8 -65.002  77.234  5 
  9  -4.175  -1.569  7 
 10  23.029  11.639  1 
 11  25.482   6.287  4 
 12 -42.615 -26.392 10  
 13 -76.672  99.341  2  
 14 -20.673  57.892 16 
 15 -52.039   6.567 23 
 16 -41.376  50.824 18 
 17 -91.943  27.588  3 
 18 -65.118  30.212 15 
 19  18.597  96.716 13 
 20 -40.942  83.209 10 
 21 -37.756 -33.325  4 
 22  23.767  29.083 23 
 23 -43.030  20.453 20 
 24 -35.297 -24.896 10 
 25 -54.755  14.368  4 
 26 -49.329  33.374  2 
 27  57.404  23.822 23 
 28 -22.754  55.408  6 
 29 -56.622  73.340  8 
 30 -38.562  -3.705 10 
 31 -16.779  19.537  7 
 32 -11.560  11.615  1 
 33 -46.545  97.974 21 
 34  16.229   9.320  6 
 35   1.294   7.349  4 
 36 -26.404  29.529 13 
 37   4.352  14.685  9 
 38 -50.665 -23.126 22 
 39 -22.833  -9.814 22 
 40 -71.100 -18.616 18 
 41  -7.849  32.074 10 
 42  11.877 -24.933 25 
 43 -18.927 -23.730 23 
 44 -11.920  11.755  4 
 45  29.840  11.633  9 
 46  12.268 -55.811 17 
 47 -37.933 -21.613 10 
 48  42.883  -2.966 17 
 49   4.163  13.559 
 50  21.387  17.105 
 51 -36.118  49.097 
 52 -31.201   0.235 