 
------------------------------------------
CANTIDAD DE EJECUCIONES: 100
HEURÍSTICA DE CONSTRUCCIÓN: RandomMethod
COSTO TOTAL: 4079.92
TOTAL DE RUTAS: 11
TIEMPO DE EJECUCIÓN: 50 milisegundos
 
R1[24, 49, 76, 1, 78, 73, 65, 33, 42, 43]
R2[77, 89, 40, 70, 72, 17, 84]
R3[63, 60, 37, 19, 15, 52]
R4[61, 41, 95, 93, 35, 30, 91, 97]
R5[92, 90, 4, 11, 2, 45, 94, 27, 25]
R6[18, 81, 62, 48, 50, 12, 32, 59, 44, 86, 47, 99, 79, 10, 7, 36]
R7[34, 68, 53, 71, 98, 5, 88, 14, 57, 69, 75, 26, 20]
R8[46, 28, 23, 38, 3, 83, 16]
R9[56, 100, 21, 82, 8, 96, 58]
R10[67, 31, 74, 80, 13, 9, 6]
R11[54, 87, 85, 55, 51, 64, 66, 29, 22, 39]
------------------------------------------
