 
------------------------------------------
CANTIDAD DE EJECUCIONES: 100
HEURÍSTICA DE CONSTRUCCIÓN: RandomMethod
COSTO TOTAL: 3944.79
TOTAL DE RUTAS: 12
TIEMPO DE EJECUCIÓN: 69 milisegundos
 
R1[37, 12, 28, 17, 24, 69, 83, 76, 65, 84]
R2[46, 50, 29, 3, 8, 82, 95, 31]
R3[38, 22, 18, 43, 96, 47, 27, 54]
R4[93, 77, 78, 48, 67, 87, 98, 45, 81, 99, 41, 34, 68, 44]
R5[58, 66, 94, 79, 52, 62, 6, 59, 30, 40]
R6[7, 64, 39, 33, 15, 61]
R7[63, 51, 1, 10, 16, 100]
R8[42, 72, 55, 89, 36, 35, 4, 71, 25]
R9[32, 13, 2, 75, 9, 90]
R10[56, 73, 20, 23, 26, 57, 60, 80]
R11[92, 88, 86, 91, 14, 19, 53, 49, 21]
R12[74, 11, 70, 97, 85, 5]
------------------------------------------
