 
------------------------------------------
HEURÍSTICA DE CONSTRUCCIÓN: SaveParallel
COSTO TOTAL: 672.65
TOTAL DE RUTAS: 3
TIEMPO DE EJECUCIÓN: 3.2716379165649414
 
R1[58, 10, 31, 25, 55, 18, 50, 24, 49, 23, 56, 43, 41, 42, 64, 22, 61, 21, 47, 36, 69, 71, 60, 70, 20, 37, 15, 57, 13, 27]
R2[12, 40, 3, 44, 32, 9, 39, 72, 38, 11, 65, 66, 59, 14, 53, 19, 54, 8, 35, 7, 46, 52, 34]
R3[74, 28, 62, 1, 73, 16, 63, 33, 2, 30, 48, 5, 29, 45, 4, 75, 68, 6, 51, 17, 26, 67]
------------------------------------------
