 
------------------------------------------
HEURÍSTICA DE CONSTRUCCIÓN: SaveParallel
COSTO TOTAL: 668.04
TOTAL DE RUTAS: 3
TIEMPO DE EJECUCIÓN: 3.023031234741211
 
R1[58, 10, 31, 25, 55, 18, 50, 24, 49, 23, 56, 43, 41, 42, 64, 22, 61, 21, 47, 36, 69, 71, 60, 70, 20, 37, 15, 57, 13, 27]
R2[35, 8, 54, 19, 53, 14, 59, 66, 65, 11, 38, 72, 39, 9, 32, 44, 3, 40, 12, 7, 46, 52, 34]
R3[75, 4, 45, 29, 5, 48, 74, 28, 62, 1, 73, 16, 63, 33, 2, 30, 68, 6, 51, 17, 26, 67]
------------------------------------------
