 
------------------------------------------
HEURÍSTICA DE CONSTRUCCIÓN: MoleJameson
COSTO TOTAL: 669.61
TOTAL DE RUTAS: 3
TIEMPO DE EJECUCIÓN: 15.734046459197998
 
R1[45, 29, 48, 5, 15, 57, 37, 20, 70, 71, 36, 69, 47, 21, 61, 74, 62, 28, 22, 42, 41, 56, 23, 43, 1, 73, 63, 33, 72]
R2[3, 44, 32, 9, 39, 58, 38, 11, 53, 14, 59, 66, 65, 10, 31, 25, 55, 50, 18, 24, 49, 16, 51]
R3[68, 6, 2, 30, 27, 13, 54, 19, 35, 7, 8, 46, 34, 52, 4, 75, 17, 40, 12, 26, 67]
------------------------------------------
