 
------------------------------------------
CANTIDAD DE EJECUCIONES: 100
HEURÍSTICA DE CONSTRUCCIÓN: HeuristicType.MoleJameson
COSTO TOTAL: 726.74
TOTAL DE RUTAS: 3
TIEMPO DE EJECUCIÓN: 16.7126202583313 milisegundos
 
R1[45, 29, 5, 15, 57, 37, 20, 70, 71, 36, 69, 47, 21, 61, 22, 28, 62, 63, 16, 49, 24, 23, 56, 41, 42, 43, 1, 73, 33, 72]
R2[68, 6, 51, 3, 44, 18, 50, 55, 25, 31, 10, 65, 66, 59, 19, 14, 11, 38, 58, 39, 9, 32, 17]
R3[52, 27, 13, 54, 53, 12, 40, 34, 67, 26, 7, 35, 8, 46, 4, 48, 74, 30, 2, 75]
------------------------------------------
