 
------------------------------------------
CANTIDAD DE EJECUCIONES: 100
HEURÍSTICA DE CONSTRUCCIÓN: HeuristicType.MoleJameson
COSTO TOTAL: 717.31
TOTAL DE RUTAS: 3
TIEMPO DE EJECUCIÓN: 16.295361042022705 milisegundos
 
R1[45, 29, 48, 5, 15, 57, 37, 20, 70, 71, 36, 69, 47, 21, 61, 22, 28, 62, 42, 41, 56, 23, 43, 1, 73, 63, 33, 16, 49, 55, 72]
R2[68, 6, 51, 3, 44, 24, 18, 50, 25, 31, 10, 65, 66, 59, 53, 11, 38, 58, 39, 9, 32, 17]
R3[40, 12, 26, 52, 27, 13, 54, 19, 14, 35, 7, 8, 34, 46, 67, 4, 30, 74, 2, 75]
------------------------------------------
