 
------------------------------------------
HEURÍSTICA DE CONSTRUCCIÓN: CMT
COSTO TOTAL: 1268.15
TOTAL DE RUTAS: 5
 
R1[62, 31, 7, 88, 52, 19, 64, 11, 63, 10, 90, 32, 27, 89, 18, 6]
R2[51, 20, 30, 70, 1, 50, 77, 76, 3, 79, 78, 34, 33, 81, 9, 35, 71, 65, 66, 69, 29, 68, 28, 80, 12]
R3[46, 49, 36, 47, 48, 8, 83, 84, 5, 60, 82, 45, 17, 86, 61, 16, 85, 93, 99, 44, 91, 96, 38, 98, 37]
R4[56, 75, 97, 59, 87, 53, 22, 15, 43, 42, 14, 100, 92, 57, 41, 23, 39, 67, 4, 25, 55, 24, 54, 26, 2, 95, 40, 74, 21]
R5[73, 72, 58, 94, 13]
------------------------------------------
