 
------------------------------------------
HEURÍSTICA DE CONSTRUCCIÓN: CMT
COSTO TOTAL: 1081.54
TOTAL DE RUTAS: 4
TIEMPO DE EJECUCIÓN: 3.319801092147827
 
R1[41, 22, 74, 75, 23, 67, 39, 72, 73, 56, 58, 21, 42, 43, 13, 58, 40, 2, 57, 15, 87, 13]
R2[19, 63, 32, 46, 47, 36, 49, 7, 62, 48, 82, 88, 90, 10, 11, 64, 49, 31, 52, 8, 89]
R3[29, 34, 78, 79, 80, 55, 77, 77, 12, 54, 79, 81, 35, 71, 9, 9, 33, 9, 20, 51, 76, 50, 81, 3, 1, 70, 69, 28, 26, 27, 53]
R4[86, 38, 14, 44, 99, 96, 95, 95, 59, 98, 97, 94, 95, 92, 37, 14, 91, 93, 85, 61, 16, 60, 5, 83, 17, 84]
------------------------------------------
