 
------------------------------------------
HEURÍSTICA DE CONSTRUCCIÓN: CMT
COSTO TOTAL: 1318.28
TOTAL DE RUTAS: 5
 
R1[69, 1, 27, 30, 32, 66, 20, 53, 28, 31, 70]
R2[77, 68, 79, 29, 24, 55, 80, 54, 12, 25, 50, 9, 33, 81, 3, 76, 78, 35, 34, 71, 65, 51, 4, 26, 67, 39, 56]
R3[7, 88, 62, 90, 63, 64, 47, 36, 49, 11, 10, 19, 48, 82, 8, 46, 52, 18]
R4[93, 2, 57, 15, 38, 43, 40, 73, 41, 22, 23, 75, 74, 72, 21, 58, 14, 42, 86, 44, 87, 13, 45, 17, 97, 16, 91, 6, 92]
R5[60, 95, 94, 89, 61, 85, 100, 37, 98, 59, 96, 99, 84, 5, 83]
------------------------------------------
