Antes de iniciar JVM
Antes de llamar a Controller
Antes de apagar la JVM
FIN
 
------------------------------------------
HEURÍSTICA DE CONSTRUCCIÓN: SaveSequential
COSTO TOTAL: 18758.09
TOTAL DE RUTAS: 36
TIEMPO DE EJECUCIÓN: 12.051191568374634
 
R1[16, 24, 32, 40, 21, 29, 37, 35, 27, 19, 11, 34, 26, 18, 33, 25, 17, 9, 36]
R2[15, 23, 31, 39, 14, 22, 28, 20, 12, 4, 38, 30]
R3[5, 13, 3, 10, 2]
R4[1, 6, 7, 8]
R5[50, 58, 63, 71, 79, 54, 62, 70, 78, 60, 68, 76, 49, 57, 65, 73, 74, 66, 74]
R6[42, 75, 67, 59, 51, 77, 69, 61, 72, 64, 56, 48]
R7[53, 47, 55, 46, 52, 44]
R8[41, 43, 45]
R9[89, 97, 105, 113, 98, 106, 114, 115, 107, 99, 91, 117, 109, 101, 96, 104, 112, 120, 119]
R10[92, 100, 108, 116, 110, 118, 102, 94, 111, 103, 95, 87]
R11[85, 93, 83, 90, 82]
R12[88, 86, 84, 81]
R13[131, 139, 147, 155, 138, 146, 154, 153, 145, 137, 129, 156, 148, 140, 158, 150, 142, 134, 159]
R14[133, 141, 149, 157, 152, 160, 144, 136, 151, 143, 135, 127]
R15[122, 130, 121, 132, 124]
R16[123, 125, 128, 126]
R17[171, 179, 187, 195, 178, 186, 194, 193, 185, 177, 169, 196, 188, 180, 198, 190, 182, 174, 199]
R18[161, 172, 164, 170, 162, 197, 189, 181, 200]
R19[175, 183, 191, 184, 192, 176, 168, 173, 165]
R20[163, 167, 166]
R21[209, 217, 225, 233, 218, 226, 234, 235, 227, 219, 211, 237, 229, 221, 216, 224, 232, 240, 239]
R22[215, 223, 231, 214, 222, 230, 238, 236, 228, 220, 212, 204]
R23[205, 213, 203, 210, 202]
R24[208, 207, 206, 201]
R25[273, 265, 257, 249, 274, 266, 258, 275, 267, 259, 251, 277, 269, 261, 280, 272, 264, 256, 279]
R26[252, 260, 268, 276, 278, 270, 262, 254, 271, 263, 255, 247]
R27[241, 250, 242, 243, 253]
R28[245, 248, 246, 244]
R29[289, 297, 305, 313, 314, 306, 298, 315, 307, 299, 291, 317, 309, 301, 320, 312, 304, 296, 319]
R30[292, 300, 308, 316, 294, 302, 310, 318, 311, 303, 295, 287]
R31[284, 281, 290, 282, 283]
R32[286, 288, 293, 285]
R33[331, 339, 347, 355, 341, 349, 357, 360, 352, 344, 336, 343, 351, 359, 358, 350, 342, 334, 356]
R34[326, 348, 340, 353, 345, 337, 329, 354, 346, 338, 330, 322]
R35[332, 327, 335, 328, 333, 325]
R36[323, 321, 324]
------------------------------------------
