Antes de iniciar JVM
Antes de llamar a Controller
Antes de apagar la JVM
FIN
 
------------------------------------------
HEURÍSTICA DE CONSTRUCCIÓN: SaveSequential
COSTO TOTAL: 18777.18
TOTAL DE RUTAS: 36
TIEMPO DE EJECUCIÓN: 12.078604221343994
 
R1[10, 18, 26, 34, 33, 25, 17, 9, 36, 28, 20, 38, 30, 22, 14, 39, 31, 23, 40]
R2[3, 11, 19, 27, 35, 21, 29, 37, 32, 24, 16, 8]
R3[1, 12, 15, 6, 4, 6]
R4[7, 5, 2]
R5[51, 59, 67, 75, 77, 69, 61, 80, 72, 64, 56, 79, 71, 63, 78, 70, 62, 54, 76]
R6[50, 58, 66, 74, 73, 65, 57, 49, 52, 60, 68, 60]
R7[47, 55, 48, 53, 45]
R8[43, 42, 41, 46]
R9[115, 107, 99, 91, 101, 109, 117, 120, 112, 104, 96, 119, 111, 103, 118, 110, 102, 94, 116]
R10[90, 98, 106, 114, 105, 113, 97, 89, 108, 100, 92, 84]
R11[85, 93, 83, 82, 81]
R12[88, 87, 95, 86]
R13[131, 139, 147, 155, 138, 146, 154, 145, 153, 137, 129, 156, 148, 140, 158, 150, 142, 134, 159]
R14[133, 141, 149, 157, 160, 152, 144, 136, 151, 143, 135, 127]
R15[124, 132, 121, 130, 122]
R16[123, 125, 128, 126]
R17[169, 177, 185, 193, 194, 186, 178, 195, 187, 179, 171, 197, 189, 181, 200, 192, 184, 176, 199]
R18[172, 180, 188, 196, 198, 190, 182, 174, 191, 183, 175, 167]
R19[165, 173, 163, 170, 162]
R20[168, 166, 164, 161]
R21[209, 217, 225, 233, 236, 228, 220, 238, 230, 222, 214, 239, 231, 223, 240, 232, 224, 216, 237]
R22[210, 218, 226, 234, 227, 235, 219, 211, 229, 221, 213, 205]
R23[208, 215, 207, 206, 212]
R24[203, 202, 201, 204]
R25[252, 260, 268, 276, 273, 265, 257, 249, 274, 266, 258, 275, 267, 259, 251, 277, 269, 261, 280]
R26[272, 253, 245, 264, 256, 279, 271, 263, 278, 270, 262, 254]
R27[244, 246, 255, 247, 248]
R28[243, 250, 242, 241]
R29[286, 294, 302, 310, 318, 316, 308, 300, 313, 305, 297, 289, 314, 306, 298, 315, 307, 317]
R30[299, 285, 293, 301, 309, 320, 312, 304, 296, 295, 303, 311, 319]
R31[283, 291, 290, 281, 292, 284]
R32[282, 288, 287]
R33[326, 334, 342, 350, 358, 356, 348, 340, 353, 345, 337, 329, 354, 346, 338, 355, 347, 357]
R34[323, 331, 339, 341, 349, 336, 344, 352, 360, 359, 351, 343, 335]
R35[324, 332, 321, 330, 322, 333]
R36[327, 328, 325]
------------------------------------------
