Antes de iniciar JVM
Antes de llamar a Controller
Antes de apagar la JVM
FIN
 
------------------------------------------
HEURÍSTICA DE CONSTRUCCIÓN: SaveSequential
COSTO TOTAL: 18709.53
TOTAL DE RUTAS: 36
TIEMPO DE EJECUCIÓN: 12.53864312171936
 
R1[1, 9, 17, 25, 33, 34, 26, 18, 11, 19, 27, 35, 37, 29, 21, 40, 32, 39]
R2[8, 16, 24, 23, 31, 14, 22, 30, 38, 36, 28, 20, 12]
R3[2, 10, 3, 13, 5, 15]
R4[7, 6, 4]
R5[61, 75, 67, 59, 51, 69, 77, 72, 80, 64, 56, 79, 71, 63, 78, 70, 62, 54, 76]
R6[45, 53, 43, 74, 66, 58, 73, 65, 57, 49, 68, 60]
R7[42, 50, 41, 52, 44, 55]
R8[46, 47, 48]
R9[96, 104, 112, 120, 117, 109, 101, 115, 107, 99, 91, 98, 106, 114, 113, 105, 97, 89, 116]
R10[82, 90, 81, 108, 100, 94, 102, 110, 118, 110, 111, 103]
R11[84, 92, 87, 95, 86, 95]
R12[88, 85, 83]
R13[134, 142, 150, 158, 156, 148, 140, 153, 145, 137, 129, 154, 146, 138, 155, 147, 139, 131, 157]
R14[133, 141, 149, 160, 152, 144, 136, 159, 151, 143, 135, 127]
R15[124, 132, 121, 130, 122]
R16[126, 128, 125, 123]
R17[176, 184, 192, 200, 181, 189, 197, 195, 187, 179, 171, 194, 186, 178, 193, 185, 177, 169, 196]
R18[191, 183, 175, 199, 174, 182, 190, 198, 188, 180, 172, 164]
R19[165, 173, 163, 170, 162]
R20[161, 166, 167, 168]
R21[211, 219, 227, 235, 234, 226, 218, 233, 225, 217, 209, 220, 228, 236, 238, 230, 222, 214, 239]
R22[205, 213, 221, 229, 237, 240, 232, 224, 216, 231, 223, 215]
R23[202, 210, 201, 212, 204]
R24[203, 208, 207, 206]
R25[251, 259, 267, 275, 258, 266, 274, 273, 265, 257, 249, 276, 268, 260, 278, 270, 262, 254, 279]
R26[253, 261, 269, 277, 280, 272, 264, 256, 247, 255, 263, 271]
R27[244, 252, 241, 250, 242]
R28[246, 248, 245, 243]
R29[292, 300, 308, 316, 313, 305, 297, 289, 314, 306, 298, 315, 307, 299, 291, 317, 309, 301, 320]
R30[296, 304, 312, 295, 286, 294, 302, 310, 318, 319, 311, 303]
R31[285, 293, 283, 290, 282]
R32[288, 287, 284, 281]
R33[327, 335, 343, 351, 359, 358, 350, 342, 334, 356, 348, 340, 353, 345, 337, 354, 346, 355]
R34[326, 332, 329, 338, 347, 339, 331, 357, 349, 341, 360, 352, 344]
R35[328, 336, 323, 325, 333, 325]
R36[322, 321, 324]
------------------------------------------
