Antes de iniciar JVM
Antes de llamar a Controller
Antes de apagar la JVM
FIN
 
------------------------------------------
HEURÍSTICA DE CONSTRUCCIÓN: SaveSequential
COSTO TOTAL: 18910.3
TOTAL DE RUTAS: 36
TIEMPO DE EJECUCIÓN: 11.867160081863403
 
R1[32, 40, 37, 29, 21, 35, 27, 19, 11, 24, 16, 39, 31, 23, 38, 30, 22, 14, 36]
R2[4, 12, 20, 28, 9, 17, 25, 33, 25, 26, 18, 10]
R3[6, 15, 7, 8, 13]
R4[1, 2, 3, 5]
R5[49, 57, 65, 73, 76, 68, 60, 78, 70, 62, 54, 79, 71, 63, 80, 72, 64, 56, 77]
R6[53, 61, 69, 51, 59, 67, 75, 74, 66, 58, 50, 42]
R7[43, 45, 48, 55, 47]
R8[46, 52, 44, 41]
R9[96, 104, 112, 120, 103, 111, 119, 118, 110, 102, 94, 116, 108, 100, 113, 105, 97, 89, 114]
R10[82, 90, 98, 106, 115, 107, 99, 91, 117, 109, 101, 93]
R11[87, 95, 86, 92, 84]
R12[81, 83, 85, 88]
R13[125, 133, 141, 149, 157, 155, 147, 139, 131, 154, 146, 138, 153, 145, 137, 156, 148, 158]
R14[132, 140, 150, 142, 134, 159, 151, 143, 160, 152, 144, 136, 128]
R15[135, 123, 130, 129, 121, 122]
R16[127, 126, 124]
R17[171, 179, 187, 195, 194, 186, 178, 193, 185, 177, 169, 196, 188, 180, 198, 190, 182, 174, 199]
R18[175, 183, 191, 176, 184, 192, 200, 197, 189, 181, 173, 165]
R19[168, 167, 166, 172, 164]
R20[163, 162, 170, 161]
R21[211, 219, 227, 235, 221, 229, 237, 232, 240, 224, 216, 239, 231, 223, 238, 230, 222, 214, 236]
R22[204, 212, 220, 228, 233, 225, 217, 209, 234, 226, 218, 210]
R23[205, 213, 203, 202, 201]
R24[208, 207, 215, 206]
R25[251, 259, 267, 275, 258, 266, 274, 273, 265, 257, 249, 276, 268, 260, 254, 262, 270, 278, 279]
R26[244, 252, 241, 250, 242, 277, 269, 261, 280]
R27[255, 263, 256, 248, 253, 245, 272, 264, 271]
R28[246, 247, 243]
R29[292, 300, 308, 316, 313, 305, 297, 289, 314, 306, 298, 315, 307, 299, 291, 317, 309, 301, 320]
R30[319, 312, 304, 296, 288, 311, 303, 318, 310, 302, 294, 286]
R31[295, 285, 293, 283, 290, 282]
R32[287, 284, 281]
R33[328, 336, 344, 352, 360, 357, 349, 341, 355, 347, 339, 331, 338, 346, 354, 353, 345, 356]
R34[323, 330, 337, 329, 348, 340, 358, 350, 342, 334, 359, 351, 343]
R35[332, 326, 327, 335, 333, 325]
R36[324, 321, 322]
------------------------------------------
