 
------------------------------------------
HEURÍSTICA DE CONSTRUCCIÓN: CMT
COSTO TOTAL: 17425.76
TOTAL DE RUTAS: 4
 
R1[174, 169, 186, 170, 164, 237, 137, 138, 27, 129, 141, 149, 157, 128, 213, 162, 163, 181, 176, 191, 184, 165, 194, 161, 178, 180, 172, 166, 182, 188, 190, 140, 11, 148, 240, 185, 35, 145, 227, 196, 147, 198, 19, 221, 146, 131, 130, 139, 155, 168, 173, 171, 195, 179, 189, 192, 199, 183, 175, 133, 125, 124, 121, 122, 123, 229, 193, 232, 153, 167, 200, 154, 197, 187, 177, 235, 224, 216, 219, 132, 127, 211, 156, 126, 37, 208, 136, 3, 205, 29, 18, 26]
R2[64, 56, 53, 61, 120, 96, 150, 113, 158, 105, 135, 134, 142, 69, 118, 97, 108, 116, 110, 111, 112, 89, 82, 81, 151, 91, 106, 90, 117, 143, 88, 109, 85, 83, 93, 101, 104, 103, 102, 95, 86, 94, 80, 51, 77, 59, 32, 72, 119, 67, 21, 24, 75, 40, 87, 100, 92, 84, 107, 115, 160, 152, 144, 99, 159, 114, 98, 16, 13, 5, 8, 7, 15, 43, 23, 31, 39, 45, 74, 6, 66, 48, 58, 50, 14, 4, 42, 22, 30, 41, 49, 38]
R3[242, 251, 267, 260, 244, 245, 261, 269, 220, 228, 234, 275, 274, 266, 233, 225, 259, 253, 243, 250, 258, 241, 273, 265, 257, 249, 268, 276, 246, 247, 248, 255, 254, 252, 262, 314, 305, 203, 206, 214, 222, 218, 209, 226, 278, 289, 299, 290, 231, 291, 25, 281, 316, 239, 223, 33, 298, 315, 215, 238, 297, 230, 207, 202, 204, 256, 263, 264, 271, 270, 313, 272, 277, 236, 217, 210, 201, 212, 279, 280, 306, 307, 308, 282, 300, 283, 292, 34, 284, 17, 285, 293, 317]
R4[79, 359, 351, 350, 356, 327, 335, 343, 334, 342, 358, 340, 337, 354, 319, 329, 324, 332, 321, 322, 338, 323, 325, 328, 344, 70, 331, 10, 355, 320, 357, 28, 9, 347, 349, 78, 36, 12, 1, 73, 76, 326, 336, 333, 341, 360, 352, 304, 20, 287, 296, 288, 311, 295, 286, 318, 310, 294, 302, 346, 309, 301, 348, 345, 353, 303, 330, 339, 312, 68, 2, 57, 60, 65, 62, 54, 52, 46, 44, 71, 63, 55, 47]
------------------------------------------
