 
------------------------------------------
HEURÍSTICA DE CONSTRUCCIÓN: MoleJameson
COSTO TOTAL: 6237.34
TOTAL DE RUTAS: 4
 
R1[97, 89, 136, 149, 144, 152, 160, 115, 107, 99, 91, 83, 85, 93, 101, 109, 117, 120, 112, 104, 96, 88, 94, 102, 110, 79, 71, 63, 55, 78, 360, 352, 344, 336, 328, 333, 325, 335, 327, 326, 324, 322, 330, 321, 329, 337, 345, 302, 310, 318, 353, 332, 340, 348, 356, 334, 342, 350, 358, 343, 351, 359, 70, 62, 54, 46, 47, 48, 56, 64, 72, 80, 118, 119, 111, 103, 95, 87, 86, 84, 92, 100, 108, 116, 81, 82, 90, 98, 106, 114, 159, 151, 143]
R2[182, 174, 166, 167, 175, 183, 191, 199, 154, 146, 138, 130, 123, 125, 128, 133, 141, 157, 131, 139, 147, 155, 200, 192, 184, 176, 168, 165, 173, 181, 189, 197, 195, 187, 179, 171, 163, 162, 170, 178, 186, 194, 193, 235, 227, 234, 226, 218, 210, 233, 275, 267, 259, 251, 243, 250, 242, 241, 244, 246, 252, 260, 268, 276, 249, 257, 265, 273, 258, 266, 274, 225, 217, 209, 201, 202, 203, 211, 219, 185, 177, 169, 161, 164, 172, 180, 188, 196, 237, 229, 221]
R3[215, 208, 213, 205, 207, 206, 204, 212, 220, 228, 236, 277, 269, 261, 253, 245, 247, 254, 262, 270, 278, 313, 305, 297, 289, 316, 308, 300, 292, 294, 286, 285, 288, 296, 312, 355, 347, 339, 331, 49, 41, 42, 43, 77, 69, 61, 53, 45, 44, 52, 60, 68, 76, 357, 349, 341, 323, 338, 346, 354, 319, 311, 303, 295, 287, 284, 281, 282, 283, 290, 298, 306, 314, 279, 271, 263, 255, 248, 256, 264, 272, 280]
R4[6, 4, 12, 20, 28, 36, 317, 309, 301, 304, 293, 291, 299, 307, 315, 238, 230, 222, 214, 216, 224, 232, 190, 198, 153, 145, 137, 129, 121, 122, 127, 135, 105, 113, 75, 67, 59, 51, 50, 58, 57, 65, 73, 320, 38, 30, 22, 14, 66, 74, 39, 31, 23, 15, 7, 8, 16, 24, 32, 40, 158, 150, 142, 134, 126, 124, 132, 140, 148, 156, 37, 29, 21, 13, 5, 3, 11, 19, 27, 35, 240, 223, 231, 239, 34, 26, 18, 10, 33, 25, 17, 9, 1, 2]
------------------------------------------
