 
------------------------------------------
CANTIDAD DE EJECUCIONES: 100
HEURÍSTICA DE CONSTRUCCIÓN: HeuristicType.Sweep
COSTO TOTAL: 42744.42
TOTAL DE RUTAS: 3
TIEMPO DE EJECUCIÓN: 87.2193672657013 milisegundos
 
R1[71, 26, 145, 228, 42, 9, 187, 269, 184, 138, 316, 198, 287, 203, 56, 133, 67, 58, 38, 169, 31, 204, 34, 21, 359, 72, 116, 314, 146, 179, 268, 83, 259, 162, 194, 84, 17, 332, 232, 245, 202, 300, 339, 154, 158, 180, 235, 111, 304, 11, 152, 347, 284, 189, 161, 249, 214, 301, 248, 76, 336, 41, 239, 330, 229, 257, 79, 281, 280, 142, 29, 59, 53, 210, 215, 115, 90, 177, 261, 112, 252, 275, 286, 63, 22, 319, 240, 45, 74, 230, 139, 57, 18, 30, 310, 282, 10, 291]
R2[201, 108, 123, 163, 267, 89, 134, 345, 218, 105, 220, 342, 73, 86, 70, 82, 293, 94, 13, 238, 5, 262, 344, 43, 141, 85, 360, 44, 103, 110, 283, 55, 88, 297, 175, 151, 222, 167, 49, 24, 270, 334, 254, 337, 241, 227, 193, 306, 243, 95, 100, 16, 35, 8, 237, 341, 303, 277, 176, 173, 109, 27, 99, 312, 171, 185, 292, 299, 87, 326, 12, 107, 233, 150, 51, 263, 302, 247, 157, 97, 355, 164, 129]
R3[211, 250, 62, 50, 66, 156, 1, 64, 273, 255, 137, 3, 32, 20, 199, 274, 329, 244, 294, 28, 166, 172, 242, 6, 206, 98, 216, 266, 183, 81, 19, 279, 258, 271, 290, 131, 311, 357, 174, 190, 23, 328, 219, 350, 352, 92, 331, 14, 356, 353, 251, 155, 225, 289, 126, 128, 298, 338, 77, 119, 46, 118, 60, 170, 96, 296, 236, 231, 47, 4, 124, 121, 159, 61, 325, 260, 122, 307, 192, 127, 322, 120]
------------------------------------------
