 
------------------------------------------
CANTIDAD DE EJECUCIONES: 100
HEURÍSTICA DE CONSTRUCCIÓN: HeuristicType.MoleJameson
COSTO TOTAL: 7256.86
TOTAL DE RUTAS: 36
TIEMPO DE EJECUCIÓN: 63.108551263809204 milisegundos
 
R1[258, 166, 147, 46, 153, 89, 89, 143, 330, 337, 160, 5]
R2[175, 3, 209, 10, 152, 185, 88, 217, 286, 336]
R3[29, 249, 28, 157, 28, 47, 9, 12, 198, 219, 169, 212, 255, 33]
R4[146, 308, 165, 266, 339, 262, 400, 8, 310, 92]
R5[27, 287, 362, 108, 248, 192, 128, 239, 243, 171, 31, 393]
R6[302, 30, 95, 177, 328, 380, 85, 265, 73]
R7[223, 218, 11, 369, 110, 35, 61, 236, 182, 290, 138]
R8[141, 234, 250, 98, 345, 57, 48, 244, 390, 271, 174, 189]
R9[321, 90, 140, 112, 279, 132, 291, 279, 196]
R10[397, 207, 341, 187, 200, 228, 119, 72, 273, 365, 203, 42]
R11[14, 288, 394, 6, 113, 253, 59, 211, 71, 304, 159, 102]
R12[312, 379, 387, 323, 125, 231, 78, 278, 78, 278]
R13[319, 260, 43, 34, 230, 224, 81, 246, 197, 84, 179, 332, 41]
R14[162, 168, 289, 283, 320, 247, 117, 40, 350, 26, 282, 352, 355, 214, 326]
R15[131, 261, 383, 161, 173, 233, 50, 121, 213, 63]
R16[164, 167, 364, 340, 190, 4, 170, 56, 275, 274, 252, 370, 240]
R17[122, 220, 103, 229, 204, 295, 93, 24, 144, 303, 385, 199]
R18[309, 342, 202, 186, 381, 154, 118, 21, 346, 45]
R19[126, 163, 343, 269, 329, 297, 106, 145, 318, 100, 208, 64]
R20[372, 344, 91, 130, 349, 191, 36, 280, 392, 139, 301]
R21[232, 183, 123, 358, 216, 334, 195, 285, 18, 238]
R22[67, 65, 39, 62, 32, 307, 396, 264, 374, 111, 194]
R23[267, 373, 148, 222, 69, 378, 367, 391]
R24[124, 384, 281, 129, 263, 176, 137, 388, 348, 235, 44, 114]
R25[251, 363, 259, 242, 245, 127, 1, 181, 389, 181, 51]
R26[107, 134, 284, 322, 193, 19, 151, 221, 351, 58, 356]
R27[366, 83, 150, 354, 206, 184, 99, 354, 13, 257, 15, 311]
R28[79, 268, 180, 386, 94, 54, 357, 77, 74, 68, 178, 327]
R29[335, 60, 293, 254, 359, 313, 53, 82, 296, 53, 120, 55]
R30[133, 210, 382, 338, 156, 256, 205, 324, 270, 294]
R31[353, 25, 70, 96, 49, 316, 276, 142, 276, 38, 371, 23]
R32[17, 361, 155, 105, 395, 347, 272, 306, 377, 2, 376]
R33[97, 368, 37, 20, 325, 277, 66, 398, 331, 115]
R34[226, 172, 109, 292, 109, 292, 104, 227, 315, 80, 87, 317]
R35[305, 299, 360, 149, 375, 7, 101, 241, 76]
R36[399, 22, 136, 52, 16, 314, 16, 201]
------------------------------------------
