 
------------------------------------------
CANTIDAD DE EJECUCIONES: 100
HEURÍSTICA DE CONSTRUCCIÓN: HeuristicType.SaveSequential
COSTO TOTAL: 16510.03
TOTAL DE RUTAS: 51
TIEMPO DE EJECUCIÓN: 21.990122079849243 milisegundos
 
R1[289, 14, 226, 457, 42, 73, 478, 151, 555, 266, 141, 124, 356, 57]
R2[100, 370, 87, 481, 272, 466, 126, 559, 504, 195, 364, 245, 422]
R3[506, 379, 207, 323, 545, 459, 48, 561, 159, 503, 458, 471]
R4[86, 490, 30, 331, 24, 382, 122, 201, 509, 388, 299, 210, 494]
R5[227, 241, 430, 301, 429, 143, 276, 152, 512, 116]
R6[203, 97, 297, 378, 91, 505, 437, 101, 259, 79]
R7[76, 181, 418, 239, 414, 72, 423, 394, 80, 102, 43, 538, 162, 375]
R8[171, 443, 514, 411, 199, 115, 453, 16, 150, 51, 449, 274]
R9[88, 300, 269, 220, 341, 169, 26, 49, 351, 400, 588, 454]
R10[253, 363, 493, 119, 405, 248, 217, 328, 192, 435, 311, 279]
R11[148, 524, 480, 522, 273, 283, 507, 347, 408, 550]
R12[219, 1, 84, 462, 456, 327, 426, 439, 395, 129, 46, 85]
R13[484, 563, 324, 377, 172, 543, 271, 89, 473, 586]
R14[54, 549, 107, 156, 431, 183, 591, 209, 302, 556, 211, 547]
R15[34, 280, 277, 306, 438, 157, 94, 95, 401, 161, 145, 369, 6]
R16[140, 335, 515, 558, 470, 361, 123, 200, 402, 254, 184, 200]
R17[594, 389, 502, 214, 291, 575, 208, 92, 424, 319, 82, 249, 139]
R18[147, 270, 567, 39, 448, 53, 530, 5, 413, 440, 587]
R19[589, 204, 29, 292, 174, 41, 578, 433, 216, 25, 467, 455, 526]
R20[13, 393, 499, 548, 106, 286, 206, 551, 267, 15, 275, 105]
R21[93, 225, 32, 489, 165, 35, 527, 373, 117, 590, 521]
R22[188, 600, 581, 298, 246, 232, 441, 534, 164, 304, 125]
R23[235, 177, 445, 236, 98, 104, 595, 185, 518, 186, 355, 65]
R24[562, 261, 191, 112, 205, 519, 315, 583, 352, 315, 599]
R25[577, 344, 142, 27, 365, 451, 569, 387, 410, 482, 565, 310, 78]
R26[196, 469, 144, 326, 513, 498, 134, 353, 573, 371, 444]
R27[312, 350, 381, 392, 508, 309, 460, 257, 67, 372, 491, 584, 268]
R28[492, 322, 487, 170, 240, 497, 488, 520, 307, 132, 83, 574]
R29[284, 568, 517, 384, 212, 74, 153, 406, 237, 230, 540]
R30[329, 178, 354, 260, 193, 592, 19, 187, 447, 255]
R31[421, 500, 376, 233, 228, 425, 416, 321, 564, 218, 109, 137, 17]
R32[461, 296, 397, 349, 264, 535, 103, 3, 168, 133, 495, 450, 114, 70, 314, 231, 570]
R33[63, 537, 160, 386, 385, 22, 585, 278, 427, 403, 477, 427]
R34[465, 290, 198, 325, 541, 343, 263, 357, 554, 52, 432, 81, 7, 182]
R35[229, 121, 396, 434, 295, 532, 305, 243, 339, 553, 544, 366, 536]
R36[110, 108, 12, 213, 130, 552, 190, 262, 44, 479, 176, 446]
R37[419, 572, 294, 333, 113, 62, 391, 336, 596, 542, 20]
R38[531, 407, 8, 409, 359, 128, 374, 533, 69, 317, 265, 383, 31]
R39[288, 539, 528, 428, 485, 135, 11, 472, 90, 360, 23, 390]
R40[496, 368, 404, 179, 194, 476, 222, 516, 60, 175, 417, 247, 47, 330]
R41[234, 546, 380, 398, 242, 337, 96, 362, 37, 318, 149, 9, 167]
R42[580, 463, 40, 342, 415, 287, 136, 412, 332, 597, 313]
R43[221, 593, 223, 45, 155, 525, 346, 285, 58]
R44[293, 68, 118, 452, 338, 308, 166, 189, 202, 10, 173, 511]
R45[215, 66, 64, 436, 557, 258, 510, 560, 566, 111, 256, 468]
R46[244, 464, 348, 77, 582, 71, 61, 131, 38, 55, 303, 33]
R47[99, 21, 281, 420, 571, 442, 138, 4, 501, 523, 180, 28]
R48[474, 163, 367, 250, 252, 579, 320, 282, 127, 75, 158]
R49[251, 340, 197, 120, 238, 576, 224, 399, 56, 529, 316, 334]
R50[475, 358, 50, 36, 146, 598, 345, 59, 18]
R51[154]
------------------------------------------
