 
------------------------------------------
CANTIDAD DE EJECUCIONES: 100
HEURÍSTICA DE CONSTRUCCIÓN: HeuristicType.SaveSequential
COSTO TOTAL: 15952.15
TOTAL DE RUTAS: 51
TIEMPO DE EJECUCIÓN: 22.15501642227173 milisegundos
 
R1[438, 386, 6, 385, 22, 94, 95, 401, 161, 145, 369, 585, 278]
R2[455, 335, 123, 200, 184, 254, 402, 361, 470, 515, 558, 470]
R3[494, 210, 503, 159, 207, 323, 545, 459, 48, 561, 379, 458]
R4[423, 466, 126, 559, 422, 245, 364, 504, 195, 364, 301, 429]
R5[302, 91, 378, 101, 437, 505, 435, 259, 297, 279]
R6[407, 176, 7, 427, 477, 599, 483, 182, 403, 108, 462, 306]
R7[219, 426, 327, 456, 1, 439, 454, 129, 46, 395, 84, 85]
R8[146, 298, 73, 478, 151, 555, 266, 141, 124, 147, 356, 57, 352]
R9[493, 183, 431, 408, 375, 162, 512, 152, 116, 363]
R10[164, 387, 534, 232, 204, 433, 578, 41, 486, 25, 174, 292, 29, 589]
R11[338, 418, 239, 370, 87, 481, 272, 394, 80, 102, 143, 276, 538, 253]
R12[284, 568, 424, 319, 82, 249, 275, 139, 497, 105, 240, 132]
R13[537, 160, 110, 317, 128, 446, 157, 325, 198, 541, 343, 263]
R14[2, 112, 205, 519, 315, 583, 42, 530, 39]
R15[289, 14, 226, 457, 142, 344, 451, 365, 581, 27, 577, 27]
R16[191, 270, 567, 5, 53, 448, 413, 440, 587, 149, 383, 63, 31]
R17[285, 269, 220, 341, 169, 26, 49, 351, 400, 588, 35]
R18[277, 552, 290, 465, 52, 357, 554, 432, 81, 12, 213, 130, 190, 44]
R19[66, 346, 521, 527, 373, 117, 590, 165, 93, 225]
R20[309, 273, 192, 97, 328, 79, 311, 217, 248, 405, 119, 480]
R21[282, 546, 261, 380, 96, 362, 37, 318, 337, 242, 398, 234, 9]
R22[557, 265, 533, 374, 359, 262, 479, 280, 409, 69, 8, 531, 167, 566]
R23[484, 89, 473, 563, 324, 377, 172, 543, 550, 271]
R24[114, 450, 495, 125, 304, 441, 569, 410, 467, 565, 526, 310, 78, 231]
R25[38, 55, 256, 510, 258, 560, 111, 300, 58, 293, 215, 436]
R26[580, 45, 135, 485, 428, 32, 528, 136, 489, 539, 288]
R27[291, 100, 502, 389, 414, 72, 43, 520, 488, 15, 65, 170]
R28[472, 24, 382, 122, 201, 471, 596, 542, 540, 255, 509, 388, 299]
R29[584, 274, 449, 144, 326, 513, 498, 469, 353, 134, 51, 16]
R30[3, 168, 70, 600, 367, 250, 21, 99, 320, 579, 252]
R31[296, 133, 535, 482, 140, 281, 314, 570, 536, 444, 371, 573]
R32[196, 67, 257, 460, 150, 453, 115, 199, 411, 514, 443, 171]
R33[4, 496, 305, 243, 339, 553, 544, 366, 434, 268, 372, 491]
R34[501, 138, 442, 368, 532, 396, 295, 203, 522, 524, 283, 507]
R35[329, 499, 548, 106, 286, 206, 551, 267, 487, 212, 74, 574]
R36[461, 349, 264, 103, 397, 163, 598, 75, 127, 33, 562, 529, 56, 158, 316]
R37[354, 355, 307, 83, 153, 406, 237, 230, 447, 336, 187]
R38[415, 342, 40, 463, 412, 287, 11, 20, 506, 155, 525, 572]
R39[121, 404, 523, 420, 571, 154, 475, 358, 50, 474, 36, 188]
R40[390, 23, 384, 294, 19, 193, 322, 592, 193, 333]
R41[34, 61, 88, 64, 468, 348, 77, 582, 71, 131]
R42[247, 148, 347, 591, 209, 54, 556, 211, 547, 549, 586, 156]
R43[179, 180, 28, 194, 476, 229, 222, 516, 60, 175, 417, 47, 330]
R44[360, 492, 113, 62, 391, 575, 208, 92, 214, 594, 186, 241]
R45[166, 189, 376, 98, 236, 227, 104, 595, 185, 518, 107]
R46[593, 331, 223, 313, 597, 332, 68, 238, 576, 224, 303, 399]
R47[421, 500, 445, 350, 381, 392, 508, 312, 321, 564, 218]
R48[416, 76, 308, 181, 393, 452, 178, 517, 90, 419, 30, 490, 86]
R49[511, 235, 177, 17, 137, 109, 233, 228, 425, 202, 10, 173, 118]
R50[59, 13, 18, 221, 120, 244, 197, 464, 340, 251, 345]
R51[334]
------------------------------------------
