 
------------------------------------------
CANTIDAD DE EJECUCIONES: 100
HEURÍSTICA DE CONSTRUCCIÓN: HeuristicType.MoleJameson
COSTO TOTAL: 13769.09
TOTAL DE RUTAS: 51
TIEMPO DE EJECUCIÓN: 183.9995665550232 milisegundos
 
R1[22, 385, 6, 145, 401, 95, 94, 462, 456, 327, 456, 306, 157]
R2[598, 188, 474, 163, 146, 36, 50, 358, 475, 154]
R3[156, 586, 107, 431, 54, 209, 302, 591, 183, 324, 563, 89, 473, 484]
R4[461, 296, 397, 168, 3, 349, 264, 535, 103, 133, 495, 125, 450, 114, 70]
R5[187, 406, 299, 388, 509, 237, 230, 447, 255, 336, 382]
R6[15, 82, 139, 275, 249, 494, 249, 105, 488, 240, 520, 210]
R7[295, 396, 584, 491, 372, 460, 134, 498, 67, 257, 196, 268, 434, 532]
R8[234, 398, 242, 337, 318, 37, 587, 362, 96, 380, 261, 191, 546]
R9[361, 470, 254, 184, 402, 558, 515, 200, 123, 335, 455, 526]
R10[194, 179, 523, 4, 180, 404, 368, 496, 138, 442, 571, 420, 501, 28]
R11[527, 400, 49, 169, 26, 169, 588, 269, 341, 26, 341]
R12[310, 482, 467, 216, 578, 41, 486, 25, 565, 140, 314, 281, 78, 231, 570]
R13[528, 35, 373, 590, 117, 93, 165, 93, 346, 285]
R14[536, 553, 339, 544, 444, 243, 573, 371, 366, 305, 243, 573]
R15[326, 274, 51, 150, 16, 453, 115, 199, 411, 514, 443, 171, 279]
R16[417, 247, 516, 222, 229, 229, 175, 175, 175, 508, 392, 218, 47, 330]
R17[377, 550, 172, 253, 543, 162, 375, 363, 408, 493]
R18[203, 524, 148, 480, 522, 273, 119, 283, 507, 347, 556]
R19[11, 412, 463, 45, 580, 155, 506, 342, 415, 40, 525]
R20[213, 12, 432, 81, 198, 325, 541, 554, 357, 343, 263, 52, 465, 290]
R21[334, 56, 33, 127, 282, 21, 320, 579, 289, 75, 158, 562, 529, 316]
R22[266, 555, 151, 478, 73, 57, 352, 315, 124, 141, 147, 356, 583, 39]
R23[212, 170, 574, 153, 83, 132, 307, 74, 65, 487, 319, 424]
R24[329, 118, 178, 517, 452, 568, 393, 181, 308, 338, 76, 284]
R25[228, 17, 137, 321, 416, 421, 500, 376, 233, 376, 202, 189, 202]
R26[394, 126, 429, 276, 245, 301, 143, 559, 364, 504, 195, 422, 430]
R27[29, 292, 174, 589, 433, 204, 232, 534, 164, 304, 441, 569, 410]
R28[594, 92, 100, 502, 502, 291, 414, 87, 214, 575, 239, 418, 208, 186]
R29[59, 244, 345, 71, 576, 251, 340, 197, 340, 120, 221, 18]
R30[564, 350, 445, 236, 241, 98, 104, 227, 185, 595, 518]
R31[577, 142, 226, 457, 344, 99, 250, 367, 600, 252]
R32[359, 374, 128, 446, 176, 190, 130, 552, 277, 262, 479, 44]
R33[533, 599, 108, 403, 182, 483, 182, 427, 477, 427, 161, 369, 585]
R34[77, 468, 88, 46, 300, 58, 293, 215, 436, 66, 64, 348]
R35[331, 332, 313, 597, 223, 593, 419, 360, 90, 30, 68, 490, 86]
R36[390, 23, 492, 113, 333, 294, 193, 260, 384, 354]
R37[9, 63, 537, 265, 531, 409, 69, 317, 110, 160, 383, 149, 31]
R38[129, 395, 85, 454, 439, 1, 84, 1, 219, 280, 407, 8]
R39[106, 548, 43, 370, 481, 72, 272, 102, 80, 466, 423, 102]
R40[512, 152, 538, 116, 91, 378, 505, 217, 271]
R41[405, 192, 79, 97, 328, 248, 549, 211, 547, 309]
R42[61, 582, 238, 131, 111, 55, 38, 34, 38]
R43[542, 48, 323, 207, 545, 459, 561, 379, 503, 159, 471, 458]
R44[391, 62, 13, 10, 173, 109, 381, 312, 177, 511, 235]
R45[205, 42, 246, 387, 298, 14, 27, 581, 365, 451]
R46[572, 19, 592, 206, 286, 355, 551, 267, 322, 201, 122, 540, 24, 472]
R47[224, 510, 167, 258, 510, 303, 399, 566, 560, 557, 560, 270]
R48[449, 144, 513, 297, 101, 437, 259, 311]
R49[287, 386, 530, 448, 53, 5, 413, 519, 112, 2]
R50[32, 428, 135, 136, 489, 288, 489, 485, 539, 20]
R51[435]
------------------------------------------
