 
------------------------------------------
CANTIDAD DE EJECUCIONES: 100
HEURÍSTICA DE CONSTRUCCIÓN: HeuristicType.SaveSequential
COSTO TOTAL: 15978.33
TOTAL DE RUTAS: 51
TIEMPO DE EJECUCIÓN: 21.14829993247986 milisegundos
 
R1[64, 346, 269, 220, 341, 169, 26, 49, 351, 400]
R2[376, 430, 195, 504, 364, 245, 422, 301, 559, 143, 429, 276]
R3[111, 533, 278, 161, 95, 401, 94, 22, 385, 6, 145, 369, 585, 386]
R4[65, 15, 82, 249, 494, 275, 139, 497, 105, 240, 488, 210, 132]
R5[353, 469, 498, 513, 144, 449, 326, 274, 134, 51, 150]
R6[580, 45, 135, 485, 428, 32, 528, 136, 489, 539, 288]
R7[560, 427, 477, 599, 483, 182, 403, 108, 7, 438, 462, 456, 306]
R8[503, 509, 299, 153, 520, 307, 83, 574, 74, 170, 212, 487]
R9[404, 196, 257, 460, 16, 171, 443, 453, 115, 199, 411, 514, 443]
R10[412, 459, 545, 207, 323, 48, 561, 159, 379, 458]
R11[305, 243, 371, 573, 532, 434, 67, 372, 491, 584, 268, 396, 295]
R12[110, 160, 537, 317, 128, 446, 157, 327, 454, 439, 426]
R13[546, 266, 555, 151, 478, 73, 147, 141, 124, 356, 57, 352, 583]
R14[188, 600, 581, 298, 42, 205, 315, 519, 39, 5]
R15[572, 19, 187, 406, 388, 237, 230, 447, 255, 336, 471]
R16[366, 339, 553, 444, 544, 536, 361, 470, 558, 515, 200, 123, 402]
R17[455, 335, 184, 254, 420, 571, 442, 496, 368, 4, 138, 501, 523]
R18[68, 542, 596, 201, 122, 382, 24, 540, 20, 472, 11, 287, 225, 35]
R19[495, 29, 433, 578, 41, 216, 486, 25, 174, 292, 589, 204, 467, 565, 310]
R20[85, 46, 129, 395, 84, 1, 219, 541, 325, 198, 263, 343, 357]
R21[262, 190, 130, 213, 12, 81, 432, 52, 554, 465, 290, 552, 277, 280]
R22[564, 363, 408, 375, 162, 512, 152, 116, 543]
R23[582, 88, 300, 588, 527, 373, 117, 590, 521, 93]
R24[529, 261, 191, 530, 448, 53, 567, 270, 587, 413, 440, 587]
R25[293, 58, 285, 165, 525, 415, 342, 40, 463, 155]
R26[78, 482, 410, 569, 441, 232, 534, 164, 304, 125, 387, 125]
R27[506, 332, 597, 391, 294, 592, 322, 319, 424, 548, 106, 286, 551]
R28[490, 30, 331, 313, 62, 193, 267, 206, 499, 355, 370, 87]
R29[86, 593, 223, 113, 333, 260, 418, 239, 481, 272, 466, 126]
R30[302, 259, 435, 505, 91, 378, 101, 437, 505, 79]
R31[97, 192, 493, 538, 253, 172, 550, 377, 271]
R32[502, 100, 291, 43, 102, 80, 394, 423, 72, 414, 575, 208, 492, 384]
R33[167, 374, 176, 359, 44, 479, 407, 409, 69, 8, 531, 265]
R34[419, 90, 360, 23, 354, 517, 92, 214, 389, 594, 186, 98]
R35[563, 89, 445, 185, 595, 104, 227, 241, 236, 518]
R36[55, 256, 510, 258, 63, 383, 149, 31, 9, 318, 37, 362, 380]
R37[33, 234, 398, 337, 96, 242, 112, 226, 457, 14, 27, 365]
R38[526, 281, 231, 570, 140, 314, 535, 264, 103, 133, 450, 114, 70, 168]
R39[473, 324, 183, 119, 405, 217, 328, 311, 248, 480, 522, 347]
R40[417, 60, 121, 148, 203, 524, 273, 283, 507, 547, 591]
R41[76, 338, 308, 181, 393, 452, 568, 178, 390, 329, 118, 284]
R42[461, 296, 397, 349, 3, 451, 142, 344, 577, 21, 99, 250, 289]
R43[425, 416, 421, 500, 484, 156, 586, 431, 107, 549, 209, 54, 556, 309]
R44[321, 392, 381, 350, 508, 211, 247, 175, 516, 229, 222, 476, 194]
R45[221, 120, 66, 215, 436, 468, 348, 77, 71, 61, 131, 34]
R46[464, 238, 576, 38, 566, 557, 320, 579, 252, 367]
R47[235, 177, 109, 312, 218, 233, 228, 17, 137, 189, 202, 166, 173]
R48[474, 50, 358, 28, 180, 179, 330, 47, 511, 10, 13]
R49[197, 316, 56, 562, 127, 282, 75, 158, 598, 163, 146, 36, 475]
R50[154, 334, 399, 303, 224, 251, 340, 244, 59, 18]
R51[345]
------------------------------------------
