 
------------------------------------------
CANTIDAD DE EJECUCIONES: 100
HEURÍSTICA DE CONSTRUCCIÓN: HeuristicType.RandomMethod
COSTO TOTAL: 85723.09
TOTAL DE RUTAS: 51
TIEMPO DE EJECUCIÓN: 0.5734548568725586 milisegundos
 
R1[202, 128, 44, 348, 197, 315, 124, 205, 478, 201, 538, 500]
R2[571, 338, 143, 565, 362, 355, 144, 81, 499, 106, 508, 223, 134, 127]
R3[570, 262, 563, 487, 406, 182, 512, 350, 77, 404, 300, 277, 232]
R4[138, 312, 100, 26, 257, 280, 434, 419, 237, 525, 309]
R5[317, 490, 80, 251, 39, 572, 149, 239, 32, 65, 390, 260, 89]
R6[224, 383, 58, 131, 1, 56, 295, 9, 242]
R7[388, 444, 265, 281, 553, 57, 400, 302, 151, 330, 167, 258]
R8[181, 445, 599, 261, 164, 464, 568, 304, 176, 349]
R9[433, 339, 288, 372, 359, 204, 16, 31, 567, 292, 327, 218, 353]
R10[558, 380, 17, 373, 220, 351, 502, 510, 113, 308, 54, 391, 366]
R11[403, 425, 130, 244, 557, 259, 328, 321, 40, 200, 188]
R12[271, 482, 584, 103, 506, 409, 137, 104, 595, 441, 541, 6, 107, 575]
R13[439, 141, 123, 418, 305, 162, 76, 63, 186, 590]
R14[598, 497, 470, 86, 460, 195, 82, 13, 520]
R15[326, 264, 221, 420, 231, 111, 316, 331, 178, 493, 472, 549, 415]
R16[368, 174, 414, 442, 542, 454, 147, 285, 110, 314, 367, 429, 417]
R17[319, 2, 34, 48, 102, 90, 42, 126, 192, 426, 179]
R18[551, 395, 325, 484, 529, 507, 95, 501, 170, 546, 184, 378]
R19[545, 49, 45, 550, 453, 431, 384, 392, 154]
R20[159, 336, 413, 133, 483, 297, 577, 148, 298, 534]
R21[152, 198, 166, 581, 96, 589, 46, 477, 15, 360, 509]
R22[14, 523, 139, 451, 530, 97, 150, 236, 491, 25, 51]
R23[93, 11, 582, 411, 573, 432, 161, 247, 344, 566, 358, 67, 495, 310]
R24[467, 592, 115, 435, 59, 554, 440, 334, 377, 346]
R25[322, 30, 396, 382, 600, 70, 155, 268, 217, 212, 452, 480, 597]
R26[410, 591, 374, 527, 427, 574, 296, 494, 578, 116, 246, 120, 8, 233, 356]
R27[386, 540, 393, 276, 456, 272, 552, 199, 498, 335, 243, 269, 28]
R28[5, 450, 364, 256, 215, 492, 248, 7, 62, 585, 533]
R29[408, 365, 121, 172, 282, 474, 421, 183, 448, 196, 504, 486]
R30[235, 229, 343, 129, 10, 210, 74, 60, 23, 4, 532, 187]
R31[526, 211, 536, 496, 306, 43, 320, 489, 157, 191, 286, 580, 266]
R32[190, 112, 371, 473, 22, 521, 289, 516, 122, 423, 394, 587, 475]
R33[35, 561, 424, 430, 398, 87, 252, 333, 168, 177]
R34[169, 52, 389, 457, 240, 416, 485, 290, 227, 125, 83]
R35[307, 165, 569, 422, 399, 153, 446, 518, 586, 109, 337]
R36[250, 522, 99, 146, 69, 458, 53, 94, 555, 27]
R37[50, 273, 88, 194, 379, 283, 117, 449, 576, 407, 254]
R38[291, 519, 459, 219, 253, 189, 98, 397, 524, 19]
R39[85, 311, 3, 136, 559, 579, 142, 479, 132, 185]
R40[560, 20, 79, 267, 381, 241, 173, 216, 387, 324]
R41[514, 588, 160, 345, 21, 412, 118, 222, 255, 163, 203]
R42[329, 73, 278, 332, 340, 402, 105, 437, 287, 471, 318, 352]
R43[469, 274, 41, 313, 66, 18, 301, 228, 556, 547, 206]
R44[92, 463, 535, 101, 234, 209, 225, 249, 354, 140, 175]
R45[462, 468, 158, 36, 596, 481, 294, 55, 357, 505, 114]
R46[370, 299, 594, 208, 68, 24, 91, 171, 238, 263, 436, 461, 293]
R47[548, 72, 528, 539, 71, 214, 135, 385, 401, 543, 180]
R48[428, 347, 245, 593, 75, 119, 361, 156, 84, 342, 537, 564]
R49[531, 438, 405, 226, 488, 466, 47, 33, 476, 275, 465, 341, 38]
R50[447, 562, 193, 375, 513, 515, 78, 29, 583, 213, 270]
R51[369, 12, 443, 64, 517, 323, 503, 455, 37, 108, 145]
------------------------------------------
