 
------------------------------------------
CANTIDAD DE EJECUCIONES: 100
HEURÍSTICA DE CONSTRUCCIÓN: HeuristicType.SaveSequential
COSTO TOTAL: 15383.52
TOTAL DE RUTAS: 51
TIEMPO DE EJECUCIÓN: 422.63741636276245 milisegundos
 
R1[361, 558, 515, 467, 25, 486, 216, 578, 433, 41, 174, 292, 29, 204]
R2[30, 331, 24, 382, 122, 201, 159, 207, 323, 545, 459]
R3[178, 499, 424, 319, 82, 249, 494, 275, 139, 497, 105, 210]
R4[85, 46, 129, 454, 439, 395, 84, 1, 219, 426, 462, 456, 306, 6]
R5[480, 217, 297, 378, 91, 505, 437, 101, 259, 311]
R6[194, 51, 150, 16, 453, 115, 199, 411, 514, 443, 171, 274, 326]
R7[581, 298, 73, 478, 151, 555, 266, 141, 124, 147, 356, 57, 352]
R8[481, 272, 466, 126, 559, 504, 195, 364, 245, 422, 430, 301]
R9[165, 26, 169, 341, 220, 269, 351, 49, 400, 588, 225]
R10[510, 374, 278, 161, 95, 401, 94, 22, 385, 145, 369, 585, 386]
R11[83, 132, 307, 520, 488, 240, 15, 548, 106, 286, 206, 551]
R12[271, 162, 512, 152, 116, 538, 375, 543, 363]
R13[343, 327, 157, 438, 7, 427, 477, 599, 483, 182, 403, 108]
R14[596, 471, 503, 561, 48, 379, 458, 509, 388, 299, 406, 237]
R15[283, 435, 192, 97, 328, 79, 248, 405, 119, 279, 203]
R16[525, 135, 485, 428, 32, 528, 136, 489, 539, 288, 287, 35]
R17[372, 460, 134, 498, 513, 449, 144, 513, 353, 573, 371]
R18[414, 72, 423, 394, 80, 102, 143, 429, 276, 253, 172, 550, 377]
R19[281, 184, 254, 402, 470, 200, 123, 335, 455, 526, 565]
R20[594, 291, 370, 87, 43, 408, 493, 273, 522, 524, 347]
R21[580, 45, 342, 415, 412, 542, 540, 255, 336, 230, 187]
R22[130, 213, 12, 81, 432, 52, 357, 263, 325, 198, 541, 554, 465, 290]
R23[511, 445, 595, 185, 518, 104, 227, 98, 241, 236, 484]
R24[366, 243, 305, 532, 295, 396, 67, 257, 196, 434, 268, 584, 491]
R25[410, 534, 589, 125, 304, 232, 441, 246, 569, 387, 164, 304]
R26[155, 463, 20, 472, 11, 447, 574, 74, 65, 170, 487]
R27[446, 128, 317, 110, 160, 176, 359, 190, 552, 277, 262, 280]
R28[70, 114, 450, 495, 133, 535, 310, 140, 78, 231, 314, 570, 536, 444, 553]
R29[309, 507, 148, 547, 556, 302, 209, 591, 183, 324, 563, 586]
R30[322, 153, 212, 267, 355, 418, 239, 575, 208, 92, 214, 100, 502, 389]
R31[407, 479, 44, 533, 69, 409, 8, 531, 265, 537, 383, 31]
R32[211, 549, 54, 431, 156, 473, 89, 107, 350, 381, 392, 321]
R33[442, 339, 544, 264, 103, 3, 168, 397, 349, 296, 461, 42, 205, 315]
R34[318, 587, 448, 39, 53, 413, 5, 567, 530, 567, 270]
R35[464, 93, 373, 527, 117, 590, 521, 346, 285, 300]
R36[17, 416, 421, 500, 376, 233, 186, 193, 592, 19, 572, 294]
R37[28, 523, 420, 571, 4, 501, 138, 496, 368, 404, 180, 121, 229, 222]
R38[517, 354, 384, 260, 333, 113, 62, 391, 492, 419]
R39[166, 202, 189, 425, 228, 137, 109, 564, 508, 312, 218, 177, 235]
R40[329, 390, 90, 360, 23, 452, 568, 393, 181, 308, 338, 76]
R41[600, 451, 27, 14, 226, 457, 112, 519, 583, 2, 191]
R42[118, 10, 173, 330, 47, 417, 247, 60, 516, 175, 476, 179]
R43[36, 50, 474, 365, 142, 344, 577, 546, 261, 380, 96, 362, 37]
R44[111, 566, 557, 560, 258, 167, 63, 149, 9, 337, 242, 398, 234]
R45[282, 127, 33, 21, 99, 250, 367, 252, 579, 320, 289]
R46[154, 358, 475, 163, 146, 188, 598, 75, 158, 562, 529, 316]
R47[71, 88, 58, 293, 215, 436, 66, 64, 40, 506, 332, 597]
R48[197, 340, 348, 468, 582, 77, 61, 131, 34, 38, 256]
R49[593, 313, 68, 238, 576, 55, 224, 399, 303, 56, 334]
R50[86, 490, 223, 284, 13, 18, 221, 120, 244, 251, 345]
R51[59]
------------------------------------------
