 
------------------------------------------
CANTIDAD DE EJECUCIONES: 100
HEURÍSTICA DE CONSTRUCCIÓN: HeuristicType.RandomMethod
COSTO TOTAL: 86316.64
TOTAL DE RUTAS: 51
TIEMPO DE EJECUCIÓN: 0.568183183670044 milisegundos
 
R1[105, 545, 468, 53, 469, 464, 273, 561, 327]
R2[299, 476, 332, 302, 215, 103, 489, 277, 78, 231, 125, 314, 411]
R3[511, 563, 394, 157, 358, 318, 575, 425, 224, 49, 242, 52]
R4[96, 301, 407, 217, 48, 570, 66, 241, 31, 419, 20]
R5[508, 324, 317, 574, 283, 141, 37, 493, 208, 154]
R6[388, 492, 365, 529, 305, 291, 536, 421, 229, 80, 137, 506, 497, 118]
R7[485, 19, 393, 386, 145, 368, 500, 472, 159, 509, 356, 50]
R8[198, 173, 366, 519, 101, 534, 438, 216, 250, 362, 153]
R9[335, 316, 59, 97, 60, 516, 525, 504, 379, 226, 98, 594, 315, 266]
R10[69, 355, 235, 146, 252, 565, 55, 220, 218, 543, 139]
R11[385, 222, 389, 178, 196, 210, 116, 473, 129, 345, 558, 279, 225]
R12[498, 257, 228, 478, 188, 38, 380, 264, 363, 496, 376, 206, 480, 597]
R13[494, 114, 510, 569, 428, 289, 298, 541, 465, 367, 542, 598, 457]
R14[535, 152, 312, 559, 190, 200, 427, 340, 418, 322, 276, 338, 68]
R15[440, 423, 44, 436, 532, 165, 26, 261, 461, 482, 6, 351]
R16[495, 398, 402, 12, 74, 460, 47, 202, 199, 29, 271, 520]
R17[352, 300, 62, 251, 406, 278, 288, 236, 361, 499, 163, 431, 325]
R18[447, 486, 582, 382, 111, 255, 244, 91, 471, 448, 555, 175, 207, 71]
R19[533, 588, 583, 547, 223, 10, 404, 272, 560, 182, 30, 550]
R20[369, 22, 85, 539, 513, 100, 72, 445, 491, 135]
R21[359, 148, 15, 209, 187, 403, 269, 416, 280, 64, 306]
R22[275, 396, 549, 392, 167, 21, 284, 530, 310, 240, 293, 412, 321, 93]
R23[36, 123, 57, 193, 346, 538, 40, 168, 408, 150]
R24[429, 522, 328, 557, 544, 108, 484, 274, 372, 488, 113]
R25[505, 268, 294, 134, 292, 176, 13, 25, 1, 7, 142, 446, 106, 219, 348]
R26[309, 183, 126, 121, 43, 451, 430, 58, 18, 254, 158, 83]
R27[453, 524, 584, 573, 136, 585, 463, 439, 414, 349]
R28[290, 238, 84, 330, 455, 415, 568, 86, 130, 515]
R29[262, 24, 487, 342, 333, 531, 227, 82, 65, 77]
R30[326, 337, 577, 73, 151, 371, 181, 161, 320, 401]
R31[133, 70, 119, 353, 378, 590, 184, 186, 247, 265, 454]
R32[434, 432, 384, 334, 169, 147, 9, 456, 336, 67]
R33[319, 144, 503, 138, 79, 566, 89, 527, 243, 458, 409, 263, 308]
R34[88, 27, 297, 194, 572, 578, 370, 502, 311, 459, 245, 195, 373]
R35[387, 213, 564, 437, 11, 260, 81, 270, 203, 553]
R36[172, 171, 212, 343, 470, 259, 512, 8, 253, 174]
R37[422, 258, 390, 540, 2, 39, 479, 580, 375, 347, 149, 444, 41]
R38[523, 364, 230, 357, 576, 197, 303, 596, 35, 490, 3, 87, 76]
R39[90, 587, 166, 232, 120, 514, 354, 586, 63, 127, 214, 400, 405, 128, 420]
R40[399, 14, 45, 593, 33, 528, 521, 285, 160, 591, 256]
R41[109, 507, 177, 360, 410, 391, 287, 204, 483, 282, 205]
R42[548, 344, 441, 28, 551, 592, 449, 192, 424, 107]
R43[581, 61, 54, 122, 267, 42, 552, 132, 246, 600, 562]
R44[17, 579, 179, 23, 537, 211, 331, 517, 102]
R45[117, 234, 307, 395, 92, 110, 143, 304, 452, 477, 5]
R46[189, 377, 554, 466, 556, 323, 124, 131, 46, 426, 155, 450]
R47[383, 350, 518, 443, 329, 397, 433, 115, 589, 32, 442, 112]
R48[34, 180, 239, 546, 237, 16, 313, 94, 191, 162, 296, 233, 295]
R49[221, 475, 381, 4, 526, 567, 95, 374, 341, 599, 467]
R50[104, 185, 501, 595, 339, 286, 56, 156, 75, 99]
R51[481, 51, 140, 281, 170, 474, 164, 249, 571, 248]
------------------------------------------
