 
------------------------------------------
CANTIDAD DE EJECUCIONES: 100
HEURÍSTICA DE CONSTRUCCIÓN: HeuristicType.SaveSequential
COSTO TOTAL: 15294.68
TOTAL DE RUTAS: 51
TIEMPO DE EJECUCIÓN: 220.9265604019165 milisegundos
 
R1[321, 377, 375, 162, 512, 152, 116, 543, 538]
R2[171, 443, 514, 453, 16, 150, 51, 115, 199, 411, 297, 378]
R3[361, 470, 558, 515, 200, 123, 455, 335, 184, 254, 402, 565, 486]
R4[290, 198, 438, 462, 456, 327, 306, 157, 94, 95, 401, 161, 145]
R5[182, 483, 477, 599, 427, 278, 369, 6, 385, 22, 385, 585, 7]
R6[294, 132, 497, 494, 249, 275, 139, 105, 240, 82, 488, 520, 210]
R7[458, 379, 459, 545, 207, 323, 48, 561, 159, 503, 471, 122]
R8[412, 135, 485, 428, 32, 528, 287, 288, 539, 489, 136, 489]
R9[50, 246, 232, 204, 433, 578, 41, 216, 25, 174, 292, 29, 589, 164]
R10[187, 406, 299, 509, 388, 237, 230, 447, 255, 336, 382]
R11[12, 465, 81, 432, 52, 554, 357, 263, 343, 541, 325, 403, 108]
R12[593, 24, 201, 596, 542, 540, 20, 472, 11, 83, 307, 574, 487]
R13[341, 220, 269, 169, 26, 35, 373, 351, 49, 400, 588]
R14[469, 353, 366, 305, 573, 371, 243, 444, 553, 339, 544, 536]
R15[236, 430, 195, 504, 364, 245, 422, 301, 559, 143, 429, 276]
R16[158, 583, 356, 147, 478, 73, 151, 555, 266, 141, 124, 57, 352, 315]
R17[30, 331, 332, 597, 153, 74, 15, 65, 170, 212, 319]
R18[192, 505, 437, 101, 437, 435, 259, 311, 279]
R19[79, 328, 217, 405, 493, 408, 363, 253, 172, 550, 271]
R20[314, 482, 467, 125, 534, 526, 310, 140, 78, 231, 281, 570]
R21[47, 60, 121, 491, 460, 274, 449, 144, 326, 513, 498]
R22[506, 463, 45, 580, 155, 525, 415, 342, 40, 93, 117]
R23[84, 395, 46, 129, 454, 439, 426, 277, 552, 213, 130, 190, 262]
R24[96, 567, 39, 448, 53, 530, 5, 413, 440, 587, 270, 160]
R25[173, 500, 98, 241, 126, 394, 80, 102, 466, 272, 481, 72, 423, 87, 106]
R26[313, 19, 322, 267, 551, 206, 424, 548, 499, 286, 355, 239]
R27[391, 572, 592, 193, 260, 333, 113, 62, 418, 370, 575]
R28[119, 248, 97, 295, 268, 434, 196, 134, 257, 67, 372, 584, 396, 532]
R29[69, 409, 446, 128, 374, 533, 176, 359, 44, 479, 280, 219, 1, 590]
R30[346, 85, 165, 527, 521, 300, 88, 285, 293, 215, 436]
R31[142, 457, 226, 112, 519, 205, 42, 205, 298, 441, 569]
R32[54, 209, 283, 273, 522, 480, 203, 524, 507, 148]
R33[419, 68, 223, 490, 86, 492, 384, 517, 354, 23, 360, 208]
R34[265, 63, 31, 149, 383, 537, 110, 317, 531, 8, 407]
R35[55, 256, 510, 258, 167, 9, 362, 37, 318, 337, 191, 261, 380, 234]
R36[591, 431, 586, 107, 549, 302, 347, 183, 324, 563, 473, 89, 156, 484, 100]
R37[104, 227, 594, 389, 502, 43, 414, 291, 214, 92, 186]
R38[316, 546, 451, 365, 581, 27, 14, 344, 398, 242, 344]
R39[529, 562, 33, 127, 282, 577, 387, 304, 495, 133, 450, 114]
R40[518, 595, 185, 445, 556, 211, 547, 309, 508, 350]
R41[228, 17, 416, 421, 376, 233, 564, 381, 392, 312, 218, 109]
R42[21, 111, 566, 560, 557, 58, 66, 64, 468, 348, 77]
R43[399, 303, 38, 34, 131, 61, 582, 71, 238, 576]
R44[338, 308, 181, 76, 118, 284, 393, 568, 452, 178, 390, 90]
R45[59, 120, 329, 13, 189, 425, 137, 177, 202, 166, 10, 511]
R46[28, 523, 501, 420, 571, 4, 138, 442, 496, 368, 404, 180, 229, 222]
R47[154, 70, 168, 3, 103, 535, 264, 349, 397, 296, 461, 600, 367, 250]
R48[36, 146, 474, 163, 289, 252, 579, 99, 320, 75]
R49[417, 516, 476, 179, 475, 358, 188, 598, 56, 334, 224]
R50[330, 175, 194, 247, 235, 18, 221, 244, 464, 197, 340, 251]
R51[345]
------------------------------------------
