 
------------------------------------------
CANTIDAD DE EJECUCIONES: 100
HEURÍSTICA DE CONSTRUCCIÓN: HeuristicType.RandomMethod
COSTO TOTAL: 86239.33
TOTAL DE RUTAS: 51
TIEMPO DE EJECUCIÓN: 0.5760703086853027 milisegundos
 
R1[36, 278, 244, 412, 545, 393, 505, 423, 151, 366, 183, 177, 396]
R2[531, 461, 578, 484, 596, 560, 594, 195, 188, 566, 529, 430]
R3[318, 149, 387, 92, 336, 179, 223, 73, 8, 291]
R4[184, 376, 74, 146, 519, 249, 391, 220]
R5[218, 243, 595, 341, 52, 537, 554, 103, 256, 395, 96]
R6[479, 514, 350, 49, 7, 440, 403, 307, 247, 158, 324, 230]
R7[299, 69, 3, 182, 101, 186, 235, 24, 455, 334, 222, 122]
R8[58, 46, 511, 89, 50, 47, 28, 510, 191, 21, 266, 600]
R9[16, 361, 283, 155, 300, 253, 565, 207, 301, 167, 513, 405, 572]
R10[472, 547, 54, 264, 106, 315, 104, 254, 211, 161, 445, 273]
R11[508, 389, 30, 51, 292, 342, 467, 598, 168, 209, 585]
R12[45, 311, 335, 38, 444, 12, 569, 323, 83, 417, 250, 337]
R13[176, 583, 523, 78, 43, 439, 288, 99, 328]
R14[304, 372, 512, 344, 308, 271, 503, 139, 202, 504, 170, 429]
R15[494, 339, 509, 107, 44, 118, 507, 381, 262]
R16[433, 321, 437, 31, 305, 343, 489, 25, 175, 82, 189]
R17[53, 597, 294, 62, 348, 87, 109, 29, 371, 6, 68, 580, 592, 386]
R18[212, 274, 558, 65, 410, 446, 163, 203, 459, 314, 181, 145, 37, 451, 575]
R19[198, 593, 217, 210, 373, 559, 102, 150, 272, 332, 121, 555, 124, 233]
R20[95, 347, 552, 382, 502, 263, 196, 546, 11, 117, 365, 425, 384]
R21[59, 526, 290, 338, 187, 286, 576, 174, 60, 333, 579, 539]
R22[464, 490, 496, 112, 486, 460, 125, 543, 435, 374]
R23[284, 152, 126, 76, 72, 506, 357, 282, 241, 295, 398, 162]
R24[443, 245, 493, 312, 258, 113, 303, 143, 416, 466, 216]
R25[520, 231, 319, 267, 518, 528, 257, 536, 590, 64, 383]
R26[133, 564, 134, 5, 132, 310, 214, 404, 363, 474, 534, 215, 285, 88, 532]
R27[427, 540, 165, 13, 544, 470, 557, 287, 224, 322, 129, 402]
R28[591, 232, 9, 521, 135, 409, 468, 548, 123, 172, 599]
R29[128, 259, 456, 346, 498, 449, 401, 582, 119, 131, 137]
R30[18, 277, 364, 77, 269, 153, 302, 463, 567, 577, 553]
R31[562, 42, 442, 400, 169, 80, 15, 385, 422, 14, 356, 164, 549]
R32[587, 227, 268, 419, 377, 481, 471, 173, 584, 352, 465, 93, 541]
R33[94, 63, 75, 329, 23, 458, 55, 252, 105, 485, 237]
R34[450, 66, 81, 482, 157, 524, 414, 492, 516, 447]
R35[238, 359, 415, 265, 367, 530, 420, 40, 581]
R36[586, 199, 556, 20, 331, 138, 91, 495, 127, 240, 369, 97, 368]
R37[236, 67, 100, 570, 353, 208, 320, 309, 90, 327, 22, 229, 431]
R38[408, 251, 522, 527, 141, 39, 140, 589, 70]
R39[180, 185, 130, 297, 270, 206, 500, 378, 19, 166]
R40[192, 473, 193, 221, 48, 197, 574, 388, 407]
R41[27, 219, 154, 178, 561, 469, 538, 276, 246]
R42[568, 32, 1, 428, 421, 228, 480, 394, 280, 201, 194, 448, 115, 462]
R43[375, 499, 17, 144, 457, 379, 390, 120, 542, 239, 86, 550]
R44[56, 2, 411, 79, 279, 354, 432, 325, 399, 349, 488, 200]
R45[225, 156, 190, 454, 160, 41, 426, 475, 85, 260, 136, 114, 313]
R46[392, 226, 204, 296, 281, 242, 255, 413, 360, 345, 535, 35, 213]
R47[306, 380, 317, 358, 110, 4, 108, 61, 340, 148, 34, 483]
R48[57, 326, 563, 234, 330, 275, 33, 111, 26, 159, 71, 497]
R49[434, 588, 261, 248, 476, 293, 424, 573, 205, 142, 351]
R50[355, 98, 298, 525, 289, 533, 406, 452, 316, 362, 571, 84, 438, 551, 491]
R51[147, 418, 370, 436, 487, 10, 501, 441, 515, 477, 397]
------------------------------------------
