 
------------------------------------------
CANTIDAD DE EJECUCIONES: 100
HEURÍSTICA DE CONSTRUCCIÓN: HeuristicType.SaveSequential
COSTO TOTAL: 15422.58
TOTAL DE RUTAS: 51
TIEMPO DE EJECUCIÓN: 21.292668104171753 milisegundos
 
R1[269, 220, 341, 169, 26, 49, 58, 436, 351, 400, 454]
R2[31, 383, 160, 599, 477, 427, 278, 161, 95, 401, 94, 22, 385, 6, 145, 462]
R3[193, 212, 82, 249, 494, 275, 139, 497, 105, 240, 488, 210, 132]
R4[311, 297, 259, 437, 101, 378, 91, 505, 435]
R5[266, 555, 530, 448, 39, 53, 440, 151, 478, 73, 147]
R6[458, 323, 207, 545, 459, 48, 561, 159, 503, 379, 471, 122]
R7[414, 481, 272, 466, 126, 559, 504, 195, 364, 245, 422, 430]
R8[425, 500, 98, 241, 276, 301, 429, 143, 152, 512, 116]
R9[129, 521, 588, 527, 35, 373, 117, 590, 165, 93]
R10[211, 283, 192, 97, 328, 79, 217, 248, 405, 119, 279, 115]
R11[424, 319, 15, 520, 307, 83, 574, 74, 65, 170, 487]
R12[71, 85, 46, 395, 439, 426, 219, 1, 84, 327, 456, 306]
R13[377, 253, 538, 543, 162, 375, 172, 550, 363, 493, 347]
R14[118, 499, 548, 106, 286, 206, 551, 267, 355, 153, 299, 509]
R15[567, 5, 413, 124, 141, 356, 57, 352, 583, 315, 519, 205]
R16[150, 51, 134, 274, 449, 144, 326, 513, 498, 469, 353]
R17[482, 200, 515, 558, 470, 361, 402, 254, 184, 123, 335, 455]
R18[370, 87, 72, 423, 80, 394, 102, 43, 271, 408, 273, 591]
R19[247, 411, 199, 16, 453, 514, 443, 171, 460, 257, 67, 196, 372]
R20[387, 534, 232, 204, 433, 578, 41, 216, 486, 25, 174, 292, 29]
R21[81, 438, 157, 386, 369, 585, 7, 483, 182, 403, 108]
R22[406, 388, 237, 336, 255, 24, 382, 201, 596, 542, 540]
R23[20, 135, 539, 489, 288, 136, 485, 428, 32, 528, 225, 287]
R24[535, 467, 589, 125, 304, 164, 441, 246, 569, 410, 565, 526, 310, 78]
R25[37, 362, 191, 270, 587, 112, 42, 2, 226, 457, 14, 298, 27]
R26[277, 554, 357, 343, 541, 325, 198, 263, 52, 432, 465, 12, 290, 213]
R27[577, 344, 142, 451, 581, 365, 450, 495, 133, 3, 103, 264, 349, 168]
R28[517, 322, 187, 447, 230, 472, 11, 412, 415, 342, 40]
R29[284, 568, 418, 239, 575, 291, 100, 214, 92, 502, 389, 208, 594, 236]
R30[366, 305, 573, 371, 243, 444, 553, 339, 544, 536, 231, 281]
R31[4, 496, 368, 532, 434, 268, 584, 491, 396, 295, 203, 480, 302]
R32[188, 600, 367, 250, 21, 99, 320, 579, 252]
R33[317, 110, 537, 149, 318, 242, 337, 96, 380, 261, 546]
R34[90, 260, 592, 19, 572, 294, 333, 113, 62, 391, 463]
R35[563, 473, 89, 324, 183, 507, 522, 524, 148, 156, 484]
R36[265, 533, 128, 446, 176, 359, 130, 552, 190, 262, 44, 479]
R37[468, 88, 300, 346, 285, 293, 215, 66, 64, 280, 407]
R38[461, 296, 397, 114, 70, 140, 314, 570, 442, 138, 571, 420, 501, 523]
R39[334, 398, 234, 63, 9, 374, 69, 409, 8, 531, 557, 167, 258, 566]
R40[313, 597, 332, 506, 155, 580, 45, 525, 223, 331, 30, 593]
R41[75, 158, 56, 529, 562, 33, 127, 282, 289, 163, 474, 146, 36, 475]
R42[421, 185, 227, 104, 595, 518, 445, 107, 586, 431, 209, 54]
R43[218, 312, 350, 381, 392, 508, 549, 556, 547, 309, 121]
R44[321, 417, 47, 330, 194, 229, 222, 516, 60, 175, 476, 179, 404, 180]
R45[77, 61, 34, 38, 55, 256, 510, 560, 111, 399, 303]
R46[189, 376, 233, 186, 492, 384, 354, 23, 360, 419]
R47[228, 17, 177, 416, 109, 564, 28, 154, 358, 50, 598, 316]
R48[86, 68, 490, 329, 390, 178, 452, 393, 181, 308, 338, 76, 13]
R49[511, 235, 137, 202, 166, 10, 173, 18, 120, 244, 464, 348, 576, 197]
R50[59, 340, 251, 345, 238, 582, 131, 224]
R51[221]
------------------------------------------
