 
------------------------------------------
CANTIDAD DE EJECUCIONES: 100
HEURÍSTICA DE CONSTRUCCIÓN: HeuristicType.NearestNeighborWithRLC
COSTO TOTAL: 85015.43
TOTAL DE RUTAS: 51
TIEMPO DE EJECUCIÓN: 6.218857526779175 milisegundos
 
R1[2, 597, 593, 600, 582, 598, 595, 596, 592, 594, 586]
R2[591, 590, 589, 579, 584, 588, 576, 587, 571, 581, 580, 583]
R3[568, 566, 577, 578, 575, 572, 564, 560, 574, 573, 570, 529, 569, 523]
R4[517, 567, 565, 516, 511, 510, 508, 563, 562, 557, 559, 506, 501]
R5[549, 556, 500, 555, 554, 492, 490, 547, 553, 476, 475]
R6[552, 551, 474, 546, 468, 550, 464, 548, 537, 544, 532]
R7[452, 531, 525, 518, 425, 542, 541, 421, 502, 496, 491, 484, 420, 463]
R8[419, 540, 539, 461, 457, 417, 536, 535, 416, 534, 399, 393, 451, 445, 442, 436]
R9[434, 392, 533, 530, 390, 528, 384, 527, 381]
R10[376, 367, 360, 358, 418, 354, 526, 415, 412, 350, 348]
R11[409, 345, 524, 407, 522, 521, 519, 404]
R12[398, 514, 340, 513, 397, 509, 396, 338, 507, 391, 334, 332]
R13[499, 331, 389, 383, 380, 372, 368, 365, 330, 329, 362, 355, 321, 498]
R14[320, 495, 489, 487, 486, 485, 316, 349, 346, 313, 312, 308, 344, 303]
R15[289, 482, 481, 284, 342, 337, 282, 480, 479, 258, 333]
R16[473, 256, 472, 252, 318, 317, 309, 471, 469, 251]
R17[250, 467, 466, 300, 465, 460, 458, 247, 453, 450, 298, 244]
R18[238, 449, 448, 447, 235, 446, 296, 295, 294, 444, 293]
R19[291, 285, 443, 268, 441, 265, 261, 260, 242, 440, 233, 432]
R20[229, 431, 241, 228, 224, 430, 239, 429, 236, 223, 222, 221, 234]
R21[227, 226, 428, 202, 197, 218, 194, 424, 189, 423, 215, 422]
R22[414, 413, 188, 411, 214, 181, 211, 410, 406, 208]
R23[405, 180, 179, 193, 400, 178, 191, 177, 394, 186, 175, 185, 173, 168]
R24[167, 163, 166, 388, 158, 387, 382, 155, 146, 154, 137]
R25[131, 127, 377, 121, 374, 120, 118, 149, 373, 142, 111, 109]
R26[138, 99, 371, 113, 90, 110, 86, 370, 366, 77, 76, 107]
R27[359, 75, 104, 100, 98, 71, 96, 68, 357, 356, 61, 353, 60]
R28[59, 92, 56, 352, 55, 50, 47, 351, 347, 88, 38, 36]
R29[34, 70, 343, 69, 339, 336, 328, 66, 64]
R30[63, 33, 326, 62, 325, 324, 58, 322, 54]
R31[45, 40, 37, 30, 31, 23, 319, 28, 315, 21, 18, 27]
R32[17, 314, 19, 310, 13, 307, 10, 305, 304, 302, 14]
R33[4, 301, 286, 9, 280, 8, 299, 292, 290, 270, 288, 267, 264, 287]
R34[283, 281, 262, 257, 279, 3, 209, 277, 599, 585]
R35[206, 561, 196, 190, 183, 558, 276, 274, 176, 273, 545, 160, 272]
R36[271, 269, 543, 266, 156, 538, 133, 128, 263]
R37[520, 255, 515, 512, 114, 248, 505, 504, 106, 503, 103, 497]
R38[494, 493, 246, 89, 488, 483, 67, 44, 478, 245, 5, 470]
R39[459, 477, 243, 455, 454, 439, 237, 435]
R40[433, 232, 437, 231, 230, 426, 427, 225, 219, 217, 213, 408]
R41[212, 403, 395, 402, 205, 204, 203, 386, 379, 375, 378]
R42[201, 364, 199, 363, 198, 361, 192, 341, 187, 335, 323]
R43[369, 174, 311, 171, 254, 297, 253, 278, 220, 170, 216, 210]
R44[275, 207, 259, 200, 249, 240, 169, 165, 184, 195]
R45[182, 164, 153, 162, 159, 152, 1, 172, 151, 148, 130]
R46[147, 144, 150, 112, 93, 141, 143, 53]
R47[136, 140, 135, 134, 42, 11, 43, 20, 12, 139, 129]
R48[132, 126, 122, 124, 125, 123, 117, 116, 119, 108, 87, 102]
R49[85, 97, 83, 84, 81, 78, 74, 115, 105, 72, 80, 101, 91]
R50[79, 82, 65, 73, 57, 51, 41, 52, 49, 46, 48, 32, 39]
R51[26, 35, 25, 29, 15, 7, 24, 16, 385, 22, 401, 306, 6]
------------------------------------------
