 
------------------------------------------
CANTIDAD DE EJECUCIONES: 100
HEURÍSTICA DE CONSTRUCCIÓN: HeuristicType.CMT
COSTO TOTAL: 11923.54
TOTAL DE RUTAS: 51
TIEMPO DE EJECUCIÓN: 1005.4322752952576 milisegundos
 
R1[325, 541, 198, 343, 263, 357, 554, 52, 432, 81, 465, 12]
R2[373, 527, 117, 93, 117, 590, 165, 35]
R3[525, 40, 415, 342, 45, 463, 155, 580, 412]
R4[512, 116, 152, 116, 162, 375, 543]
R5[306, 327, 456, 462, 157, 438]
R6[14, 457, 14, 27, 298, 581, 365, 451, 142, 344, 577]
R7[87, 126, 394, 80, 102, 370, 414, 72, 43, 423, 272, 481, 466, 102, 291]
R8[203, 524, 522, 279, 522, 522, 507, 328, 217, 480, 522, 522, 480, 522, 148, 347, 79, 311, 192, 547]
R9[458, 379, 503]
R10[563, 89, 473, 324]
R11[377, 550, 408, 172, 363, 253, 172, 493]
R12[19, 592, 193]
R13[583, 519, 315, 205, 205, 205, 205, 42, 57, 356, 147]
R14[469, 144, 449, 353, 498, 513, 326, 498, 134]
R15[475, 154, 358, 36, 50, 474, 36, 50, 163, 598, 75, 158, 282]
R16[139, 520, 488, 240, 105, 240, 275, 249, 494, 82, 240, 15, 307, 132, 574, 74]
R17[37, 337, 398, 318, 242, 96, 380, 337, 398, 9, 557, 191, 261, 234, 546, 234, 258, 383, 63]
R18[245, 504, 364, 143, 276, 429, 559, 422, 364, 195, 364]
R19[128, 374, 446, 409, 69, 359, 533, 110, 317, 110, 110, 160, 533, 531, 8]
R20[390, 360, 178, 23, 23, 393, 181, 76, 284, 338, 308, 568, 329, 568, 452, 118, 354, 517, 384, 419]
R21[99, 21, 250, 600, 367, 320, 252, 579, 289]
R22[5, 448, 53, 567, 413, 440, 587, 270, 530, 149, 587]
R23[62, 113, 260, 333, 260, 113, 391]
R24[518, 445, 104, 595, 227, 227, 227, 236, 241, 98, 502, 214, 594, 389, 92, 186, 208, 575]
R25[243, 371, 573, 305, 366, 339, 553, 544, 444, 536]
R26[107, 484, 586, 586, 586, 183, 586, 54, 302, 431, 549, 556, 211, 309]
R27[22, 385, 22, 6, 95, 94, 95, 161, 386, 369, 585, 278, 427, 477, 7, 599, 483, 182, 403, 108]
R28[10, 202, 189, 425, 166, 235, 173, 10, 166, 166, 17, 137, 228]
R29[346, 293, 285, 58, 300, 88, 436, 215, 436, 64]
R30[314, 570, 231, 281, 140, 310, 78, 231, 565, 482, 535, 264]
R31[332, 30, 597, 597, 313, 313, 331, 593, 68, 490, 86]
R32[204, 29]
R33[266, 555, 151, 478, 73]
R34[230, 447, 406, 406, 406, 406, 299, 187, 237, 406, 406, 406, 201, 542, 540, 20, 122, 382, 24, 596, 471, 83, 153]
R35[169, 26, 351, 400, 588, 49, 341, 220, 269]
R36[500, 233, 376, 416, 421, 416, 109, 564, 381, 350, 508, 392, 312, 218]
R37[77, 348, 468, 582, 71, 238, 582, 61, 131, 464, 340, 244, 18, 120, 197, 59, 251, 18]
R38[355, 267, 319, 551, 206, 286, 424, 548, 499, 106, 286, 322, 487, 65, 212, 170]
R39[207, 323, 545, 48, 459, 561, 159]
R40[51, 150, 16, 453, 115, 199, 411, 514, 443, 171]
R41[361, 254, 184, 558, 402, 470, 402, 200, 335, 123, 455]
R42[578, 216, 433, 486, 25, 41, 25, 174, 292, 589]
R43[257, 196, 67, 460, 372, 491, 268, 434, 584, 268, 532, 295]
R44[485, 539, 135, 288, 489, 136, 32, 428, 528, 287, 225]
R45[121, 222, 229, 179, 47, 175, 516, 60, 516, 222, 222, 222, 222, 404, 368, 180, 4, 138, 496, 523, 501, 571, 420, 442, 28]
R46[262, 190, 213, 190, 190, 44, 479, 479, 407, 280, 277]
R47[1, 84, 395, 439, 454, 426, 219, 46, 129, 85]
R48[378, 91, 505, 101, 505, 437, 505, 435]
R49[304, 441, 232, 246, 569, 387, 410, 534, 164, 125, 125, 133, 3, 450, 103, 168, 114, 349, 70, 397, 296, 461]
R50[124, 141]
R51[224, 127, 33, 529, 562, 256, 510, 560, 566, 560, 560, 316, 55, 34, 38, 334, 399, 303, 345]
------------------------------------------
