 
------------------------------------------
CANTIDAD DE EJECUCIONES: 100
HEURÍSTICA DE CONSTRUCCIÓN: HeuristicType.NearestNeighborWithRLC
COSTO TOTAL: 82206.14
TOTAL DE RUTAS: 51
TIEMPO DE EJECUCIÓN: 120.93445491790771 milisegundos
 
R1[2, 597, 593, 598, 582, 600, 579, 576, 596, 595, 594]
R2[586, 592, 571, 591, 568, 590, 566, 584, 564, 581, 580, 589, 562]
R3[577, 588, 575, 572, 560, 587, 583, 557, 578, 529, 523, 556, 574]
R4[573, 517, 549, 570, 547, 569, 546, 516, 567, 537, 532, 531, 525]
R5[518, 510, 508, 511, 565, 506, 563, 559, 502, 501, 500, 492]
R6[490, 496, 476, 475, 555, 491, 484, 554, 553, 468, 474, 464]
R7[552, 452, 463, 461, 551, 550, 425, 421, 457, 420, 419, 548, 544, 451]
R8[445, 442, 417, 416, 399, 542, 541, 436, 434, 393, 418, 415, 540]
R9[392, 412, 409, 390, 407, 404, 384, 539, 381, 536]
R10[376, 367, 535, 534, 533, 530, 528, 527, 398, 526]
R11[397, 360, 358, 396, 354, 524, 522, 350, 348, 391, 521]
R12[519, 345, 514, 513, 340, 509, 507, 389, 499, 383]
R13[380, 498, 338, 334, 372, 332, 368, 365, 362, 355, 495, 331, 330, 489, 329, 321, 487]
R14[320, 316, 313, 349, 312, 486, 485, 482, 481, 346, 480, 479]
R15[473, 308, 472, 471, 303, 469, 344, 289, 342, 284, 282, 258]
R16[256, 252, 251, 250, 337, 467, 247, 466, 244, 333, 465]
R17[460, 238, 458, 235, 453, 318, 450, 233, 317, 229, 309]
R18[300, 298, 228, 296, 295, 449, 224, 448, 447, 294, 293, 446]
R19[291, 223, 285, 268, 222, 265, 444, 261, 443, 221, 441]
R20[440, 218, 432, 431, 430, 429, 260, 242, 241, 239, 202, 197, 194]
R21[428, 236, 234, 227, 424, 189, 226, 215, 423, 214, 422]
R22[211, 208, 414, 188, 413, 411, 193, 181, 410, 406]
R23[191, 180, 179, 405, 178, 177, 186, 175, 173, 185, 400, 167, 166, 163]
R24[158, 168, 394, 388, 154, 146, 387, 382, 155, 377]
R25[149, 142, 137, 374, 373, 371, 131, 370, 366, 127, 138, 120, 121]
R26[118, 113, 111, 109, 110, 99, 90, 86, 359, 357, 107]
R27[77, 104, 356, 76, 75, 353, 352, 351, 100, 98, 96, 92, 71, 68, 347, 343]
R28[61, 60, 88, 339, 336, 70, 328, 326, 59, 56]
R29[69, 66, 64, 63, 325, 55, 62, 58]
R30[324, 50, 322, 47, 319, 54, 38, 315, 45, 314, 36, 310]
R31[307, 40, 305, 37, 34, 30, 33, 304, 31, 28, 27]
R32[23, 302, 18, 21, 17, 13, 19, 301, 299, 292, 290]
R33[14, 4, 286, 10, 280, 9, 270, 8, 3, 288, 599, 585, 287]
R34[283, 561, 267, 558, 264, 545, 262, 543, 538]
R35[520, 257, 281, 515, 512, 505, 209, 279, 277, 206]
R36[196, 504, 190, 276, 503, 497, 494, 274, 493, 273, 183, 272, 271, 269]
R37[488, 266, 483, 176, 263, 160, 478, 255, 156, 248, 477]
R38[470, 246, 245, 243, 133, 237, 459, 232, 231]
R39[128, 230, 225, 114, 106, 103, 455, 454, 219, 439, 89, 217]
R40[437, 67, 435, 213, 44, 433, 5, 426, 408, 427]
R41[402, 403, 395, 386, 212, 375, 364, 363, 205, 204, 379]
R42[378, 361, 203, 341, 369, 335, 323, 311, 297, 254, 278, 253]
R43[201, 275, 199, 220, 198, 192, 259, 249, 216, 210, 240]
R44[200, 195, 207, 187, 1, 184, 174, 148, 182, 172, 130, 171]
R45[170, 165, 169, 162, 164, 153, 112, 93, 152]
R46[159, 151, 147, 53, 42, 11, 144, 43, 143, 141]
R47[20, 140, 150, 139, 135, 134, 132, 136, 12, 129, 126, 124]
R48[122, 119, 125, 115, 123, 102, 117, 108, 116, 87, 105, 85]
R49[101, 97, 91, 83, 81, 80, 79, 74, 78, 73, 65, 84, 57]
R50[82, 52, 51, 49, 72, 41, 39, 46, 35, 32, 26, 25, 24, 29]
R51[15, 16, 7, 48, 385, 22, 401, 306, 94, 161, 6, 157, 95]
------------------------------------------
