 
------------------------------------------
CANTIDAD DE EJECUCIONES: 100
HEURÍSTICA DE CONSTRUCCIÓN: HeuristicType.RandomMethod
COSTO TOTAL: 2031.44
TOTAL DE RUTAS: 5
TIEMPO DE EJECUCIÓN: 0.048122406005859375 milisegundos
 
R1[23, 27, 14, 11, 34, 69, 72, 30, 3, 26, 40, 53]
R2[64, 56, 24, 39, 32, 66, 18, 6, 49, 8, 57, 41]
R3[46, 73, 19, 74, 4, 51, 59, 9, 50, 1, 33, 52]
R4[25, 62, 38, 28, 37, 13, 44, 47, 55, 31, 45, 17, 42, 43]
R5[67, 75, 61, 22, 36, 65, 10, 35, 7, 60, 21, 54, 5]
------------------------------------------
