 
------------------------------------------
CANTIDAD DE EJECUCIONES: 100
HEURÍSTICA DE CONSTRUCCIÓN: HeuristicType.RandomMethod
COSTO TOTAL: 1914.54
TOTAL DE RUTAS: 5
TIEMPO DE EJECUCIÓN: 0.04714012145996094 milisegundos
 
R1[72, 40, 50, 48, 8, 6, 57, 66, 33, 38, 22, 71, 70]
R2[41, 1, 36, 9, 56, 16, 54, 47, 74, 24, 11]
R3[46, 34, 64, 17, 73, 30, 45, 69, 61, 19, 27, 58, 51, 3]
R4[7, 21, 32, 10, 29, 75, 4, 26, 53, 59]
R5[67, 25, 14, 37, 35, 12, 31, 18, 44, 52, 13, 42, 68, 62]
------------------------------------------
