 
------------------------------------------
CANTIDAD DE EJECUCIONES: 100
HEURÍSTICA DE CONSTRUCCIÓN: NearestNeighborWithRLC
COSTO TOTAL: 2294.03
TOTAL DE RUTAS: 9
TIEMPO DE EJECUCIÓN: 234 milisegundos
 
R1[99, 100, 97, 1, 77, 81, 94, 2, 4]
R2[98, 96, 59, 95, 92, 87, 58, 93]
R3[5, 91, 89, 88, 90, 82, 86, 84, 6]
R4[85, 83, 60, 61, 80, 7, 62, 8, 52, 70, 76, 9]
R5[79, 10, 63, 32, 3, 73, 75, 78, 72, 57]
R6[74, 71, 69, 68, 12, 11, 66, 13]
R7[15, 43, 44, 14, 42, 17, 16, 45, 48, 47, 64, 46, 36, 19, 49, 18, 54]
R8[56, 23, 67, 41, 22, 53, 55, 39, 51]
R9[50, 40, 21, 38, 37, 33, 65, 35, 34, 29, 25, 26, 27, 28, 24, 20, 31, 30]
------------------------------------------
