 
------------------------------------------
HEURÍSTICA DE CONSTRUCCIÓN: CMT
COSTO TOTAL: 1302.9
TOTAL DE RUTAS: 4
 
R1[21, 26, 12, 68, 29, 80, 41, 73, 54, 55, 22, 74, 72, 56, 75, 23, 67, 39, 25, 4, 24, 34, 78, 3, 77, 79, 40]
R2[46, 36, 49, 7, 48, 47, 19, 64, 32, 30, 20, 66, 88, 90, 63, 11, 10, 62, 45, 8, 82, 31, 65]
R3[59, 6, 27, 28, 94, 89, 70, 69, 1, 33, 50, 81, 35, 71, 51, 9, 76, 53, 52, 96, 99, 18, 95, 13, 58, 60, 83, 5, 92]
R4[98, 44, 42, 14, 38, 43, 2, 57, 15, 87, 97, 91, 100, 16, 86, 17, 61, 37, 84, 85, 93]
------------------------------------------
