 
------------------------------------------
HEURÍSTICA DE CONSTRUCCIÓN: Sweep
COSTO TOTAL: 15067.89
TOTAL DE RUTAS: 19
TIEMPO DE EJECUCIÓN: 13.565955638885498
 
R1[82, 150, 183, 5, 64, 20, 172, 81, 200, 117, 84, 147, 127]
R2[180, 35, 110, 112, 162, 57, 4, 41, 194]
R3[59, 181, 176, 1, 42, 16, 160, 159]
R4[115, 185, 12, 166, 133, 89, 65, 134, 14, 125, 161, 71]
R5[111, 26, 44, 87, 76, 178, 169, 31, 122, 10]
R6[116, 154, 40, 151, 132, 17, 79, 74, 11, 46, 62, 198]
R7[69, 136, 45, 95, 100, 66, 103, 118, 99, 52, 15]
R8[72, 55, 173, 102, 108, 158, 85, 25, 155]
R9[146, 128, 9, 140, 197, 170, 37, 182, 96, 129, 97]
R10[8, 93, 60, 195, 90, 92, 199, 32, 30, 58, 157, 193]
R11[70, 77, 184, 33, 83, 149, 61, 142, 7, 18]
R12[131, 143, 192, 188, 148, 137, 167, 121, 67, 27]
R13[19, 153, 186, 104, 191, 75, 38, 135, 2, 21, 124, 22]
R14[109, 39, 177, 187, 107, 163, 165, 36, 138, 73, 29]
R15[88, 171, 106, 13, 78, 189, 86, 144, 53, 126, 50]
R16[174, 145, 105, 130, 119, 196, 63, 91, 152, 168, 101, 113]
R17[23, 56, 28, 156, 68, 47, 120, 98, 141, 43, 51, 6]
R18[49, 24, 164, 175, 139, 34, 190, 48, 179, 80, 123, 3]
R19[114, 94, 54]
------------------------------------------
