 
------------------------------------------
HEURÍSTICA DE CONSTRUCCIÓN: Sweep
COSTO TOTAL: 14898.91
TOTAL DE RUTAS: 18
TIEMPO DE EJECUCIÓN: 13.33262300491333
 
R1[80, 33, 172, 8, 141, 54, 188, 137, 184]
R2[132, 178, 121, 36, 105, 113, 174, 200, 96, 173, 157]
R3[87, 95, 27, 24, 29, 90, 69, 156, 122, 101, 100, 75]
R4[2, 9, 149, 189, 66, 164, 63, 85, 35, 56]
R5[46, 44, 49, 182, 97, 112, 170, 15, 64, 106, 77, 124]
R6[3, 26, 61, 31, 51, 159, 185, 81, 165, 108, 120, 6]
R7[129, 5, 43, 143, 154, 91, 11, 50, 92, 57, 17, 148]
R8[187, 131, 130, 138, 142, 183, 150, 109, 94, 175, 84, 68]
R9[145, 169, 119, 155, 38, 48, 10, 74, 199, 158, 196, 162, 32]
R10[4, 171, 136, 7, 125, 144, 14, 53, 107, 18, 37, 52, 116, 126]
R11[42, 12, 102, 160, 115, 40, 82, 71, 19]
R12[194, 168, 127, 114, 177, 135, 117, 41, 70, 163, 39, 73]
R13[88, 167, 166, 195, 78, 191, 98, 22, 65, 110, 59]
R14[89, 128, 62, 186, 193, 30, 180, 118, 76]
R15[21, 83, 198, 197, 179, 67, 60, 1, 20, 133, 86]
R16[25, 47, 147, 103, 55, 34, 111, 123, 23]
R17[104, 13, 140, 192, 79, 152, 45, 161, 153, 134, 93, 190]
R18[99, 151, 181, 28, 139, 58, 72, 16, 176, 146]
------------------------------------------
