 
------------------------------------------
HEURÍSTICA DE CONSTRUCCIÓN: MatchingBasedSavingAlgorithm
COSTO TOTAL: 1205.7
TOTAL DE RUTAS: 3
TIEMPO DE EJECUCIÓN: 2.245840549468994
 
R1[15, 5, 37, 20, 69, 71, 28, 23, 49, 63, 49, 49, 18, 16, 3, 47, 36, 48, 62, 56, 62, 61, 22, 21, 48, 74, 49, 49, 44, 32]
R2[40, 17, 58, 72, 10, 12, 10, 51, 73, 41, 43, 4, 13, 29, 46, 8, 19, 52, 34, 27, 4, 68, 2, 30, 45, 57]
R3[1, 31, 9, 38, 33, 26, 6, 26, 7, 67, 35, 14, 66, 11, 59, 75, 6, 26, 39]
------------------------------------------
