 
------------------------------------------
HEURÍSTICA DE CONSTRUCCIÓN: MatchingBasedSavingAlgorithm
COSTO TOTAL: 1178.69
TOTAL DE RUTAS: 3
TIEMPO DE EJECUCIÓN: 2.2163937091827393
 
R1[3, 16, 63, 22, 63, 49, 24, 18, 55, 50, 25, 44, 32, 15, 28, 23, 21, 71, 69, 60, 36, 37, 20, 47, 5, 48, 74, 62, 56, 62]
R2[39, 17, 45, 27, 57, 30, 2, 35, 19, 54, 27, 29, 13, 8, 34, 75, 46, 41, 43, 41, 43, 41, 73, 33, 38, 65]
R3[1, 6, 6, 67, 6, 51, 58, 72, 10, 14, 26, 26, 11, 7, 11, 12, 26, 31, 40]
------------------------------------------
