 
------------------------------------------
HEURÍSTICA DE CONSTRUCCIÓN: MatchingBasedSavingAlgorithm
COSTO TOTAL: 1184.51
TOTAL DE RUTAS: 3
TIEMPO DE EJECUCIÓN: 2.2883572578430176
 
R1[15, 71, 69, 60, 36, 48, 5, 47, 37, 20, 37, 74, 21, 23, 28, 62, 56, 61, 22, 61, 63, 49, 24, 55, 18, 16, 3, 25, 44, 32]
R2[33, 29, 73, 41, 43, 4, 45, 4, 4, 35, 14, 19, 52, 46, 8, 27, 68, 2, 68, 75, 67, 30, 68, 57, 65]
R3[1, 7, 26, 39, 10, 10, 31, 40, 38, 66, 72, 58, 17, 26, 11, 53, 26, 26, 6, 12]
------------------------------------------
