 
------------------------------------------
HEURÍSTICA DE CONSTRUCCIÓN: MatchingBasedSavingAlgorithm
COSTO TOTAL: 1206.95
TOTAL DE RUTAS: 3
TIEMPO DE EJECUCIÓN: 2.2020702362060547
 
R1[33, 15, 29, 14, 30, 4, 68, 4, 34, 67, 75, 8, 13, 52, 27, 8, 35, 73, 41, 43, 2, 59, 54, 54, 19, 8]
R2[39, 32, 55, 24, 18, 25, 50, 3, 49, 16, 49, 63, 49, 44, 21, 62, 74, 37, 20, 37, 71, 69, 28, 23, 36, 37, 5, 60, 70, 48]
R3[1, 7, 11, 53, 10, 10, 12, 17, 26, 51, 26, 6, 26, 58, 72, 31, 9, 38, 66]
------------------------------------------
