 
------------------------------------------
HEURÍSTICA DE CONSTRUCCIÓN: MatchingBasedSavingAlgorithm
COSTO TOTAL: 1235.05
TOTAL DE RUTAS: 3
TIEMPO DE EJECUCIÓN: 2.257096767425537
 
R1[29, 8, 52, 13, 57, 66, 65, 19, 45, 30, 4, 34, 27, 35, 68, 46, 45, 67, 75, 73, 68, 41, 43, 43, 73]
R2[3, 24, 49, 22, 61, 63, 49, 16, 55, 50, 25, 44, 32, 28, 21, 15, 60, 71, 69, 60, 36, 48, 20, 37, 47, 5, 74, 62, 56, 62]
R3[1, 7, 6, 26, 11, 26, 53, 31, 10, 72, 40, 12, 58, 9, 12, 51, 17, 33, 39, 38]
------------------------------------------
