 
------------------------------------------
CANTIDAD DE EJECUCIONES: 20
HEURÍSTICA DE CONSTRUCCIÓN: HeuristicType.SaveParallel
COSTO TOTAL: 992.74
TOTAL DE RUTAS: 4
TIEMPO DE EJECUCIÓN: 14.077074766159058 milisegundos
 
R1[63, 64, 49, 36, 11, 19, 82, 46]
R2[90, 32, 20, 51, 9, 81, 33, 27, 53, 58, 13, 94, 6]
R3[91, 43, 15, 41, 22, 75, 74, 72, 73, 25, 55, 39, 67, 23, 56, 69, 77, 3, 79, 68, 80, 24, 29, 78, 34, 35, 65, 71, 66, 7, 10, 30, 70, 1, 50, 76, 28, 40, 21, 4, 54, 12, 26, 60]
R4[83, 18, 89, 52, 31, 62, 88, 47, 48, 8, 45, 84, 96, 95, 97, 92, 98, 37, 100, 85, 93, 99, 5, 59, 87, 2, 57, 42, 14, 38, 44, 16, 86, 61, 17]
------------------------------------------
