 
------------------------------------------
CANTIDAD DE EJECUCIONES: 20
HEURÍSTICA DE CONSTRUCCIÓN: HeuristicType.MatchingBasedSavingAlgorithm
COSTO TOTAL: 1789.71
TOTAL DE RUTAS: 3
TIEMPO DE EJECUCIÓN: 9.554668188095093 milisegundos
 
R1[32, 55, 55, 39, 25, 80, 62, 63, 11, 49, 47, 88, 54, 4, 67, 68, 76, 10, 7, 48, 46, 72, 26, 23, 75, 56, 12, 70, 90, 50, 24, 77, 62, 31, 29, 3, 19, 79]
R2[17, 100, 37, 96, 98, 59, 85, 91, 96, 38, 61, 35, 9, 82, 18, 81, 33, 78, 33, 52, 8, 6, 44, 16, 86, 5, 60, 16, 91, 93, 27, 96, 51, 96, 83, 52, 95, 94, 84, 14, 98, 97]
R3[1, 20, 58, 58, 53, 13, 40, 2, 15, 87, 57, 43, 42, 28, 73, 74, 21, 22, 74, 73]
------------------------------------------
