 
------------------------------------------
CANTIDAD DE EJECUCIONES: 100
HEURÍSTICA DE CONSTRUCCIÓN: HeuristicType.NearestNeighborWithRLC
COSTO TOTAL: 1997.32
TOTAL DE RUTAS: 3
TIEMPO DE EJECUCIÓN: 0.841547966003418 milisegundos
 
R1[1, 3, 83, 100, 60, 2, 96, 5, 99, 98, 89, 95, 94, 97, 92, 85, 93, 91, 84, 82, 90, 88, 61, 87, 59, 45]
R2[86, 18, 8, 80, 52, 17, 77, 7, 81, 6, 79, 69, 62, 58, 4, 76, 75, 10, 74, 73, 72, 57, 53, 70, 48, 50, 47]
R3[49, 68, 64, 63, 11, 37, 16, 56, 13, 54, 51, 44, 43, 42, 40, 38, 36, 31, 27, 28, 46, 41, 14, 33, 32, 30, 19]
------------------------------------------
