 
------------------------------------------
CANTIDAD DE EJECUCIONES: 20
HEURÍSTICA DE CONSTRUCCIÓN: HeuristicType.MatchingBasedSavingAlgorithm
COSTO TOTAL: 1613.45
TOTAL DE RUTAS: 3
TIEMPO DE EJECUCIÓN: 9.880173444747925 milisegundos
 
R1[46, 48, 7, 79, 19, 11, 70, 90, 64, 11, 63, 47, 36, 62, 31, 3, 50, 77, 50, 29, 24, 76, 10, 80, 68, 25, 67, 39, 12, 4, 54, 88]
R2[17, 16, 5, 91, 99, 59, 93, 85, 86, 61, 37, 100, 92, 94, 27, 60, 27, 51, 71, 51, 9, 35, 14, 98, 85, 44, 6, 89, 69, 18, 33, 33, 78, 33, 81, 78, 34, 83, 82, 84, 95, 97]
R3[1, 42, 57, 2, 57, 15, 58, 13, 87, 66, 20, 53, 21, 32, 56, 72, 74, 73, 74, 22, 23, 75, 28, 30, 26, 40]
------------------------------------------
