 
------------------------------------------
CANTIDAD DE EJECUCIONES: 100
HEURÍSTICA DE CONSTRUCCIÓN: HeuristicType.SaveSequential
COSTO TOTAL: 6285.82
TOTAL DE RUTAS: 4
TIEMPO DE EJECUCIÓN: 46.61866641044617 milisegundos
 
R1[133, 141, 149, 157, 139, 147, 155, 200, 192, 184, 197, 189, 181, 173, 163, 171, 179, 187, 195, 194, 186, 178, 170, 162, 165, 168, 176, 167, 164, 161, 169, 177, 185, 193, 235, 227, 219, 234, 226, 218, 210, 217, 225, 233, 275, 267, 274, 273, 265, 257, 249, 276, 268, 260, 252, 241, 250, 258, 266, 242, 244, 246, 254, 262, 270, 278, 313, 305, 297, 316, 308, 300, 292, 302, 310, 318, 353, 345, 356, 358, 350, 342, 334, 359, 351, 343, 335, 326, 332, 340, 348, 324, 327, 328, 336, 344, 352, 360, 78, 70, 62, 79, 71, 63, 55, 64, 72, 80, 118, 110, 119, 120, 112, 117, 109]
R2[52, 54, 46, 47, 48, 56, 61, 69, 77, 116, 108, 100, 92, 102, 94, 86, 84, 90, 83, 82, 89, 81, 88, 96, 104, 111, 103, 95, 87, 85, 93, 101, 91, 99, 107, 115, 160, 152, 144, 136, 128, 125, 123, 131, 130, 138, 146, 154, 199, 191, 183, 175, 166, 172, 180, 188, 196, 237, 229, 221, 211, 203, 202, 201, 209, 259, 251, 243, 245, 247, 255, 263, 271, 279, 314, 306]
R3[26, 34, 207, 204, 212, 220, 228, 236, 277, 269, 261, 253, 248, 256, 264, 272, 280, 238, 230, 222, 214, 206, 205, 213, 208, 216, 224, 232, 174, 182, 190, 198, 153, 145, 137, 129, 122, 121, 124, 127, 135, 143, 151, 159, 114, 106, 98, 97, 105, 113, 75, 67, 59, 53, 45, 43, 42, 44, 60, 68, 76, 357, 349, 341, 333, 325, 322, 321, 329, 337, 330, 323, 338, 346, 354, 319, 311, 303, 294, 286, 284, 281, 289, 290, 298, 299, 315]
R4[4, 12, 20, 28, 14, 22, 30, 38, 23, 31, 39, 74, 66, 58, 51, 50, 41, 49, 57, 65, 331, 339, 347, 355, 73, 320, 312, 304, 295, 287, 288, 285, 282, 283, 291, 293, 296, 301, 309, 317, 36, 307, 33, 25, 17, 215, 223, 231, 239, 240, 35, 27, 19, 132, 126, 134, 142, 150, 158, 40, 32, 24, 140, 148, 156, 37, 29, 21, 13, 11, 18, 10, 9, 1, 2, 3, 5, 16, 8, 15, 6, 7]
------------------------------------------
