 
------------------------------------------
HEURÍSTICA DE CONSTRUCCIÓN: SaveSequential
COSTO TOTAL: 6301.89
TOTAL DE RUTAS: 4
 
R1[210, 218, 226, 234, 217, 225, 233, 275, 267, 259, 251, 243, 242, 250, 258, 266, 274, 265, 273, 257, 249, 276, 268, 260, 252, 241, 244, 246, 254, 262, 270, 278, 313, 305, 297, 316, 308, 300, 292, 302, 310, 318, 353, 345, 356, 358, 350, 342, 334, 359, 351, 343, 335, 326, 332, 340, 348, 324, 327, 328, 336, 344, 352, 360, 78, 70, 62, 79, 71, 63, 55, 64, 72, 80, 118, 110, 119, 120, 112, 104, 96, 117, 109, 101, 93, 88, 95, 103, 111, 87, 85, 83, 91, 99, 107, 115, 160, 152, 144, 157, 149, 141, 133, 139, 147, 155, 200, 192, 197, 195, 187, 179, 171, 194, 186, 178, 170]
R2[346, 338, 330, 323, 333, 325, 322, 321, 329, 337, 294, 286, 284, 281, 289, 298, 306, 314, 279, 271, 263, 255, 247, 245, 253, 248, 261, 269, 277, 236, 228, 220, 209, 201, 202, 203, 211, 219, 227, 235, 193, 185, 177, 169, 161, 162, 163, 173, 181, 189, 165, 168, 176, 184, 167, 164, 172, 166, 175, 183, 191, 199, 154, 146, 138, 131, 123, 125, 128, 136, 135]
R3[20, 28, 36, 285, 282, 290, 283, 287, 295, 303, 311, 319, 354, 331, 341, 349, 357, 76, 68, 60, 54, 46, 47, 48, 56, 102, 94, 86, 84, 82, 90, 81, 92, 100, 108, 116, 77, 69, 61, 53, 45, 43, 42, 44, 52, 41, 49, 57, 65, 339, 347, 355, 73, 320, 312, 304, 296, 288, 293, 291, 299, 307, 256, 264, 272, 280, 238, 230, 222, 212, 204, 206, 207, 205, 213, 221, 229, 237, 196, 188, 180, 174, 190]
R4[7, 4, 12, 6, 14, 15, 8, 16, 5, 3, 11, 13, 21, 29, 37, 156, 148, 19, 27, 35, 18, 26, 34, 239, 231, 223, 214, 215, 208, 216, 224, 232, 240, 153, 198, 182, 145, 137, 129, 140, 24, 32, 40, 158, 150, 142, 134, 126, 132, 124, 122, 130, 121, 127, 143, 151, 159, 114, 106, 98, 89, 97, 105, 113, 75, 67, 59, 51, 50, 58, 66, 74, 39, 31, 23, 38, 30, 22, 301, 309, 317, 315, 33, 25, 17, 9, 1, 10, 2]
------------------------------------------
