Antes de iniciar JVM
Antes de llamar a Controller
Antes de apagar la JVM
FIN
 
------------------------------------------
HEURÍSTICA DE CONSTRUCCIÓN: RandomMethod
COSTO TOTAL: 8335.67
TOTAL DE RUTAS: 16
TIEMPO DE EJECUCIÓN: 0.13463878631591797
 
R1[20, 25, 9, 40, 28, 31, 12, 38, 7, 22, 6, 23]
R2[16, 21, 19, 18, 3, 27, 5, 30, 8]
R3[36, 10, 1, 29, 33, 4, 17, 34, 11, 35, 13]
R4[2, 26, 37, 39, 24, 14, 15, 32]
R5[62, 56, 55, 59, 71, 41, 65, 68, 72, 49]
R6[46, 67, 51, 57, 48, 64, 42, 80]
R7[50, 74, 73, 43, 75, 76, 47, 60, 58, 54, 69]
R8[45, 61, 78, 77, 70, 63, 44, 52, 79, 66, 53]
R9[115, 114, 84, 97, 101, 85, 89, 108, 100, 83]
R10[107, 87, 93, 98, 92, 112, 113, 109, 95, 116, 96]
R11[86, 119, 102, 99, 111, 103, 81, 91, 120, 104]
R12[82, 118, 110, 105, 117, 94, 106, 88, 90]
R13[139, 142, 159, 128, 131, 144, 146, 145, 140, 126, 143]
R14[133, 155, 148, 137, 138, 149, 135, 122, 151, 134]
R15[125, 156, 129, 123, 157, 130, 154, 153, 121, 141]
R16[150, 124, 132, 147, 152, 127, 158, 136, 160]
------------------------------------------
