Antes de iniciar JVM
Antes de llamar a Controller
Antes de apagar la JVM
FIN
 
------------------------------------------
HEURÍSTICA DE CONSTRUCCIÓN: RandomMethod
COSTO TOTAL: 8142.46
TOTAL DE RUTAS: 16
TIEMPO DE EJECUCIÓN: 0.13571596145629883
 
R1[1, 37, 3, 31, 12, 28, 6, 23]
R2[4, 13, 27, 11, 17, 21, 33, 18, 20, 14]
R3[8, 24, 32, 38, 22, 34, 15, 39, 10, 7]
R4[2, 5, 35, 40, 9, 19, 25, 36, 30, 16, 26, 29]
R5[72, 61, 77, 67, 42, 76, 51, 69, 78, 45, 58, 52]
R6[49, 66, 56, 55, 73, 80, 71, 43, 62, 65, 48]
R7[68, 53, 59, 75, 74, 46, 44, 50, 64, 60, 79, 70]
R8[47, 41, 54, 63, 57]
R9[110, 102, 119, 106, 82, 118, 109, 97, 87, 93, 88]
R10[92, 117, 120, 91, 86, 108, 100, 116, 98, 112, 107, 114, 90, 104]
R11[89, 99, 84, 81, 115, 83]
R12[85, 101, 113, 105, 111, 94, 95, 103, 96]
R13[122, 127, 151, 144, 146, 148, 150, 149, 121]
R14[123, 158, 154, 156, 136, 128, 157, 160, 135, 126]
R15[134, 129, 145, 130, 155, 131, 143, 124, 139]
R16[133, 152, 138, 137, 125, 132, 159, 140, 147, 153, 142, 141]
------------------------------------------
