Antes de iniciar JVM
Antes de llamar a Controller
Antes de apagar la JVM
FIN
 
------------------------------------------
HEURÍSTICA DE CONSTRUCCIÓN: RandomMethod
COSTO TOTAL: 8031.91
TOTAL DE RUTAS: 16
TIEMPO DE EJECUCIÓN: 0.11776566505432129
 
R1[5, 35, 33, 30, 20, 11, 1, 8, 12]
R2[25, 37, 40, 19, 6, 16, 31, 4, 9, 23]
R3[10, 39, 27, 38, 14, 7, 36, 22, 24, 29, 17, 21, 32]
R4[2, 13, 26, 3, 15, 18, 34, 28]
R5[64, 54, 79, 47, 77, 72, 65, 73, 70, 55, 74, 71, 63, 46]
R6[51, 42, 41, 57, 59, 44]
R7[45, 75, 68, 56, 67, 50, 80, 66, 78, 76, 58, 52]
R8[43, 53, 49, 62, 69, 61, 60, 48]
R9[102, 116, 89, 108, 96, 112, 115, 99, 98, 97, 94, 87, 114, 118]
R10[86, 111, 120, 119, 100, 104, 103, 110, 93, 84]
R11[88, 91, 101, 92, 105, 81, 109, 107]
R12[83, 95, 85, 82, 106, 113, 117, 90]
R13[148, 121, 134, 141, 150, 151, 136, 143, 156, 142, 140, 149, 138]
R14[127, 129, 122, 133, 154, 147, 158, 132, 157, 144, 160, 153]
R15[137, 126, 152, 128, 135, 123]
R16[125, 159, 124, 131, 155, 145, 146, 130, 139]
------------------------------------------
