Antes de iniciar JVM
Antes de llamar a Controller
Antes de apagar la JVM
FIN
 
------------------------------------------
HEURÍSTICA DE CONSTRUCCIÓN: RandomMethod
COSTO TOTAL: 8200.33
TOTAL DE RUTAS: 16
TIEMPO DE EJECUCIÓN: 0.13227581977844238
 
R1[9, 7, 6, 8, 34, 22, 18, 27, 32]
R2[10, 28, 40, 11, 37, 12, 23, 14, 25, 39, 17, 35, 13]
R3[3, 26, 16, 31, 38, 2, 5, 29, 30, 36, 19]
R4[4, 20, 21, 24, 15, 1, 33]
R5[80, 53, 57, 68, 52, 71, 61, 48, 58, 62, 65, 78]
R6[47, 50, 49, 42, 74, 66, 67, 41]
R7[54, 55, 79, 75, 51, 44, 60, 46]
R8[43, 45, 76, 56, 77, 59, 64, 70, 73, 69, 72, 63]
R9[89, 115, 101, 106, 90, 108, 94, 81, 114, 119, 83]
R10[110, 102, 107, 86, 103, 111, 88, 104, 91, 96, 112]
R11[84, 99, 97, 120, 85, 117, 116, 113, 100, 93, 105, 118, 109]
R12[82, 98, 95, 92, 87]
R13[124, 156, 149, 127, 137, 139, 144, 141, 151, 145, 147, 157]
R14[122, 143, 125, 136, 138, 146, 155, 129, 154, 160]
R15[130, 152, 126, 132, 134, 150, 158, 131, 140, 148]
R16[123, 133, 142, 153, 135, 121, 159, 128]
------------------------------------------
