Antes de iniciar JVM
Antes de llamar a Controller
Antes de apagar la JVM
FIN
 
------------------------------------------
HEURÍSTICA DE CONSTRUCCIÓN: RandomMethod
COSTO TOTAL: 8052.13
TOTAL DE RUTAS: 17
TIEMPO DE EJECUCIÓN: 0.22951912879943848
 
R1[30, 6, 37, 21, 13, 25, 28, 31, 38, 1, 32, 40, 20]
R2[15, 16, 3, 24, 5, 18, 27]
R3[2, 34, 29, 17, 12, 14, 19, 8, 35]
R4[7, 26, 33, 22, 10, 4, 23, 39, 36, 11]
R5[9]
R6[49, 74, 73, 47, 59, 65, 66, 44, 76, 46]
R7[43, 64, 78, 52, 41, 54, 58, 56, 71]
R8[68, 70, 45, 75, 69, 62, 51, 67, 57, 60, 63, 79, 55]
R9[48, 80, 50, 42, 61, 53, 72, 77]
R10[95, 102, 98, 116, 84, 108, 88, 87, 107, 109]
R11[112, 93, 113, 111, 105, 86, 94, 82, 92]
R12[85, 118, 96, 106, 81, 114, 99, 101, 119, 104, 110, 90]
R13[97, 83, 100, 103, 89, 115, 117, 120, 91]
R14[129, 131, 138, 121, 159, 125, 153, 127, 157]
R15[145, 130, 147, 149, 142, 134, 156, 124, 132, 150, 144]
R16[122, 151, 139, 146, 148, 136, 128, 158, 137, 154, 143, 160]
R17[123, 140, 133, 155, 141, 135, 126, 152]
------------------------------------------
