Antes de iniciar JVM
Antes de llamar a Controller
Antes de apagar la JVM
FIN
 
------------------------------------------
HEURÍSTICA DE CONSTRUCCIÓN: RandomMethod
COSTO TOTAL: 8246.01
TOTAL DE RUTAS: 16
TIEMPO DE EJECUCIÓN: 0.1939091682434082
 
R1[6, 19, 27, 18, 8, 11, 26, 17, 29, 31, 39, 32, 28, 38, 40]
R2[9, 1, 7, 4, 37, 35, 22, 24]
R3[16, 23, 34, 3, 5, 25, 36, 20, 13, 21]
R4[12, 2, 14, 15, 10, 33, 30]
R5[54, 68, 72, 55, 59, 50, 66, 47, 49, 74, 80]
R6[51, 69, 78, 73, 46, 60, 75, 65, 79, 64, 63, 41]
R7[48, 71, 70, 53, 52, 67, 61, 58, 56]
R8[42, 43, 76, 62, 44, 77, 57, 45]
R9[91, 108, 94, 86, 82, 111, 119, 106, 81]
R10[83, 100, 93, 107, 117, 87, 85, 105]
R11[92, 113, 116, 98, 104, 109, 103, 99, 115, 88, 102, 96, 114]
R12[89, 84, 118, 101, 97, 95, 110, 112, 120, 90]
R13[157, 148, 155, 127, 147, 142, 132, 150, 137, 143, 141, 136]
R14[125, 146, 159, 130, 122, 149, 151, 124, 153]
R15[128, 123, 138, 134, 152, 129, 156, 158, 139, 160, 144]
R16[126, 145, 154, 131, 140, 135, 121, 133]
------------------------------------------
