 
------------------------------------------
CANTIDAD DE EJECUCIONES: 100
HEURÍSTICA DE CONSTRUCCIÓN: HeuristicType.NearestNeighborWithRLC
COSTO TOTAL: 85460.28
TOTAL DE RUTAS: 57
TIEMPO DE EJECUCIÓN: 5.7640838623046875 milisegundos
 
R1[600, 597, 595, 2, 593, 582, 579, 594, 598]
R2[596, 592, 586, 591, 584, 576, 581, 590, 589, 571, 580]
R3[568, 566, 588, 587, 583, 577, 575, 564, 578, 572, 560]
R4[529, 523, 562, 517, 574, 557, 556, 573, 549, 547, 546]
R5[537, 570, 516, 569, 532, 511, 510, 508, 506, 567, 531, 501]
R6[500, 492, 565, 563, 559, 490, 476, 555, 554, 553]
R7[552, 475, 525, 474, 518, 551, 468, 464, 502, 550, 452, 425]
R8[548, 544, 421, 542, 496, 491, 420, 541, 419, 484, 540, 417, 416]
R9[399, 539, 536, 535, 393, 534, 533, 463, 392, 461, 457, 390]
R10[384, 530, 381, 376, 451, 445, 367]
R11[528, 360, 527, 442, 526, 358, 524, 522, 521]
R12[519, 354, 350, 514, 436, 348, 434, 418, 513, 415]
R13[412, 345, 340, 338, 334, 509, 332, 507, 331, 330]
R14[409, 499, 407, 498, 495, 329, 489, 487, 404, 398, 397]
R15[321, 396, 391, 320, 486, 316, 389, 485, 383, 482, 481, 380, 313]
R16[480, 479, 372, 368, 365, 362, 312, 355, 349, 308, 473, 303, 346]
R17[472, 289, 284, 344, 282, 471, 469, 467, 258, 342, 466]
R18[337, 256, 465, 252, 460, 251, 458, 333, 250]
R19[453, 247, 450, 318, 244, 238, 449, 317, 309]
R20[448, 235, 300, 298, 296, 233, 229, 447, 295, 294, 446, 293, 228]
R21[444, 443, 441, 291, 440, 224, 285, 268, 432, 223, 265]
R22[222, 261, 221, 260, 218, 202, 242, 197, 194, 189]
R23[188, 431, 181, 430, 180, 429, 241, 239, 179, 428]
R24[236, 234, 178, 227, 226, 215, 214, 211, 424, 208, 423]
R25[422, 177, 414, 175, 413, 173, 167, 193, 411, 191, 166]
R26[163, 410, 186, 158, 185, 168, 155, 146, 137, 154]
R27[406, 149, 405, 131, 127, 142, 121, 120, 138, 118, 113, 111]
R28[109, 99, 90, 110, 107, 104, 400, 100, 394, 388]
R29[387, 98, 96, 92, 88, 382, 86, 76, 75, 377, 71, 68]
R30[374, 61, 77, 60, 70, 59, 373, 371, 370]
R31[56, 69, 55, 66, 64, 63, 50, 62]
R32[47, 38, 36, 366, 58, 54, 34, 359, 357, 356]
R33[45, 40, 37, 30, 28, 353, 33, 23, 21, 18, 31]
R34[352, 17, 351, 13, 10, 347, 343, 4, 324, 322, 302, 27]
R35[19, 286, 339, 280, 270, 267, 264, 262, 336, 257]
R36[14, 9, 209, 206, 8, 3, 328, 196, 190, 183, 599]
R37[585, 176, 160, 326, 156, 325, 319, 561, 133, 558]
R38[128, 315, 114, 106, 545, 314, 103, 543, 310, 538]
R39[520, 307, 89, 515, 305, 67, 304, 44, 5, 504]
R40[301, 299, 512, 503, 493, 292, 488, 505, 478]
R41[470, 459, 497, 290, 288, 494, 287, 483, 455, 454, 477]
R42[435, 439, 433, 426, 283, 281]
R43[408, 402, 279, 437, 395, 427, 379, 403, 375]
R44[277, 276, 364, 386, 363, 361, 378, 341, 369, 323, 274]
R45[273, 311, 335, 297, 272, 271, 1, 269, 278, 266, 275]
R46[263, 213, 205, 259, 254, 255, 248, 253, 246, 148]
R47[249, 245, 130, 243, 112, 237, 93, 232, 53, 231]
R48[240, 225, 42, 11, 203, 230, 165, 219, 217, 220, 216, 210, 207]
R49[204, 201, 212, 199, 198, 195, 43, 20, 200, 192]
R50[187, 174, 184, 12, 182, 170, 171, 169, 153]
R51[172, 164, 150, 159, 152, 147, 151]
R52[144, 143, 162, 140, 141, 139, 135, 134, 132, 126]
R53[136, 129, 122, 119, 125, 124, 123, 116, 102, 87]
R54[85, 115, 117, 108, 83, 81, 105, 97, 80, 101, 78, 84]
R55[91, 82, 72, 65, 79, 57, 52, 51, 74, 49, 48, 46]
R56[41, 39, 73, 35, 32, 26, 29, 24, 16, 7, 15]
R57[385, 25, 6, 94, 401, 22, 306, 161, 157, 327, 145, 95]
------------------------------------------
