 
------------------------------------------
CANTIDAD DE EJECUCIONES: 100
HEURÍSTICA DE CONSTRUCCIÓN: HeuristicType.SaveSequential
COSTO TOTAL: 16998.52
TOTAL DE RUTAS: 56
TIEMPO DE EJECUCIÓN: 20.986207246780396 milisegundos
 
R1[184, 254, 402, 361, 470, 558, 515, 200, 123, 335, 455]
R2[174, 292, 29, 204, 589, 41, 433, 578, 216, 486, 25, 467, 565]
R3[581, 298, 73, 478, 151, 555, 266, 141, 124, 147, 356]
R4[531, 7, 278, 161, 95, 401, 94, 22, 385, 6, 145, 369]
R5[353, 469, 144, 449, 326, 513, 134, 274, 498, 274]
R6[468, 88, 300, 269, 220, 341, 169, 26, 49, 351]
R7[57, 270, 530, 39, 448, 53, 5, 567, 413, 440, 587]
R8[285, 346, 521, 588, 400, 527, 35, 373, 117, 129]
R9[210, 520, 488, 240, 494, 249, 275, 139, 497, 105, 82]
R10[63, 537, 160, 403, 182, 483, 427, 477, 599, 585, 386]
R11[207, 135, 287, 288, 539, 489, 136, 485, 428, 32, 528, 225]
R12[337, 96, 362, 37, 318, 149, 108, 438, 462, 456, 306, 454]
R13[189, 422, 195, 504, 364, 245, 301, 559, 143, 429]
R14[538, 152, 512, 116, 162, 375, 543, 253]
R15[33, 261, 191, 583, 352, 315, 519, 205, 112, 42]
R16[451, 365, 27, 14, 457, 226, 2, 546, 380, 242, 398, 383]
R17[582, 85, 46, 395, 439, 84, 1, 219, 426, 157]
R18[464, 93, 165, 590, 327, 325, 198, 541, 343, 554]
R19[251, 66, 293, 58, 215, 436, 64, 40, 415, 458]
R20[168, 133, 495, 125, 304, 164, 534, 232, 441, 246, 569, 310]
R21[47, 60, 411, 199, 115, 16, 150, 453, 514, 443, 171]
R22[13, 181, 418, 239, 370, 87, 481, 272, 466, 126, 394, 80, 102]
R23[579, 142, 344, 577, 387, 410, 482, 526, 78, 231]
R24[487, 212, 170, 65, 15, 74, 574, 307, 132, 83, 153]
R25[484, 563, 493, 408, 363, 172, 550, 377, 271]
R26[70, 114, 450, 3, 103, 535, 140, 281, 314, 570, 536, 444, 573, 305]
R27[100, 291, 414, 72, 423, 276, 430, 43, 424, 319, 548, 106]
R28[119, 192, 101, 378, 91, 505, 437, 435]
R29[31, 234, 320, 99, 21, 250, 367, 600, 252, 289]
R30[507, 79, 328, 97, 279, 311, 297, 259, 217, 248, 405, 347]
R31[263, 357, 465, 290, 552, 277, 52, 432, 81, 12, 213, 130]
R32[471, 503, 159, 323, 545, 459, 48, 561, 379, 509]
R33[598, 75, 282, 127, 562, 529, 56, 9, 110, 317, 128]
R34[506, 596, 201, 122, 382, 24, 255, 336, 237, 388]
R35[67, 460, 257, 196, 366, 339, 243, 371, 553, 544]
R36[146, 163, 397, 349, 264, 296, 461, 434, 268, 584, 372, 491, 396]
R37[211, 283, 273, 522, 480, 203, 524, 148, 302]
R38[594, 389, 92, 502, 214, 575, 208, 499, 286, 206, 551, 267, 355]
R39[350, 89, 473, 324, 183, 591, 209, 54, 431, 586, 156, 107, 98]
R40[416, 185, 236, 241, 227, 104, 595, 518, 445, 321]
R41[359, 190, 262, 44, 479, 280, 176, 446, 374, 533, 69, 409, 8]
R42[186, 233, 376, 500, 173, 322, 299, 406, 230, 187]
R43[472, 20, 540, 542, 412, 463, 11, 447, 19, 592]
R44[68, 332, 597, 572, 294, 193, 260, 333, 113, 62, 580]
R45[221, 342, 45, 155, 525, 391, 313, 331, 223]
R46[76, 23, 354, 517, 384, 492, 419, 593, 30, 490, 86]
R47[338, 308, 393, 452, 568, 390, 178, 360, 90, 329]
R48[334, 265, 407, 557, 167, 258, 510, 560, 566, 111, 38]
R49[399, 303, 256, 55, 34, 61, 131, 71, 77]
R50[496, 442, 154, 475, 358, 474, 50, 36, 188, 158, 316]
R51[312, 392, 508, 549, 556, 547, 309, 295, 532, 368, 404]
R52[330, 179, 194, 476, 222, 229, 121, 516, 175, 417, 247, 381]
R53[511, 235, 177, 109, 564, 218, 421, 228, 17, 137, 425, 202, 166]
R54[10, 284, 118, 120, 244, 197, 340, 348, 238, 576, 224]
R55[28, 523, 501, 420, 571, 138, 4, 180, 18, 59]
R56[345]
------------------------------------------
