 
------------------------------------------
HEURÍSTICA DE CONSTRUCCIÓN: Sweep
COSTO TOTAL: 2198.36
TOTAL DE RUTAS: 4
 
R1[89, 85, 20, 66, 30, 70, 52, 31, 32, 16, 61, 5, 60, 18, 88, 10, 90, 62, 7, 63, 83, 84, 82, 11, 48]
R2[19, 8, 86, 64, 17, 45, 47, 49, 46, 36, 67, 23, 43, 15, 41, 39, 22, 75, 56, 74, 25, 72, 4, 55, 57, 73, 21, 2, 42]
R3[54, 24, 40, 87, 29, 80, 14, 26, 68, 12, 58, 77, 3, 13, 53, 97, 79, 34, 78, 76, 28, 95, 33, 81, 38]
R4[100, 37, 92, 50, 35, 94, 9, 98, 59, 27, 51, 71, 1, 6, 96, 65, 91, 69, 44, 99, 93]
------------------------------------------
