 
------------------------------------------
HEURÍSTICA DE CONSTRUCCIÓN: Sweep
COSTO TOTAL: 3160.24
TOTAL DE RUTAS: 4
TIEMPO DE EJECUCIÓN: 1.9478983879089355
 
R1[57, 20, 85, 60, 7, 76, 30, 52, 47, 99, 71, 80, 69, 54, 91, 27, 23, 17, 95, 13, 38, 1, 53, 39, 90, 70, 62, 88, 40]
R2[100, 55, 28, 68, 65, 51, 18, 11, 66, 19, 63, 26, 9, 36, 31, 45, 82, 87, 61, 59, 73, 8, 50, 83]
R3[32, 78, 77, 6, 24, 93, 79, 58, 48, 33, 84, 43, 98, 44, 25, 94, 10, 97, 22, 92, 12, 2, 67, 16, 81, 29, 21]
R4[4, 3, 5, 86, 14, 42, 15, 41, 96, 37, 35, 34, 64, 72, 56, 75, 49, 46, 89, 74]
------------------------------------------
