 
------------------------------------------
HEURÍSTICA DE CONSTRUCCIÓN: Sweep
COSTO TOTAL: 3284.69
TOTAL DE RUTAS: 4
TIEMPO DE EJECUCIÓN: 1.9929382801055908
 
R1[87, 31, 36, 45, 48, 59, 8, 18, 42, 70, 94, 41, 39, 95, 90, 12, 44, 19, 22, 21, 2, 35, 69, 62, 10]
R2[3, 74, 57, 38, 43, 73, 29, 82, 1, 47, 4, 9, 32, 58, 63, 17, 52, 91, 37, 33, 24, 46, 80, 20, 53, 26, 89, 77, 66, 34, 76]
R3[68, 56, 23, 83, 55, 30, 65, 67, 28, 5, 64, 7, 78, 49, 14, 75, 40, 72, 85, 88, 81, 11]
R4[27, 71, 100, 13, 97, 93, 86, 50, 15, 54, 99, 16, 6, 96, 60, 98, 84, 51, 61, 25, 79, 92]
------------------------------------------
