 
------------------------------------------
HEURÍSTICA DE CONSTRUCCIÓN: Sweep
COSTO TOTAL: 3276.09
TOTAL DE RUTAS: 4
TIEMPO DE EJECUCIÓN: 1.9302566051483154
 
R1[7, 59, 47, 62, 52, 34, 30, 81, 19, 12, 73, 99, 86, 42, 77, 48, 45, 80, 38, 87, 33, 90, 72]
R2[66, 8, 13, 24, 41, 92, 10, 64, 40, 94, 28, 4, 43, 35, 74, 1, 21, 3, 14, 63, 11, 36, 61, 15, 96, 20, 71, 53, 93, 27, 44]
R3[68, 9, 2, 75, 54, 78, 39, 16, 46, 84, 79, 25, 67, 55, 32, 82, 49, 5, 22, 85, 70, 97]
R4[31, 6, 58, 26, 65, 18, 89, 51, 56, 98, 91, 23, 29, 57, 88, 100, 17, 69, 60, 83, 50, 76, 37, 95]
------------------------------------------
