 
------------------------------------------
HEURÍSTICA DE CONSTRUCCIÓN: Sweep
COSTO TOTAL: 3283.47
TOTAL DE RUTAS: 4
TIEMPO DE EJECUCIÓN: 2.018993616104126
 
R1[59, 60, 97, 21, 17, 41, 64, 56, 74, 46, 18, 78, 32, 13, 80, 96, 2, 81, 67, 23, 77, 36, 30, 20, 85, 33, 42, 5, 8, 7]
R2[26, 12, 76, 69, 14, 27, 1, 35, 52, 34, 98, 82, 31, 11, 19, 38, 86, 84, 93, 15, 91, 89, 71, 75, 68, 99]
R3[50, 47, 72, 44, 54, 87, 100, 39, 62, 37, 65, 16, 6, 66, 51, 25, 70, 10, 45, 4, 3, 58, 79, 24]
R4[48, 95, 57, 61, 88, 53, 63, 49, 9, 28, 73, 29, 55, 22, 94, 92, 40, 43, 90, 83]
------------------------------------------
