4 192 4 
185
185
185
185
  1 -44.629 -55.640  11 	
  2  36.096  64.935  11 	
  3 -25.470  44.580  23 	
  4 -33.954 -73.059 16	
  5  45.654  35.730  16	
  6  14.954 -36.719   2 	
  7  -1.477  47.205   1	
  8   2.155 -40.912  25 	
  9  22.992   1.398  24	
 10 -28.857   5.957  14 	
 11 -48.120  94.116   6	
 12   7.239  17.322  20 	
 13   4.614  27.051  10 	
 14 -13.971  28.198  11 	
 15  12.946 -11.688   2	
 16 -36.670  23.102  22 	
 17  -4.224 -49.310   2 	
 18   1.093  -7.135  12 	
 19 -56.958  27.905   9 	
 20 -80.994 -77.686  21 	
 21  72.260  59.027  10 	
 22 -21.655   1.636  13 	
 23 -20.154 -62.415  25	
 24 -48.157   6.287   9	
 25  -5.078  61.597  19 	
 26  17.145 -47.046  22 	
 27 -16.064   8.557   4	
 28   6.683 -27.069   4	
 29  15.027 -34.979   7		
 30  37.946  73.914  20 	
 31 -41.199 -43.018  17	
 32  32.538  11.786  19	
 33 -20.306 -20.239  12	
 34 -35.480  19.135   2 	
 35  58.038  56.659  13 		
 36 -36.694  -6.256  24 	
 37   0.446 -46.735  22		
 38 -19.690  38.977  17 	
 39 -47.339  20.911  19 	
 40 -79.236 -57.678   4 	
 41   5.597 -34.076  12 	
 42  34.454  -8.289  22 	
 43  18.500 -51.154   2 	
 44  -4.346 -44.525  19 	
 45 -14.148 -74.164   3 	
 46  19.867  77.515   5 	
 47 -50.079  17.871  22 	
 48  42.786 -79.883   6 	
 49   1.520 -29.034   9 	
 50  14.728  -3.436   8 	
 51 -26.166 -48.999  24 	
 52 -63.873  -5.273  15 	
 53 -54.138   7.086  16 	
 54  17.932 -34.094   9 		
 55 -98.706  34.552   1 	
 56  28.802  -8.582  18 	
 57   2.716  90.594  17 	
 58 -31.024  48.938  18 	
 59 -46.545  42.316   2 	
 60  27.289  58.179  25 	
 61  28.815 -28.027  21 	
 62 -26.099  11.328  19 	
 63   0.537 -26.221  10 	
 64 -50.458   7.812   2 	
 65  30.005  19.092  21 	
 66 -12.604  22.058  20 		
 67  22.009  -8.636  21 	
 68   8.942   2.875   2 	
 69 -19.812   0.922   6 	
 70  -4.230  31.250   2 	
 71  17.975  -0.409  12 	
 72  -2.350  42.938  12 	
 73 -16.516  68.085   5 	
 74  -1.190  42.023   5	
 75  56.635 -44.019   8	
 76  57.483  35.504  15	
 77 -26.099   7.477   8 	
 78   7.489 -57.239   7 	
 79 -22.095  55.780  14 	
 80  19.867  38.824  18 	
 81   5.310  49.219  17 	
 82  15.155   6.299   5 	
 83   5.481 -31.500   6 		
 84   7.959 -28.662   9 	
 85 -75.812   4.010  24 	
 86 -43.671 -61.646  13 	
 87  -2.576 -62.140   5 	
 88 -18.842 -36.884   4	
 89  20.844  21.167  22 	
 90   3.137 -19.220  24 	
 91 -20.361  18.878  25 	
 92  -0.897 -54.938   9 	
 93 -29.553   9.277   8	
 94   5.048 -35.046   8 	
 95  27.759  48.712  25 	
 96  12.079 -42.346   7 	
 97 -51.270  41.144  24 	
 98 -29.077   4.291  16 	
 99 -18.555 -14.819  15	
100   7.855 -49.451   7 	
101 -19.116 -32.086  17	
102  17.651 -52.271   9 	
103  16.907 -62.964  14 	
104  18.988   6.219  20 		
105 -68.878 -64.539   6	
106 -13.361  20.264  17 	
107 -44.440  63.721  23 	
108  -6.500  71.436  14 	
109 -51.978  25.409  19 	
110  -0.739  59.491  21 	
111 -64.679  83.038   6 	
112 -11.273 -35.944   1 	
113 -16.864   7.776  22 	
114  19.843 -49.805   7 	
115 -16.284  -2.936  14 	
116   8.356  67.041   7 	
117  30.878  24.316  25 	
118  93.524 -20.233  17 	
119  -9.332 -56.177  10 	
120 -34.442 -63.312  23 	
121  20.941  -5.646  22 	
122  -3.418  89.594   3 	
123 -18.738  45.227  14 	
124   2.435 -30.524  14	
125 -28.864  56.616   2 	
126  76.880 -29.901   2 	
127 -90.466  10.278  21	
128 -35.101  46.545  10 		
129 -48.395  43.854  10 	
130 -40.997  26.703   5 	
131  13.696  34.607   9 	
132 -71.472  11.450  15 	
133 -36.230  51.904  19 	
134 -39.465   4.907   7 	
135 -16.565  23.773  11 	
136  10.754 -28.552   2 	
137 -23.029  47.015  25 	
138  -8.807  21.216  14	
139 -40.039  27.435  15 	
140 -37.445 -41.040  12 	
141  48.224   0.085  11 	
142  -0.323  68.237  17 	
143 -14.294 -33.423   4 	
144  -1.440 -34.814  24 	
145 -34.454  42.346   8 	
146   8.679 -66.180  20 	
147 -61.249 -51.367  12 	
148  -1.093   9.912  10 	
149 -16.565  66.547  12 	
150   8.435  52.838   9 	
151 -22.034 -36.896  16 	
152  15.765  17.322  23	
153   9.003 -18.695  15 	
154  -4.584   3.491  10 	
155   8.875  40.662  21 	
156  26.093 -33.966   2 	
157 -32.501  39.526  16		
158 -32.629 -82.581  15 		
159 -98.486  22.021  11 	
160 -59.052   4.163  11 	
161   7.428  -2.570  17 	
162 -59.601  12.469   3 	
163 -11.224 -31.830   9 	
164 -16.809 -35.040   1 	
165  21.863  18.140  13 	
166  45.038 -61.316   1 	
167 -48.816  25.568   2 	
168 -32.184 -16.736  22 	
169  12.439 -41.492  10 	
170 -21.082 -77.075   4 	
171 -17.822 -18.518   9 	
172  48.334  93.518  11 	
173 -18.677  49.005   3 	
174  12.140  30.042  19 	
175   3.113 -40.302  19 	
176  17.133  37.079   4 	
177  22.577   0.836  19 	
178 -30.426  52.942  15 	
179  33.765 -67.108  21 	
180   5.414   1.532  25 	
181  72.156  30.103   4 	
182 -24.109 -34.625   3 	
183  17.413  75.146   6 	
184  10.638 -60.052   6 	
185  -5.176 -48.999  21 	
186 -19.342  21.118  25 	
187 -46.802 -14.661  10 	
188 -16.779  43.439  25 	
189  14.093 -13.605  19 	
190 -21.063  26.019  19 		
191  39.813 -40.668  22	
192  52.057  30.334   5 	
193  -0.140   7.266   	
194 -23.138  48.450  	
195 -26.102  16.809  	
196   0.244 -35.892 	
