 
------------------------------------------
HEURÍSTICA DE CONSTRUCCIÓN: CMT
COSTO TOTAL: 846.55
TOTAL DE RUTAS: 6
TIEMPO DE EJECUCIÓN: 1.2433581352233887
 
R1[7, 53, 8, 35, 35, 14, 59, 19, 54, 27, 34, 52, 46]
R2[3, 24, 18, 25, 25, 25, 44, 32, 40, 9, 12, 17, 49, 39]
R3[5, 20, 37, 20, 15, 57, 70, 71, 36, 69]
R4[31, 10, 65, 58, 38, 38, 66, 38]
R5[47, 21, 61, 68, 4, 45, 29, 28, 30, 29, 48, 29, 29, 75, 26]
R6[1, 63, 16, 56, 41, 41, 43, 42, 64, 41, 43, 51, 73, 33, 6]
------------------------------------------
