 
------------------------------------------
HEURÍSTICA DE CONSTRUCCIÓN: CMT
COSTO TOTAL: 845.28
TOTAL DE RUTAS: 6
TIEMPO DE EJECUCIÓN: 1.2935607433319092
 
R1[40, 3, 44, 18, 25, 50, 25, 25, 55, 25, 9, 72, 39, 9, 58, 17]
R2[35, 7, 53, 11, 38, 65, 66, 14, 59, 19, 8, 46, 34, 52, 54, 67, 26]
R3[68, 68, 6, 75, 51, 16, 75, 62, 62, 73, 33, 73, 33, 1, 24, 30, 74]
R4[36, 47, 48, 61, 61, 69, 21, 5, 29, 45]
R5[41, 56, 23, 43, 42, 43, 42]
R6[20, 60, 70, 57, 13, 27, 57, 13]
------------------------------------------
