 
------------------------------------------
HEURÍSTICA DE CONSTRUCCIÓN: CMT
COSTO TOTAL: 862.94
TOTAL DE RUTAS: 6
TIEMPO DE EJECUCIÓN: 1.3012559413909912
 
R1[20, 70, 37, 71, 60, 71, 36, 47, 5, 15]
R2[53, 11, 66, 65, 38, 7, 35, 14, 59, 14, 58]
R3[64, 1, 23, 56, 43, 42, 41, 43, 43, 49, 24, 63, 73, 62]
R4[31, 55, 25, 39, 10, 39, 9, 18, 50, 32]
R5[27, 13, 54, 57, 29, 45, 34, 8, 52, 46, 48]
R6[3, 51, 3, 16, 44, 3, 16, 33, 28, 74, 30, 68, 2, 17, 26, 67, 4, 6, 75]
------------------------------------------
