 
------------------------------------------
HEURÍSTICA DE CONSTRUCCIÓN: CMT
COSTO TOTAL: 840.31
TOTAL DE RUTAS: 6
TIEMPO DE EJECUCIÓN: 1.2470848560333252
 
R1[18, 50, 25, 24, 25, 50, 32, 3, 49]
R2[59, 14, 35, 19, 53, 35, 7, 53, 35, 8]
R3[10, 31, 65, 38, 58, 72, 39, 9, 12, 40]
R4[36, 69, 60, 20, 47, 20, 37, 37, 5, 15, 71, 70, 15, 57]
R5[1, 33, 62, 41, 42, 64, 42, 41, 41, 43, 42, 42, 41, 28]
R6[27, 52, 27, 13, 29, 74, 30, 17, 6, 2, 4, 34, 26, 46, 45, 68, 67, 75]
------------------------------------------
