 
------------------------------------------
CANTIDAD DE EJECUCIONES: 100
HEURÍSTICA DE CONSTRUCCIÓN: NearestNeighborWithRLC
COSTO TOTAL: 1772.47
TOTAL DE RUTAS: 10
TIEMPO DE EJECUCIÓN: 297 milisegundos
 
R1[75, 1, 3, 8, 4, 5, 2, 7, 10, 9, 99, 11, 13, 19, 18, 17]
R2[16, 12, 6, 23, 67, 100, 14]
R3[15, 30, 27, 28, 25, 26, 24, 20, 21, 22, 29, 34]
R4[33, 32, 35, 37, 36, 31, 52]
R5[38, 39, 49, 48, 50, 51, 46, 44, 40]
R6[42, 45, 47, 43, 72, 41, 74, 90, 98]
R7[95, 94, 97, 96, 91, 92, 93, 89, 87, 86, 88, 83]
R8[85, 84, 80, 81, 78, 82, 79, 73, 71, 77, 76, 70, 68, 65, 66]
R9[63, 69, 62, 61, 55, 57]
R10[54, 58, 53, 59, 56, 64, 60]
------------------------------------------
