 
------------------------------------------
CANTIDAD DE EJECUCIONES: 100
HEURÍSTICA DE CONSTRUCCIÓN: NearestNeighborWithRLC
COSTO TOTAL: 1833.09
TOTAL DE RUTAS: 10
TIEMPO DE EJECUCIÓN: 299 milisegundos
 
R1[75, 3, 7, 11, 10, 1, 2, 4, 5, 8, 9, 13, 18, 30, 51, 12]
R2[16, 14, 15, 19, 17, 6]
R3[21, 23, 28, 26, 25, 27, 29, 22, 20]
R4[24, 50, 52, 31, 35, 38, 33]
R5[32, 36, 37, 39, 49, 69, 74]
R6[68, 40, 42, 72, 41, 43, 44, 45, 46, 48, 34, 90, 47, 67, 89, 98, 100, 96]
R7[95, 97, 94, 92, 91, 93, 88, 99, 85, 86, 83, 87]
R8[84, 80, 82, 78, 79, 77, 76, 81, 73, 70, 66, 65, 62]
R9[63, 55, 54, 57]
R10[56, 60, 58, 59, 53, 61, 64, 71]
------------------------------------------
