 
------------------------------------------
CANTIDAD DE EJECUCIONES: 100
HEURÍSTICA DE CONSTRUCCIÓN: HeuristicType.CMT
COSTO TOTAL: 836.7
TOTAL DE RUTAS: 6
TIEMPO DE EJECUCIÓN: 1.380582332611084 milisegundos
 
R1[41, 64, 42, 43, 22, 1, 63, 23, 56, 23]
R2[18, 24, 49, 44, 9, 25, 50, 55, 25, 3, 39]
R3[52, 8, 46, 67, 46, 34, 27, 13, 52, 35, 7, 26]
R4[53, 65, 66, 65, 10, 14, 59, 11, 10, 58, 72]
R5[5, 37, 20, 70, 57, 15, 29, 47, 36, 36, 60, 71, 36, 21, 45]
R6[68, 33, 62, 28, 62, 74, 30, 2, 51, 40, 17, 12, 16, 4, 6, 75]
------------------------------------------
