 
------------------------------------------
CANTIDAD DE EJECUCIONES: 100
HEURÍSTICA DE CONSTRUCCIÓN: HeuristicType.CMT
COSTO TOTAL: 904.66
TOTAL DE RUTAS: 6
TIEMPO DE EJECUCIÓN: 1.4972879886627197 milisegundos
 
R1[7, 53, 14, 35, 8, 35, 67, 26, 34, 8, 8, 8, 52, 34]
R2[66, 59, 11, 65, 38]
R3[68, 63, 33, 23, 6, 51, 17, 51, 17, 75, 45, 56]
R4[1, 62, 74, 28, 74, 73, 1, 43, 41, 43, 64, 30, 61]
R5[9, 39, 58, 10, 72, 25, 40, 12, 3, 18, 50, 50, 50, 55, 25, 50, 49]
R6[47, 71, 60, 60, 70, 70, 57, 15, 37, 36, 21, 5, 29, 48]
------------------------------------------
