 
------------------------------------------
CANTIDAD DE EJECUCIONES: 100
HEURÍSTICA DE CONSTRUCCIÓN: HeuristicType.CMT
COSTO TOTAL: 807.57
TOTAL DE RUTAS: 6
TIEMPO DE EJECUCIÓN: 1.481834888458252 milisegundos
 
R1[18, 32, 44, 44, 44, 50, 44, 3, 40, 49, 9]
R2[13, 54, 27, 52, 8, 46, 52, 45, 75, 26, 4, 46, 34, 34, 34, 35, 29, 26]
R3[36, 37, 70, 60, 70, 71, 70, 71, 47, 48, 21, 61, 30, 74]
R4[31, 39, 72]
R5[1, 62, 73, 43, 42, 42, 43, 43, 41, 43, 42, 42, 33, 2, 16, 6, 68, 51, 17]
R6[59, 66, 65, 10, 53, 14, 59, 11, 58, 38]
------------------------------------------
