 
------------------------------------------
CANTIDAD DE EJECUCIONES: 100
HEURÍSTICA DE CONSTRUCCIÓN: HeuristicType.CMT
COSTO TOTAL: 861.36
TOTAL DE RUTAS: 6
TIEMPO DE EJECUCIÓN: 1.3476223945617676 milisegundos
 
R1[18, 50, 12, 50, 44, 50, 25, 9, 32, 50, 44, 44, 44, 17, 58]
R2[41, 42, 23, 49, 1, 73, 63, 33, 62, 22, 43, 43, 43, 1, 2, 28, 6, 51, 61, 74]
R3[4, 46, 67, 68, 75, 34, 27, 52, 13, 54, 45]
R4[7, 35, 19, 8, 14, 14, 53, 59, 11, 66, 38]
R5[31, 10, 65]
R6[5, 60, 70, 71, 71, 71, 71, 69, 71, 37, 15, 47, 30, 48, 29]
------------------------------------------
