 
------------------------------------------
HEURÍSTICA DE CONSTRUCCIÓN: NearestNeighborWithRLC
COSTO TOTAL: 42175.55
TOTAL DE RUTAS: 38
TIEMPO DE EJECUCIÓN: 3.363128900527954
 
R1[398, 366, 336, 311, 400, 399, 397, 395, 393, 396, 286, 241, 217]
R2[209, 394, 391, 185, 152, 126, 387, 386, 392]
R3[115, 88, 384, 390, 37, 381, 20, 379, 378, 10, 3, 376]
R4[388, 375, 373, 368, 385, 383, 367, 382, 372, 364, 356]
R5[354, 353, 380, 360, 377, 349, 374, 351, 346, 348]
R6[371, 347, 344, 342, 343, 339, 340, 335, 331]
R7[370, 332, 369, 365, 363, 329, 362, 323, 361, 359, 325]
R8[322, 319, 321, 318, 313, 358, 315, 310, 357, 309, 308]
R9[355, 352, 350, 312, 341, 338, 305, 334, 333, 304, 301]
R10[328, 327, 300, 302, 326, 324, 297, 299, 284, 317, 296, 316, 280]
R11[314, 279, 307, 294, 277, 278, 275, 306, 274, 303]
R12[269, 267, 268, 262, 298, 266, 295, 293, 260, 255, 292]
R13[253, 257, 249, 246, 291, 290, 240, 288, 238, 287, 237]
R14[231, 285, 225, 224, 221, 219, 230, 222, 212, 208, 206, 211]
R15[282, 201, 198, 197, 281, 196, 191, 276, 190, 273]
R16[186, 202, 272, 184, 271, 180, 179, 199, 270, 169, 167]
R17[175, 170, 164, 165, 265, 264, 157, 163, 263, 155, 159, 261]
R18[154, 150, 151, 148, 146, 259, 256, 145]
R19[149, 141, 254, 142, 252, 139, 140, 134]
R20[130, 125, 118, 251, 135, 120, 114, 112, 107]
R21[105, 102, 101, 250, 106, 100, 97, 99, 96, 248, 94]
R22[247, 91, 92, 90, 86, 84, 87, 81, 83, 245, 80]
R23[79, 82, 78, 70, 243, 242, 76, 239]
R24[236, 66, 64, 58, 235, 69, 60, 56, 54, 59, 49, 47, 234]
R25[53, 43, 41, 233, 36, 232, 229, 45, 44, 34, 33, 29]
R26[228, 25, 227, 28, 226, 27, 21, 223, 220, 15, 218]
R27[23, 18, 216, 12, 214, 213, 13, 210, 8]
R28[207, 7, 205, 4, 9, 2, 203, 195, 194, 389, 320, 193]
R29[289, 192, 204, 200, 283, 244, 189, 188, 1, 171, 187, 182]
R30[178, 177, 144, 183, 176, 138, 174, 181, 172, 173, 168]
R31[137, 162, 132, 131, 156, 161, 136, 158, 129, 128, 6, 124]
R32[133, 127, 121, 123, 122, 119, 117, 111, 113, 108, 116]
R33[109, 103, 110, 73, 72, 104, 95, 71, 98, 93, 85]
R34[63, 75, 77, 55, 52, 68, 42, 50, 38, 31]
R35[32, 30, 26, 22, 74, 67, 65, 24, 19, 17, 62]
R36[16, 11, 51, 61, 39, 14, 57, 35, 48]
R37[345, 5, 330, 337, 40, 215, 166, 258, 160, 89]
R38[46, 153, 143, 147]
------------------------------------------
