 
------------------------------------------
CANTIDAD DE EJECUCIONES: 100
HEURÍSTICA DE CONSTRUCCIÓN: HeuristicType.RandomMethod
COSTO TOTAL: 44340.77
TOTAL DE RUTAS: 3
TIEMPO DE EJECUCIÓN: 0.22906780242919922 milisegundos
 
R1[233, 253, 86, 330, 113, 317, 203, 140, 326, 301, 63, 268, 204, 117, 53, 323, 296, 154, 137, 42, 350, 147, 357, 89, 318, 6, 188, 49, 234, 269, 3, 26, 218, 145, 120, 111, 327, 335, 106, 251, 98, 151, 109, 50, 129, 5, 238, 20, 293, 328, 230, 135, 340, 100, 52, 226, 239, 255, 122, 167, 283, 244, 192, 190, 159, 276, 170, 332, 55, 288, 164, 214, 176, 351, 1, 266, 76, 126, 329, 227, 165, 133, 29]
R2[282, 299, 309, 287, 215, 300, 173, 148, 28, 7, 168, 51, 236, 95, 83, 65, 294, 241, 156, 211, 267, 210, 58, 124, 16, 108, 343, 311, 213, 31, 103, 102, 298, 247, 208, 313, 199, 319, 47, 200, 250, 169, 336, 262, 358, 104, 158, 132, 138, 265, 186, 149, 198, 257, 338, 10, 184, 43, 194, 123, 249, 349, 232, 8, 191, 217, 4, 41, 229, 334, 112, 256, 155, 181, 254, 359, 258, 216, 175, 160, 342, 185, 101, 30, 146, 223, 18, 292, 348, 38, 225, 222, 344, 337]
R3[290, 228, 179, 77, 44, 136, 305, 66, 67, 259, 346, 310, 212, 121, 87, 125, 237, 220, 61, 183, 85, 263, 73, 307, 205, 15, 274, 11, 128, 64, 69, 46, 68, 21, 189, 139, 314, 341, 127, 270, 196, 347, 81, 291, 134, 279, 275, 172, 110, 80, 2, 201, 248, 17, 23, 45, 345, 281, 285, 91, 221, 24, 60, 177, 224, 143, 144, 308, 12, 25, 339, 166, 202, 14, 206, 273, 32, 316, 187, 33, 161, 289, 260, 97, 114, 141, 150, 130, 57, 331]
------------------------------------------
