 
------------------------------------------
HEURÍSTICA DE CONSTRUCCIÓN: KilbyAlgorithm
COSTO TOTAL: 1567.84
TOTAL DE RUTAS: 5
TIEMPO DE EJECUCIÓN: 7.248553991317749
 
R1[3, 27, 76, 77, 50, 28, 89, 12, 68, 79, 33, 80, 81, 51, 30, 78, 29, 9, 24, 20, 34, 32, 71, 35, 66, 65]
R2[1, 69, 52, 18, 83, 31, 88, 7, 82, 70, 8, 62, 10, 48, 45, 19, 47, 90, 11, 46, 63, 36, 49, 64]
R3[2, 96, 94, 95, 13, 99, 97, 59, 87, 92, 5, 93, 98, 37, 57, 100, 84, 17, 16, 42, 91, 61, 85, 44, 14, 15, 43]
R4[4, 23, 25, 39, 55, 41, 22, 56, 40, 58, 6, 53, 21, 26, 73, 72, 74, 54, 75, 56, 67, 38]
R5[60]
------------------------------------------
