 
------------------------------------------
HEURÍSTICA DE CONSTRUCCIÓN: KilbyAlgorithm
COSTO TOTAL: 1586.14
TOTAL DE RUTAS: 5
TIEMPO DE EJECUCIÓN: 7.279857158660889
 
R1[3, 27, 76, 77, 89, 28, 50, 12, 68, 79, 33, 80, 81, 51, 30, 78, 29, 9, 24, 20, 34, 32, 71, 35, 66, 65]
R2[1, 69, 11, 46, 63, 36, 49, 64, 90, 47, 19, 45, 48, 10, 62, 8, 70, 82, 7, 88, 31, 83, 18, 52]
R3[2, 95, 13, 99, 97, 59, 87, 92, 5, 93, 98, 37, 85, 84, 100, 57, 61, 91, 42, 16, 17, 44, 14, 15, 43, 94, 96]
R4[4, 40, 58, 6, 53, 21, 26, 73, 72, 74, 54, 75, 56, 22, 41, 55, 23, 25, 39, 25, 67, 38]
R5[60]
------------------------------------------
