 
------------------------------------------
CANTIDAD DE EJECUCIONES: 100
HEURÍSTICA DE CONSTRUCCIÓN: HeuristicType.Sweep
COSTO TOTAL: 45552.32
TOTAL DE RUTAS: 3
TIEMPO DE EJECUCIÓN: 40.89653658866882 milisegundos
 
R1[258, 8, 243, 69, 44, 28, 105, 41, 187, 255, 123, 321, 348, 61, 235, 124, 253, 111, 320, 272, 157, 144, 274, 113, 276, 15, 203, 223, 156, 332, 268, 62, 37, 67, 27, 161, 233, 71, 118, 237, 168, 254, 151, 349, 194, 325, 275, 10, 356, 256, 167, 138, 86, 183, 75, 343, 309, 251, 323, 70, 58, 230, 217, 120, 257, 210, 345, 216, 290, 248, 209, 339, 83, 200, 229, 33, 147, 99, 82, 358, 281, 344, 133, 300, 269, 264, 219, 128, 38, 95, 346, 236, 47, 3, 76]
R2[4, 36, 85, 164, 293, 355, 308, 331, 135, 273, 330, 59, 270, 66, 313, 134, 50, 130, 116, 148, 354, 11, 80, 143, 247, 206, 153, 72, 335, 327, 104, 191, 215, 299, 295, 292, 150, 241, 54, 319, 314, 285, 244, 218, 178, 137, 93, 298, 260, 302, 318, 172, 9, 48, 263, 286, 249, 208, 287, 228, 29, 77, 288, 189, 197, 347, 184, 91, 98, 202, 154, 88, 310, 2, 333, 312, 121, 234, 226, 94, 163, 79, 102, 212]
R3[334, 181, 279, 169, 114, 56, 266, 20, 89, 152, 112, 328, 65, 329, 1, 60, 204, 357, 238, 32, 12, 326, 186, 97, 324, 245, 304, 283, 284, 311, 127, 22, 195, 141, 158, 122, 6, 78, 109, 193, 207, 185, 107, 280, 173, 259, 201, 338, 205, 162, 18, 25, 297, 108, 179, 84, 289, 136, 19, 103, 131, 45, 106, 359, 39, 221, 341, 16, 101, 132, 68, 165, 81, 246, 267, 277, 90, 64, 145, 30, 192, 171, 23, 282, 301, 353]
------------------------------------------
